% AprilTagFinder log 18
% @ Wed Mar  7 16:07:16 2018

K=[1664.010615128407, 0, 667.9657771371558;
  0, 1668.819944196452, 457.9230104705811;
  0, 0, 1];
distCoeffs=[-0.2237256636237109;
  0.2343996528647796;
  0;
  0;
  0];
tags={};

tag.id=14;
tag.hammingDistance=0;
tag.familyName='Tag16h5';
tag.H=[-8.234956618432745, 20.92059418316278, 240.6886068988472;
  0.2511096440143958, 31.57689888385588, 250.312597501525;
  0.004092009784844143, 0.08928744209938087, 0.9952879438957455];
tag.p=[252.8005572113017, 242.2469584318582;
  232.4302786864282, 240.6203825160724;
  232.7379743765069, 259.1614363790669;
  249.7439235454985, 260.6596204461682]';
tag.c=[241.8281145421559;
  251.4976686261808];
tag.uH=[-8.846056032180519, 20.41387028141237, 233.5133450588227;
  -0.06632998048918198, 31.54249263183013, 246.9516229686606;
  0.003430085699305003, 0.08957325164242046, 0.996145337190947]';
tag.up=[245.7470673486323, 238.582709179603;
  224.4532500528183, 236.6403871046355;
  225.0199002717831, 255.6367154208025;
  242.7936697459984, 257.3813827973099]';
tag.uc=[234.42, 247.909];
tags{1}=tag;

