% AprilTagFinder log 21
% @ Wed Mar  7 16:07:22 2018

K=[1664.010615128407, 0, 667.9657771371558;
  0, 1668.819944196452, 457.9230104705811;
  0, 0, 1];
distCoeffs=[-0.2237256636237109;
  0.2343996528647796;
  0;
  0;
  0];
tags={};

tag.id=14;
tag.hammingDistance=0;
tag.familyName='Tag16h5';
tag.H=[89.61216388423804, -11.42645493566639, 430.9196403076884;
  42.47135566814192, -0.4213556007261958, 271.6952099120305;
  0.1953432990543445, -0.003064064273132302, 0.9800730680590332];
tag.p=[447.7490384654009, 291.504198362554;
  451.3933748579357, 266.9436952896863;
  434.2596914108975, 267.6202445453803;
  422.023148119404, 292.7114459009544]';
tag.c=[439.6811363882235;
  277.2193408498654];
tag.uH=[89.5723359656422, -11.74262862832044, 431.118911812245;
  42.23912882378244, -0.5594068449883418, 271.5763519978195;
  0.1959475799365098, -0.003364457192112392, 0.9839829503268122]';
tag.up=[446.411515607955, 290.493426127682;
  449.9562332993487, 265.6763855688332;
  432.571891169932, 266.2458984166228;
  420.3048972510965, 291.5572136500837]';
tag.uc=[438.141, 276];
tags{1}=tag;

