% AprilTagFinder log 11
% @ Wed Mar  7 16:06:15 2018

K=[1664.010615128407, 0, 667.9657771371558;
  0, 1668.819944196452, 457.9230104705811;
  0, 0, 1];
distCoeffs=[-0.2237256636237109;
  0.2343996528647796;
  0;
  0;
  0];
tags={};

tag.id=0;
tag.hammingDistance=0;
tag.familyName='Tag16h5';
tag.H=[12.09855274459235, 13.66980776997795, 476.4654406648892;
  -6.805428620381127, -6.387667588088656, 221.5588729595236;
  -0.007741892035756716, 0.03993794068895472, 0.9975585844959137];
tag.p=[466.8682110776982, 243.1749321648017;
  499.9524252479454, 232.8098312704414;
  487.7218174232138, 202.3450733247459;
  457.3470395026368, 212.3693794015629]';
tag.c=[477.6315377062859;
  222.1011140628715];
tag.uH=[12.44563110438081, 12.9749267422606, 475.2960838489139;
  -6.691209168805978, -6.958355593179628, 219.9405345570171;
  -0.007408352346419868, 0.03897223276437022, 0.99801923042174]';
tag.up=[465.4843435078866, 241.6971275992364;
  498.8977679585499, 231.3967456274683;
  486.3239727080934, 200.362991543433;
  455.600413342035, 210.333043980162]';
tag.uc=[476.244, 220.381];
tags{1}=tag;

tag.id=6;
tag.hammingDistance=0;
tag.familyName='Tag16h5';
tag.H=[8.204625133556275, -9.116454251736664, 537.3623588733035;
  -8.788380756092373, -17.6060718094854, 251.3359648296507;
  -0.01555406531118854, -0.00627856985702104, 0.9984863654366294];
tag.p=[527.5548016575191, 272.1995936864761;
  560.7332623310444, 262.9911010658993;
  549.2740294020964, 230.3185922427705;
  516.0358807668385, 240.6503790110563]';
tag.c=[538.1769621243848;
  251.7169723391703];
tag.uH=[8.453938270151061, -9.705883950000411, 536.8905027465535;
  -8.698413717956809, -18.03723798452786, 250.4238750920426;
  -0.01530783965326924, -0.007173664168488597, 0.9987550288779381]';
tag.up=[526.9468611405916, 271.3954628867322;
  560.3093373464402, 262.2204718696833;
  548.6510505707149, 229.1239621426112;
  515.185253475835, 239.4339098741517]';
tag.uc=[537.562, 250.74];
tags{2}=tag;

tag.id=5;
tag.hammingDistance=0;
tag.familyName='Tag16h5';
tag.H=[12.31620124328404, 3.477052750224197, 491.4247136902023;
  -6.982048043745442, -11.03095909021602, 264.710320988716;
  -0.007996359596745866, 0.01797896499688703, 0.9985344591068156];
tag.p=[481.1396164129035, 285.9974689871633;
  514.3788633826061, 276.3423040283456;
  502.9344425933724, 244.6139213076774;
  471.0404652789956, 254.4254960657935]';
tag.c=[492.1459737401345;
  265.098834170929];
tag.uH=[12.64164014334082, 2.913065350618742, 490.6023659387473;
  -6.851136458035903, -11.4797147167154, 263.733492751463;
  -0.007648690297388683, 0.01715347050676473, 0.9988101953153531]';
tag.up=[480.178270351066, 285.1127966179746;
  513.6850630723624, 275.5220469674788;
  501.9784355743776, 243.3782469612337;
  469.7835331604325, 253.1266149849938]';
tag.uc=[491.191, 264.052];
tags{3}=tag;

