% AprilTagFinder log 31
% @ Wed Mar  7 16:07:34 2018

K=[1664.010615128407, 0, 667.9657771371558;
  0, 1668.819944196452, 457.9230104705811;
  0, 0, 1];
distCoeffs=[-0.2237256636237109;
  0.2343996528647796;
  0;
  0;
  0];
tags={};

tag.id=28;
tag.hammingDistance=0;
tag.familyName='Tag16h5';
tag.H=[18.07020885937001, 3.979862664938367, 436.1912458852065;
  2.325610468819576, -18.02479550221879, 68.16679404595324;
  -0.00179684341602293, 0.005909704407891598, 0.9821185087814158];
tag.p=[423.4547881159223, 85.7520396420034;
  462.105977883493, 90.84165995870023;
  464.6387566386735, 53.2001015386636;
  426.4399015502774, 48.30791841025352]';
tag.c=[444.1330063379214;
  69.40791099694539];
tag.uH=[18.7806978914645, 2.942381915391289, 432.5050943787678;
  2.708477714390944, -18.85054619200076, 62.17045325512106;
  -0.001237280713685568, 0.004071901514654063, 0.9815730739147712]';
tag.up=[419.6844311107149, 80.01316699413024;
  459.2589477185826, 85.76494424406195;
  461.4017708003998, 46.75687367142945;
  422.219875775883, 41.15097821957932]';
tag.uc=[440.637, 63.3393];
tags{1}=tag;

