% AprilTagFinder log 53
% @ Wed Mar  7 16:05:42 2018

K=[1664.010615128407, 0, 667.9657771371558;
  0, 1668.819944196452, 457.9230104705811;
  0, 0, 1];
distCoeffs=[-0.2237256636237109;
  0.2343996528647796;
  0;
  0;
  0];
tags={};

tag.id=24;
tag.hammingDistance=0;
tag.familyName='Tag36h11';
tag.H=[26.88269561415377, 2.868227694877608, 531.0894629206744;
  -0.6557406941737943, -28.40035300936539, 91.79784674760738;
  -0.007001523750684018, 0.001921366257694646, 0.9768771405654666];
tag.p=[510.5502455177009, 123.0745376505691;
  573.4815777919988, 123.5001127315661;
  577.1168217218861, 64.56261352623365;
  514.379163395059, 64.97589008506081]';
tag.c=[543.6604470171678;
  93.97071846155605];
tag.uH=[27.57329536543294, 1.161543446484381, 530.4668972779374;
  -0.3805091691160708, -29.60657130714385, 87.7989728777217;
  -0.006631914843276857, -0.0009105787260280292, 0.9783644941993351]';
tag.up=[508.8548563471007, 119.4681687696162;
  572.5817965505183, 120.3153744134916;
  575.9586270935805, 59.54782940850077;
  512.2462915315543, 59.51899617682756]';
tag.uc=[542.218, 89.7463];
tags{1}=tag;

