% AprilTagFinder log 75
% @ Fri Mar 16 13:46:45 2018

K=[1664.010615128407, 0, 667.9657771371558;
  0, 1668.819944196452, 457.9230104705811;
  0, 0, 1];
distCoeffs=[-0.2237256636237109;
  0.2343996528647796;
  0;
  0;
  0];
tags={};

tag.id=1;
tag.hammingDistance=0;
tag.familyName='Tag36h11';
tag.H=[15.43124398199843, -15.30235119090392, 960.1067313978619;
  -6.694019825846263, -5.492736607561332, 273.222157747351;
  0.01587089827530411, 0.0009150315685344592, 0.9992859666282505];
tag.p=[977.0766439344303, 290.4925226413862;
  976.9270937215169, 268.2011977701705;
  945.0469278040243, 256.9064278032749;
  944.1681569009165, 278.7920850815457]';
tag.c=[960.7927694986195;
  273.4173868860041];
tag.uH=[15.13047526867947, -15.18661707121755, 963.0174972725307;
  -7.011918947183617, -5.321241349550722, 271.5070906895152;
  0.01541361782826524, 0.001368316348639544, 0.9994182488855748]';
tag.up=[980.0993599955573, 288.8552627484315;
  980.1352232719531, 266.2312030782288;
  947.6173652926093, 255.0416291380763;
  946.5422619544142, 277.2523603493853]';
tag.uc=[963.569, 271.668];
tags{1}=tag;

tag.id=2;
tag.hammingDistance=0;
tag.familyName='Tag36h11';
tag.H=[-14.46613427470437, -6.690189227608988, 502.8488408293965;
  7.255603339117417, 8.959554176622829, 331.0194835852344;
  0.00268105830636666, -0.0125280440711114, 0.9991876088340993];
tag.p=[519.3133784873208, 311.9856620918424;
  488.0466294010308, 324.6417590948224;
  486.8823801378624, 350.9758247101038;
  518.938963123584, 338.1409575915446]';
tag.c=[503.2576829251765;
  331.2886195331066];
tag.uH=[-14.6558660573845, -6.532443643975972, 502.3523435575591;
  7.186806147828515, 9.117857984913934, 330.6304948957555;
  0.002515889148666605, -0.0123079659936948, 0.9993448871610624]';
tag.up=[518.7968570453277, 311.4785746158925;
  487.3245513987473, 324.1068551618825;
  486.2403107624262, 350.5966209073048;
  518.5020488198078, 337.7897825859932]';
tag.uc=[502.688, 330.851];
tags{2}=tag;

tag.id=16;
tag.hammingDistance=0;
tag.familyName='Tag36h11';
tag.H=[3.092373042594939, -13.82386172569524, 494.2034601121994;
  -8.05629405255948, 12.82230261635755, 446.5994765899932;
  0.01633847885664348, 0.004936363695316218, 0.9991229026166283];
tag.p=[516.3736263504031, 451.8426594791987;
  505.7961810825735, 421.2868285608546;
  473.8073694480977, 442.3426916522807;
  483.2207962065481, 473.2896980565631]';
tag.c=[494.6373051983068;
  446.9915316928303];
tag.uH=[2.989061436832314, -14.1642603201144, 493.8615781934122;
  -8.149033159771182, 12.646603375643, 446.6489933605563;
  0.01622735530980698, 0.004490764597711311, 0.999295609927477]';
tag.up=[516.0926124523979, 451.8313880306147;
  505.4355048404789, 421.2053471935862;
  473.2154101732764, 442.2951896443124;
  482.7103171812948, 473.3321585968211]';
tag.uc=[494.217, 446.965];
tags{3}=tag;

tag.id=0;
tag.hammingDistance=0;
tag.familyName='Tag36h11';
tag.H=[5.683838834708464, -30.31993130041948, 911.8979621356573;
  -21.17830297789783, -9.692493772437574, 639.5361004853409;
  0.002947753954689909, -0.009879125348249451, 0.9994761131202476];
tag.p=[930.57143255826, 666.1386243163206;
  936.3814385273701, 620.4173019152038;
  893.9263212723432, 613.2371450340225;
  887.7462850822152, 659.8311612446322]';
tag.c=[912.3759439220797;
  639.8713206749723];
tag.uH=[6.20053313500829, -29.84291165067969, 913.8074286375604;
  -21.01152340171637, -9.280783575798774, 640.9512742825983;
  0.003626611058283599, -0.008918101764938558, 0.999577317369052]';
tag.up=[932.907906065376, 667.9911749201466;
  938.4812979599643, 621.6885212206104;
  895.2810899104211, 614.1683461840378;
  889.3026458931813, 661.2609601663725]';
tag.uc=[914.18, 641.214];
tags{4}=tag;

tag.id=3;
tag.hammingDistance=0;
tag.familyName='Tag36h11';
tag.H=[0.2258531534895028, -14.83961136054101, 559.5533459658644;
  -27.12494258850752, -2.526065372954658, 764.3759577754081;
  -0.009435048152245931, 0.007964048743242989, 0.9994015917902147];
tag.p=[573.6665278094636, 793.3347088518923;
  585.150051519468, 753.3352353032077;
  546.0696284082297, 736.2485481688483;
  535.4912595069424, 775.9385332545105]';
tag.c=[559.8883877736716;
  764.8336405050062];
tag.uH=[1.023749222829656, -14.90474010422229, 558.7065021800908;
  -26.77375987524313, -2.471259530547072, 767.0454774745114;
  -0.008307941138507212, 0.008139137878131909, 0.9995160912270523]';
tag.up=[572.7639480158895, 796.5450824619231;
  584.532486430876, 755.5381535948629;
  545.1773289732314, 738.2859359175461;
  534.2504643090531, 778.9171599412369]';
tag.uc=[558.983, 767.403];
tags{5}=tag;

tag.id=11;
tag.hammingDistance=0;
tag.familyName='Tag36h11';
tag.H=[-4.926359151100345, 2.825557792854662, 470.201343543168;
  -1.033056627137781, 25.97694131998152, 871.1532392158151;
  0.01280551246674399, 0.02029018097836345, 0.999454031739507];
tag.p=[488.7443158352793, 875.6682909328558;
  466.193255298121, 850.9771294970617;
  453.344309496793, 867.8488813199205;
  474.6597388380479, 891.9740962770983]';
tag.c=[470.4581987875948;
  871.6291210508302];
tag.uH=[-4.853049347828684, 2.155274647390196, 467.0313266783052;
  -0.9266730743415317, 25.87223329936901, 877.9897326997894;
  0.0132562092675554, 0.01952891373720631, 0.9995601311472095]';
tag.up=[485.8720409016365, 882.3632441432769;
  463.1300211392036, 856.9443285622824;
  449.7849871624006, 874.6471681996104;
  471.2889240607386, 899.5429535513849]';
tag.uc=[467.241, 878.369];
tags{6}=tag;

tag.id=10;
tag.hammingDistance=0;
tag.familyName='Tag36h11';
tag.H=[6.420961935883636, 19.33954845386645, 588.3527707568356;
  31.07309262663456, 10.39896899825051, 951.0859977963784;
  0.01878326238862365, 0.002377885637099397, 0.9995066195036965];
tag.p=[575.0445796178572, 929.7471728441197;
  566.4212907810671, 956.5396658438843;
  601.6779413276462, 972.4594926944767;
  611.6067512961039, 946.4049415331068]';
tag.c=[588.6431958289395;
  951.5554767097378];
tag.uH=[5.618710188155203, 19.42894441018935, 586.8888801278694;
  31.00569750435542, 10.39609678094569, 960.6623890270403;
  0.01775233267415224, 0.001996217236925914, 0.9996078727096556]';
tag.up=[573.3881059701371, 938.1582169567082;
  564.4074800596037, 966.4281354449791;
  600.3150387725802, 983.0385541125138;
  610.5589525069075, 955.4865530101239]';
tag.uc=[587.121, 961.026];
tags{7}=tag;

tag.id=4;
tag.hammingDistance=0;
tag.familyName='Tag36h11';
tag.H=[-15.2603293310476, -19.75824913122199, 718.0667371967179;
  -32.89910105789638, -1.339634369232007, 1014.303331407948;
  -0.01969729055583162, -0.001022923322166408, 0.9995889578601658];
tag.p=[738.0952132146937, 1027.670921598025;
  736.6234164540231, 1001.864865820391;
  697.7934099271756, 1001.221667364499;
  700.7704194107055, 1027.104455520126]';
tag.c=[718.3620142562335;
  1014.72042426247];
tag.uH=[-14.61589287151569, -20.06350917031271, 719.3199854400286;
  -32.95895784423346, -1.225557550647224, 1027.549447932519;
  -0.01866216131942555, -0.000806975218230747, 0.9996772374760677]';
tag.up=[739.8331896001364, 1041.79064750171;
  738.1875072439836, 1014.256414010685;
  698.4634261233746, 1013.4257501375;
  701.5732605084359, 1041.034260099028]';
tag.uc=[719.552, 1027.87];
tags{8}=tag;

tag.id=8;
tag.hammingDistance=0;
tag.familyName='Tag36h11';
tag.H=[-7.871381446510513, 0.6597446479424355, 588.4894911358114;
  0.1322660531311733, 17.96677142356858, 1060.836873803454;
  0.00745321525107793, 0.01234119329798771, 0.9997375019330315];
tag.p=[607.8935929608813, 1064.079989304219;
  582.9608911867409, 1048.402138605644;
  570.1418939034282, 1058.265955373546;
  594.2718248019995, 1073.704978292436]';
tag.c=[588.6440090503197;
  1061.115414548603];
tag.uH=[-8.045463962829517, 0.2170159507346968, 586.3350592358181;
  0.004534384590573229, 18.22033019457244, 1077.489190309704;
  0.007694199660436257, 0.01200508904459477, 0.9997832811036353]';
