% AprilTagFinder log 28
% @ Fri Mar 16 13:46:27 2018

K=[1664.010615128407, 0, 667.9657771371558;
  0, 1668.819944196452, 457.9230104705811;
  0, 0, 1];
distCoeffs=[-0.2237256636237109;
  0.2343996528647796;
  0;
  0;
  0];
tags={};

tag.id=1;
tag.hammingDistance=0;
tag.familyName='Tag36h11';
tag.H=[18.75056998674542, -15.11002657583475, 960.0524551791591;
  -5.740214028555545, -5.406212586374899, 273.1880885857694;
  0.01925725367986453, 0.001105955655387817, 0.9992296327584994];
tag.p=[977.0606988679092, 290.4732539566922;
  976.9330460880803, 268.1926492701218;
  945.1743468609581, 257.0061804599685;
  944.054950380365, 278.79740112914]';
tag.c=[960.7926183382025;
  273.3987059927348];
tag.uH=[18.45675133984182, -14.98927296212533, 962.9752103796997;
  -6.065353357849651, -5.23333333058606, 271.4762618210081;
  0.01879612293778618, 0.001564220755161712, 0.9993744547278817]';
tag.up=[980.0831766185611, 288.8358502731203;
  980.1414020735212, 266.2224647193626;
  947.7466286199327, 255.1418272135222;
  946.4266963810803, 277.2586213117692]';
tag.uc=[963.569, 271.649];
tags{1}=tag;

tag.id=2;
tag.hammingDistance=0;
tag.familyName='Tag36h11';
tag.H=[-14.28285397617157, -6.341373456455949, 502.8535969434819;
  7.347107728471478, 9.184919935106686, 331.0379170992556;
  0.003006820721317284, -0.01184746079359627, 0.9991961014693067];
tag.p=[519.3043098563624, 311.9984386230854;
  488.0547601267142, 324.6388053459698;
  486.9255416945002, 350.9547413133263;
  518.9204269375285, 338.170869669353]';
tag.c=[503.2581654432411;
  331.3042521007318];
tag.uH=[-14.47280321978278, -6.183608862571437, 502.3562845600019;
  7.278007414733671, 9.343148549103402, 330.6484474970557;
  0.002841317898636645, -0.01162667874066381, 0.9993516218159294]';
tag.up=[518.7877688964284, 311.4914073136359;
  487.3327454419331, 324.103912291901;
  486.2837862753595, 350.5755578338091;
  518.4834773372145, 337.8197976634852]';
tag.uc=[502.689, 330.866];
tags{2}=tag;

tag.id=16;
tag.hammingDistance=0;
tag.familyName='Tag36h11';
tag.H=[2.74253132599932, -13.96689582057807, 494.2216935066804;
  -8.324826458190081, 12.70127203000064, 446.6031515438009;
  0.01568399143008467, 0.004627889374299916, 0.9991353936806144];
tag.p=[516.3811977871559, 451.794118300782;
  505.7765015936947, 421.2835436170222;
  473.783530645173, 442.3765783703094;
  483.2732255473813, 473.2709753111079]';
tag.c=[494.649370478276;
  446.989621595332];
tag.uH=[2.638624392479555, -14.30699682222552, 493.8785971731534;
  -8.418073033862928, 12.52563054275478, 446.6514908626426;
  0.01557146521245749, 0.004182367413783996, 0.9993054574015867]';
tag.up=[516.1002186860692, 451.7827577084321;
  505.4156954827001, 421.2020354932573;
  473.1913713182324, 442.329169480284;
  482.7631860137091, 473.313359634475]';
tag.uc=[494.229, 446.963];
tags{3}=tag;

tag.id=0;
tag.hammingDistance=0;
tag.familyName='Tag36h11';
tag.H=[5.778921668048204, -30.55564862073123, 911.9014387611078;
  -21.12060627142901, -9.844313434344548, 639.5228517685485;
  0.003047281180572989, -0.01013296217241165, 0.9994730768015778];
tag.p=[930.5747513112715, 666.1188592151033;
  936.3875969963314, 620.3964836016871;
  893.9298458991157, 613.22618025214;
  887.7352027499692, 659.8437325455366]';
tag.c=[912.3821941050091;
  639.8600088509548];
tag.uH=[6.295559268654306, -30.07950381076197, 913.8116194838507;
  -20.9539465893331, -9.433125255613918, 640.938410684191;
  0.003725833136854098, -0.009172383596197813, 0.999575027066594]';
tag.up=[932.9111227564606, 667.9711296393848;
  938.4874327828672, 621.6674965671102;
  895.2846036894579, 614.1572936821608;
  889.2914881225732, 661.2736232835891]';
tag.uc=[914.186, 641.203];
tags{4}=tag;

tag.id=6;
tag.hammingDistance=0;
tag.familyName='Tag36h11';
tag.H=[13.17977784250049, 31.84522231611728, 1045.961360081973;
  30.15230424439602, 17.81944536397091, 727.3508592594152;
  0.01827016290481095, 0.01873699387179882, 0.9994724556222411];
tag.p=[1039.971374681108, 705.8738745863222;
  1028.318450121705, 740.419973506253;
  1052.588345385384, 748.0345967185584;
  1064.691445604671, 715.0614141963567]';
tag.c=[1046.513442364741;
  727.734771646697];
tag.uH=[12.9079233118001, 31.58817693945913, 1052.440807353582;
  30.32267326723162, 17.57502558653869, 731.9659426762689;
  0.0178764824959116, 0.01787702083235544, 0.9995900631505669]';
tag.up=[1045.763698207616, 709.7346004278625;
  1034.189350113599, 745.0224408731796;
  1059.491285123157, 753.2413187427516;
  1071.56404511902, 719.5159010345612]';
tag.uc=[1052.86, 732.26];
tags{5}=tag;

tag.id=3;
tag.hammingDistance=0;
tag.familyName='Tag36h11';
tag.H=[0.7857297284888194, -14.53970002742336, 559.5535930232476;
  -26.38447529742835, -2.106368763061504, 764.3590843031307;
  -0.008468234738712294, 0.008498822621783607, 0.9994058008911907];
tag.p=[573.6659823656486, 793.3456003748005;
  585.1550812350455, 753.3100487355131;
  546.1074149938623, 736.2832177294757;
  535.4611340207267, 775.9329506241161]';
tag.c=[559.886276950046;
  764.813535824523];
tag.uH=[1.583313116587134, -14.60603496825924, 558.705847061205;
  -26.03029799080524, -2.050918929192621, 767.0267941948177;
  -0.007340438705203302, 0.008672609994813094, 0.9995185169147579]';
tag.up=[572.7633434884837, 796.5562698217543;
  584.5376550821001, 755.5124174111904;
  545.2152967996529, 738.3210771022084;
  534.2200108682746, 778.9116349188819]';
tag.uc=[558.981, 767.383];
tags{6}=tag;

tag.id=11;
tag.hammingDistance=0;
tag.familyName='Tag36h11';
tag.H=[-5.60345773711596, 2.442645393825595, 470.2402351358562;
  -2.282708338979794, 25.27544822562236, 871.1956861488247;
  0.01135849628912298, 0.01949762635688242, 0.9994874150878041];
tag.p=[488.7319366750598, 875.6716336553286;
  466.2278020641043, 851.0001402455289;
  453.3239698090253, 867.8546458419016;
  474.6662744905723, 891.9513355760906]';
tag.c=[470.4813968013253;
  871.6424769313288];
tag.uH=[-5.526246872235051, 1.774940936556626, 467.0673803898976;
  -2.187021347794679, 25.16517481569835, 878.0268600045769;
  0.01180753613627778, 0.01873653260632512, 0.9995868880497578]';
tag.up=[485.8593670827477, 882.3668648075316;
  463.1650312547461, 856.9678077531714;
  449.7640964253089, 874.653436515849;
  471.295889384503, 899.5190870835654]';
tag.uc=[467.264, 878.382];
tags{7}=tag;

tag.id=10;
tag.hammingDistance=0;
tag.familyName='Tag36h11';
tag.H=[6.04868321635037, 18.45444928261823, 588.3323251828641;
  30.45000159248458, 8.976072891473596, 951.0771280960207;
  0.01811129589621813, 0.0008709214105985132, 0.9995214038654375];
tag.p=[575.0195406904193, 929.7446406111176;
  566.4321489844067, 956.518112211373;
  601.7017955974327, 972.5082778203105;
  611.5745629623119, 946.3719359234012]';
tag.c=[588.6140335840867;
  951.5325278857773];
tag.uH=[5.247094256180951, 18.54463871940208, 586.8656044583807;
  30.3756821065406, 8.957187791237928, 960.6487635063264;
  0.01707906367897207, 0.0004868944925597238, 0.9996186968023797]';
tag.up=[573.3626051318569, 938.1557185220208;
  564.4187264935199, 966.4053053507795;
  600.3391611566101, 983.0900688889665;
  610.5262827593283, 955.4519202119686]';
tag.uc=[587.092, 961.002];
tags{8}=tag;

tag.id=4;
tag.hammingDistance=0;
tag.familyName='Tag36h11';
tag.H=[-16.78635166947696, -19.97515391503413, 718.0182226116304;
  -35.09276757070742, -1.692934359741493, 1014.296935916811;
  -0.02187190843410308, -0.001344490795535377, 0.9995437159993736];
tag.p=[737.9831467392864, 1027.692243954885;
  736.6649830699698, 1001.921116480071;
  697.7749217148991, 1001.21262326301;
  700.7642867186468, 1027.082067690037]';
tag.c=[718.3459923948743;
  1014.759954648594];
tag.uH=[-16.14495942688642, -20.28027968607358, 719.2790396600423;
  -35.18232447780612, -1.584016560766262, 1027.556205455267;
  -0.02083867048514741, -0.001127777877018246, 0.9996428885248165]';
tag.up=[739.7183865636802, 1041.812829607765;
  738.2303420680405, 1014.316490176358;
  698.4444997638128, 1013.416086464711;
  701.5669194415436, 1041.010312896498]';
