% AprilTagFinder log 9
% @ Fri Mar 16 13:46:21 2018

K=[1664.010615128407, 0, 667.9657771371558;
  0, 1668.819944196452, 457.9230104705811;
  0, 0, 1];
distCoeffs=[-0.2237256636237109;
  0.2343996528647796;
  0;
  0;
  0];
tags={};

tag.id=1;
tag.hammingDistance=0;
tag.familyName='Tag36h11';
tag.H=[16.51900282893799, -13.80713529578784, 960.0711566504314;
  -6.377681793917767, -5.026282847639278, 273.2328288423124;
  0.01699168145421524, 0.002459690598114461, 0.9992674741775582];
tag.p=[977.0805838368667, 290.5002202622411;
  976.916371466299, 268.1806799799477;
  945.0919925028228, 257.0177877534525;
  944.1571206408933, 278.8405946969979]';
tag.c=[960.7749491102097;
  273.4331256675748];
tag.uH=[16.22031872765111, -13.68436357196135, 962.9847566099884;
  -6.697835508972246, -4.856117989226784, 271.5191672223571;
  0.01653318274125539, 0.002915997063882198, 0.9994033611514348]';
tag.up=[980.1033353852677, 288.8630372888887;
  980.1244162833295, 266.2104559018114;
  947.6624278701918, 255.1543267695111;
  946.5306277547119, 277.3016131257211]';
tag.uc=[963.551, 271.684];
tags{1}=tag;

tag.id=2;
tag.hammingDistance=0;
tag.familyName='Tag36h11';
tag.H=[-13.9491691939718, -6.05905025406648, 502.8504471173576;
  7.555835190653744, 9.341558258541747, 331.0478619509307;
  0.003665483425294701, -0.0113412649950917, 0.9992008079238912];
tag.p=[519.287737962323, 312.00493861885;
  488.0266618812645, 324.6496605387873;
  486.9692794792719, 350.9192871102254;
  518.9429474050226, 338.1788193140719]';
tag.c=[503.2526426416377;
  331.3126443910427];
tag.uH=[-14.14006224105214, -5.900592901300757, 502.3526722815892;
  7.48601145388045, 9.500096598665991, 330.6581267818074;
  0.003498841116792847, -0.0111189054898859, 0.9993554073239916]';
tag.up=[518.771103349673, 311.4978944921709;
  487.3044308204863, 324.1147343068903;
  486.3277987932602, 350.5400487119402;
  518.5061663479604, 337.8278529924391]';
tag.uc=[502.683, 330.875];
tags{2}=tag;

tag.id=16;
tag.hammingDistance=0;
tag.familyName='Tag36h11';
tag.H=[3.451390016847085, -14.11693778738312, 494.19443123547;
  -7.732942784368068, 12.57709297310149, 446.5721075981064;
  0.01705705800362354, 0.004333921583637049, 0.9991133003868093];
tag.p=[516.3633562064415, 451.7928536684552;
  505.7761713491429, 421.2756690062042;
  473.8136752128271, 442.3462661012161;
  483.2024089884083, 473.3240054604594]';
tag.c=[494.6330221448771;
  446.9684343359405];
tag.uH=[3.348135103770789, -14.45685600340792, 493.8533727568488;
  -7.825414644671379, 12.40169162367136, 446.6223451127879;
  0.01694662931407957, 0.003888759472572419, 0.9992877642434022]';
tag.up=[516.0822780185247, 451.7814880625829;
  505.4153556509159, 421.1941413643162;
  473.2217748684651, 442.2987781767235;
  482.6917632250821, 473.366570460878]';
tag.uc=[494.212, 446.942];
tags{3}=tag;

tag.id=0;
tag.hammingDistance=0;
tag.familyName='Tag36h11';
tag.H=[5.815798208168538, -30.7913305832222, 911.8996746151205;
  -21.08526396712885, -10.01556860405058, 639.537957031167;
  0.003091721411229431, -0.0103985555097595, 0.9994705058757071];
tag.p=[930.5684283817395, 666.1242391684219;
  936.3707060679752, 620.4270415414729;
  893.929265371505, 613.2426955021914;
  887.7384354366483, 659.8587205789953]';
tag.c=[912.3827759340837;
  639.8767680201053];
tag.uH=[6.332586601157347, -30.3157887943506, 913.8106035366396;
  -20.91844980972737, -9.604853602994211, 640.9541682257099;
  0.003770380149998141, -0.009438201340537751, 0.9995731527255246]';
tag.up=[932.9047212285629, 667.9765397411742;
  938.4704266430906, 621.6983038053141;
  895.2841059556276, 614.1739672507304;
  889.2948720701302, 661.2888354042553]';
tag.uc=[914.187, 641.22];
tags{4}=tag;

tag.id=6;
tag.hammingDistance=0;
tag.familyName='Tag36h11';
tag.H=[17.37974536158536, 31.7337303396247, 1033.821319870253;
  32.61107475895833, 15.87307290792466, 704.3114262197727;
  0.02128496088472953, 0.01792997223523465, 0.9994050595491829];
tag.p=[1025.53423229939, 683.0181445333103;
  1016.66130070055, 719.0647746348427;
  1042.667003538447, 724.8036617820615;
  1052.331941406843, 690.300060666312]';
tag.c=[1034.436748135531;
  704.730699019552];
tag.uH=[17.08992695728937, 31.46911150549677, 1039.54440172155;
  32.73135394731832, 15.60115284558042, 708.1655525360823;
  0.02082271773042086, 0.01708750228718526, 0.9995371749814839]';
tag.up=[1030.530173913102, 686.1631706984339;
  1021.826312299721, 722.9329064283131;
  1048.827801119119, 729.1916849724826;
  1058.371582863682, 693.9514592451819]';
tag.uc=[1040.02, 708.488];
tags{5}=tag;

tag.id=3;
tag.hammingDistance=0;
tag.familyName='Tag36h11';
tag.H=[0.4929717141358241, -14.52522845040373, 559.5444888402067;
  -26.78061330762179, -2.078385589676321, 764.3701484494788;
  -0.008984346660280846, 0.008524626023624242, 0.9994011417992157];
tag.p=[573.6565627532619, 793.3395306766015;
  585.1586427483477, 753.3087074092643;
  546.0903117512902, 736.2905711690275;
  535.4714058994695, 775.9509566570662]';
tag.c=[559.8797774363777;
  764.8281720725153];
tag.uH=[1.29093881802681, -14.59196649916471, 558.6973886499613;
  -26.42791085304343, -2.023098861087394, 767.0392908907562;
  -0.00785666495413791, 0.008697888850491452, 0.9995152556773995]';
tag.up=[572.7538503220644, 796.5500829476284;
  584.5412520910393, 755.5110341886962;
  545.1979895946183, 738.3286642448036;
  534.2302898563012, 778.9300234845907]';
tag.uc=[558.975, 767.398];
tags{6}=tag;

tag.id=11;
tag.hammingDistance=0;
tag.familyName='Tag36h11';
tag.H=[-5.511724762191158, 2.162351688598565, 470.2458632482877;
  -2.091709233359495, 24.73844441180393, 871.2017810865545;
  0.01157721282044007, 0.01887040963209576, 0.9994968459662439];
tag.p=[488.721547709058, 875.6573198947582;
  466.2064962083484, 851.0063716867419;
  453.3220037498692, 867.8608834486758;
  474.6967286053183, 891.9753837194297]';
tag.c=[470.4825884604836;
  871.6403504448655];
tag.uH=[-5.435394041633935, 1.496813462516157, 467.0719264546303;
  -1.994279654559955, 24.62400489775522, 878.0308558987291;
  0.01202635268461876, 0.01810914813890661, 0.9995939736930815]';
tag.up=[485.8489205849717, 882.3520676796218;
  463.1431984168523, 856.974530309949;
  449.7620034073644, 874.6599577715751;
  471.3267466065035, 899.543841760193]';
tag.uc=[467.266, 878.38];
tags{7}=tag;

tag.id=10;
tag.hammingDistance=0;
tag.familyName='Tag36h11';
tag.H=[6.372551110479695, 18.77948791642911, 588.3354566619436;
  30.97985569123856, 9.506155800711305, 951.0737080598462;
  0.01867844808941253, 0.001427201721491151, 0.9995103890031102];
tag.p=[575.0262328723641, 929.7358488574712;
  566.4341570537613, 956.514658025503;
  601.6848228500232, 972.4834465188954;
  611.5925700179598, 946.3897741642834]';
tag.c=[588.6236532756168;
  951.5395923082165];
tag.uH=[5.570414956884148, 18.86911171966223, 586.8705799246098;
  30.91124622089695, 9.493078610620968, 960.6482951698763;
  0.01764702851207768, 0.001043644444617903, 0.9996105175506786]';
tag.up=[573.3694814051339, 938.1464411240793;
  564.4208024888095, 966.4016446492464;
  600.321949540539, 983.0638718001735;
  610.5445616187653, 955.4706353967467]';
tag.uc=[587.102, 961.009];
tags{8}=tag;

tag.id=4;
tag.hammingDistance=0;
tag.familyName='Tag36h11';
tag.H=[-14.29063577327176, -19.83884137485106, 718.0950636202434;
  -31.50087449909347, -1.434471586625473, 1014.3166281661;
  -0.01832946546546005, -0.001128029528112323, 0.999614830489261];
tag.p=[738.1463728906233, 1027.652255943301;
  736.5975191654245, 1001.869712599508;
  697.8120366014739, 1001.248724608151;
  700.7626466507693, 1027.110861187181]';
tag.c=[718.3717585190009;
  1014.707462542991];
tag.uH=[-13.64513830341518, -20.14447270467396, 719.3439914183745;
  -31.54246644653875, -1.321464259737959, 1027.555793575901;
  -0.01729475947263448, -0.0009125132981217028, 0.999696816585131]';
tag.up=[739.8855496844919, 1041.770971691955;
  738.1610281245958, 1014.261435685014;
  698.4825350460094, 1013.45457729267;
  701.565312784059, 1041.041087395525]';
