% AprilTagFinder log 105
% @ Wed Mar  7 16:05:48 2018

K=[1664.010615128407, 0, 667.9657771371558;
  0, 1668.819944196452, 457.9230104705811;
  0, 0, 1];
distCoeffs=[-0.2237256636237109;
  0.2343996528647796;
  0;
  0;
  0];
tags={};

tag.id=25;
tag.hammingDistance=0;
tag.familyName='Tag36h11';
tag.H=[45.20496217784537, 2.473828679768454, 424.7054338244602;
  -6.14591200489812, -59.08246768865924, 186.9435390930444;
  -0.03387308551343039, 0.001150605502406259, 0.9717858694297806];
tag.p=[375.3345038662264, 251.0401421023352;
  498.9917164610189, 256.0736335266574;
  503.037633033976, 129.613358129981;
  379.3908156348061, 133.1006266467825]';
tag.c=[437.0360253063431;
  192.3711230774925];
tag.uH=[47.4249862330991, 0.5133549255558641, 424.0854136464455;
  -5.140898657618442, -61.1911815701401, 185.0903453971569;
  -0.03206008740362236, -0.002169275742635966, 0.9756562881989428]';
tag.up=[372.3650343515854, 248.9408026713365;
  498.0584548125092, 254.958798021589;
  501.2853453055279, 126.1252149870643;
  375.1426320721228, 128.3188357922747]';
tag.uc=[434.777, 189.774];
tags{1}=tag;

tag.id=24;
tag.hammingDistance=0;
tag.familyName='Tag36h11';
tag.H=[46.31555660892268, 1.506964747382277, 281.1836447533282;
  -3.122511698099046, -55.53271078536773, 186.2300839697764;
  -0.01825134846138413, -0.001478577834862751, 0.971732326662469];
tag.p=[235.3706585405832, 246.9940794240607;
  341.3675841603886, 249.8956961566464;
  345.5938409221122, 134.0068695596076;
  239.1237572168869, 135.3760190509016]';
tag.c=[289.3632711788925;
  191.6475132708674];
tag.uH=[49.32205757340042, 0.146076423159938, 275.7730406781689;
  -1.764924793077802, -57.60267742185837, 182.4033530068763;
  -0.01557470109291334, -0.003716494142787623, 0.9746629392597148]';
tag.up=[227.6144019469382, 243.2122084738575;
  337.5131395988202, 247.4406006675783;
  340.3646762213273, 128.7526564604367;
  229.7034631425173, 128.2906883910435]';
tag.uc=[283.065, 187.218];
tags{2}=tag;

