% AprilTagFinder log 26
% @ Fri Mar 16 13:46:26 2018

K=[1664.010615128407, 0, 667.9657771371558;
  0, 1668.819944196452, 457.9230104705811;
  0, 0, 1];
distCoeffs=[-0.2237256636237109;
  0.2343996528647796;
  0;
  0;
  0];
tags={};

tag.id=1;
tag.hammingDistance=0;
tag.familyName='Tag36h11';
tag.H=[17.30173678219094, -18.41537272502016, 960.1272386645279;
  -6.171054003794813, -6.346271584674257, 273.2259753180551;
  0.01781629667131188, -0.002326600277607125, 0.999251526967332];
tag.p=[977.1073086326816, 290.4598369504828;
  976.8979747269573, 268.1996158548696;
  945.0819387678401, 256.9213152354884;
  944.1343900113845, 278.8768777699781]';
tag.c=[960.8464062881706;
  273.430630771493];
tag.uH=[17.00558374733303, -18.30750743484833, 963.0474698487;
  -6.492859299738251, -6.168234678815575, 271.5131075700049;
  0.0173581057810413, -0.001871685289043008, 0.9993925914949892]';
tag.up=[980.1310389992968, 288.8218704158251;
  980.1053871107486, 266.229859480711;
  947.6529905287364, 255.0564447081388;
  946.5071535138673, 277.3385634607915]';
tag.uc=[963.624, 271.681];
tags{1}=tag;

tag.id=2;
tag.hammingDistance=0;
tag.familyName='Tag36h11';
tag.H=[-14.29694301988438, -7.148662896768187, 502.8361189882867;
  7.336313346925422, 8.639291078463232, 331.0106756532093;
  0.002990256704319702, -0.01348225920329325, 0.9991756218165168];
tag.p=[519.2616978883312, 312.018592694205;
  488.0507534586837, 324.6278762057127;
  486.9004640776012, 350.9578527437437;
  518.9608092667189, 338.1628198655071]';
tag.c=[503.2509881237123;
  331.2837787729716];
tag.uH=[-14.48750623435605, -6.989614406869401, 502.3409031363803;
  7.266882220467918, 8.798490568430294, 330.6225164403984;
  0.002823804581197061, -0.01326098079336948, 0.9993355238353552]';
tag.up=[518.7449279245819, 311.5115519925239;
  487.328660565829, 324.0928932613377;
  486.258498196229, 350.5786084777056;
  518.5240985902257, 337.8118211397359]';
tag.uc=[502.681, 330.846];
tags{2}=tag;

tag.id=16;
tag.hammingDistance=0;
tag.familyName='Tag36h11';
tag.H=[2.706175355072485, -14.27143658643007, 494.2294960018451;
  -8.376024922503257, 12.42537229471387, 446.6028888181004;
  0.01559680727149814, 0.00400427399436937, 0.9991391099229188];
tag.p=[516.3605112163418, 451.7982237531213;
  505.7792653298455, 421.2804600168307;
  473.7854056854848, 442.3622824426283;
  483.2702531169035, 473.2984722835656]';
tag.c=[494.6553398755192;
  446.987696090242];
tag.uH=[2.602595253762684, -14.61111070855638, 493.8859503902835;
  -8.469068891148288, 12.24985129315636, 446.6507844681401;
  0.01548475921880849, 0.003558991017792414, 0.9993081941004591]';
tag.up=[516.0794180522331, 451.7868677117104;
  505.4184741012719, 421.1989470065997;
  473.1932565148662, 442.3148303128013;
  482.7601767422473, 473.34093492505]';
tag.uc=[494.235, 446.961];
tags{3}=tag;

tag.id=0;
tag.hammingDistance=0;
tag.familyName='Tag36h11';
tag.H=[5.419129860292775, -30.57787594790724, 911.9002220896818;
  -21.37493677807693, -9.867477951790796, 639.5430174660138;
  0.00265129967590457, -0.01016006313422814, 0.9994739197105501];
tag.p=[930.5611544663961, 666.1340293211268;
  936.3933707872657, 620.4136022563341;
  893.9240157913329, 613.2277922284941;
  887.743443952222, 659.851204182272]';
tag.c=[912.3802073332441;
  639.8796455351501];
tag.uH=[5.935128489590705, -30.10166559069222, 913.810568130799;
  -21.20878296057196, -9.456296779724861, 640.9588535014823;
  0.003329923778034414, -0.009199347454124162, 0.9995759382446956]';
tag.up=[932.8973873608113, 667.98642076901;
  938.4934329865496, 621.6848588544667;
  895.2787005220296, 614.158889132527;
  889.2999019639923, 661.2812528285219]';
tag.uc=[914.184, 641.223];
tags{4}=tag;

tag.id=6;
tag.hammingDistance=0;
tag.familyName='Tag36h11';
tag.H=[15.65825675300133, 29.95973746516848, 1045.720698127232;
  32.12928582690795, 17.76524739796112, 728.1935132746403;
  0.0213315957295302, 0.0172600920995157, 0.9994382295465482];
tag.p=[1040.855808380587, 705.9389305157092;
  1027.811871988682, 739.9604878301044;
  1051.35572113816, 749.5815231093875;
  1064.956413791441, 717.1522377226337]';
tag.c=[1046.308483318357;
  728.6028208116738];
tag.uH=[15.4111757861987, 29.65533147464651, 1052.212213895892;
  32.32175639065689, 17.50905263494946, 732.834010775636;
  0.02097223122667931, 0.01636138428226591, 0.9995625505939844]';
tag.up=[1046.68114285419, 709.8134660838052;
  1033.65786471839, 744.5424162315492;
  1058.23507878996, 754.8148977766928;
  1071.871164642811, 721.6674714695754]';
tag.uc=[1052.66, 733.149];
tags{5}=tag;

tag.id=3;
tag.hammingDistance=0;
tag.familyName='Tag36h11';
tag.H=[0.3564603081597015, -14.32993448415997, 559.5327556181338;
  -26.95269507554718, -1.82313365910494, 764.3618181100314;
  -0.009216547983346006, 0.008861892196255931, 0.9993964129203007];
tag.p=[573.6490289884241, 793.3351327847599;
  585.150956531175, 753.3055311613275;
  546.0825611610441, 736.2915354871373;
  535.4887731778834, 775.9320804058791]';
tag.c=[559.8706863307054;
  764.8234556661225];
tag.uH=[1.154252498026513, -14.39659604105679, 558.6862081393781;
  -26.60084427858318, -1.76663830172217, 767.0317289524826;
  -0.008089388406961807, 0.009035731953893591, 0.9995116364689138]';
tag.up=[572.7462555030805, 796.5456036357118;
  584.5335124137396, 755.5078205397165;
  545.1901590959287, 738.3296885223884;
  534.2479898764893, 778.9105621942269]';
tag.uc=[558.966, 767.393];
tags{6}=tag;

tag.id=11;
tag.hammingDistance=0;
tag.familyName='Tag36h11';
tag.H=[-5.510778570207052, 2.491689294313843, 470.2395205121006;
  -2.136174240993282, 25.33740835937033, 871.1916121905243;
  0.01154475040984006, 0.0195653661629602, 0.9994841979761279];
tag.p=[488.7146598369993, 875.6847114735607;
  466.2168746643987, 850.9823706266853;
  453.3504839299459, 867.8418206686501;
  474.6796063498928, 891.9711177006752]';
tag.c=[470.4821961810866;
  871.6412064889217];
tag.uH=[-5.432799203336256, 1.824242990654579, 467.0669822729864;
  -2.037950675960765, 25.22775684847332, 878.0232256422941;
  0.01199607856661408, 0.01880455507761892, 0.9995842800718413]';
tag.up=[485.841585717496, 882.3806827419655;
  463.1540812069578, 856.9494892673163;
  449.7913977495388, 874.6397349769109;
  471.3092839809339, 899.5395952541573]';
tag.uc=[467.265, 878.381];
tags{7}=tag;

tag.id=10;
tag.hammingDistance=0;
tag.familyName='Tag36h11';
tag.H=[6.728193934850678, 18.73992607272444, 588.3231275390071;
  31.57343879567708, 9.427950729967121, 951.0816711655139;
  0.01930477959569254, 0.001350370140198136, 0.9994984015748217];
tag.p=[575.0205729814338, 929.7507848474434;
  566.425675130364, 956.532970060491;
  601.6655500125171, 972.4840534216748;
  611.6229781822124, 946.40300440744]';
tag.c=[588.6183775902374;
  951.5589716471562];
tag.uH=[5.925000153685196, 18.83059378747403, 586.8597527633691;
  31.51103829420502, 9.415028840675731, 960.6600083933218;
  0.01827364545384954, 0.0009680128383341381, 0.9996014072835018]';
tag.up=[573.3636177861993, 938.1621653926932;
  564.4120065789419, 966.4210357134568;
  600.3022653013611, 983.0646084700454;
  610.5754963339991, 955.4844475795014]';
tag.uc=[587.096, 961.029];
tags{8}=tag;

tag.id=4;
tag.hammingDistance=0;
tag.familyName='Tag36h11';
tag.H=[-15.18705762963852, -20.29208255878034, 718.080148940072;
  -32.77161967640657, -2.107373798981593, 1014.312986073887;
  -0.01958290401843073, -0.001764980318829113, 0.9995902163281338];
tag.p=[738.1047770059326, 1027.674428905598;
  736.611920400611, 1001.911285928538;
  697.7831427131708, 1001.218165038104;
  700.7759186903044, 1027.09737699054]';
tag.c=[718.3745270915587;
  1014.728805369699];
tag.uH=[-14.54327185707188, -20.59690688404909, 719.3335563576926;
  -32.83013705476942, -2.002039464122415, 1027.559492748503;
  -0.01854862896456519, -0.001547080188910249, 0.9996782721269062]';
tag.up=[739.8430160554466, 1041.794450090568;
  738.1759838832636, 1014.305750587238;
  698.4529190376337, 1013.422000779295;
  701.5788770438984, 1041.026707697891]';
