% AprilTagFinder log 104
% @ Wed Mar  7 16:05:48 2018

K=[1664.010615128407, 0, 667.9657771371558;
  0, 1668.819944196452, 457.9230104705811;
  0, 0, 1];
distCoeffs=[-0.2237256636237109;
  0.2343996528647796;
  0;
  0;
  0];
tags={};

tag.id=25;
tag.hammingDistance=0;
tag.familyName='Tag36h11';
tag.H=[45.87803986552651, 2.504105928833087, 411.2627075778822;
  -5.677505847000661, -58.41926453140223, 186.466056633306;
  -0.03077850722569692, 0.001398813337513125, 0.9720895597977356];
tag.p=[362.3481803839073, 250.1952267526032;
  483.7011611688731, 254.5001600495393;
  487.578278316589, 129.8058826793309;
  366.3257056819051, 133.1561366445165]';
tag.c=[423.0707998380872;
  191.8198326007167];
tag.uH=[48.1685176636034, 0.60608899652811, 410.2796943370973;
  -4.640757162722615, -60.51637567869753, 184.4454072293499;
  -0.02887500639150291, -0.001822629725292348, 0.9758533716205795]';
tag.up=[359.0555316916092, 247.9572187887974;
  482.5955945745715, 253.2796462424727;
  485.5893440021009, 126.1880964197385;
  361.7115708126739, 128.188235166233]';
tag.uc=[420.544, 189.075];
tags{1}=tag;

tag.id=24;
tag.hammingDistance=0;
tag.familyName='Tag36h11';
tag.H=[45.5362698413589, 2.068884419009386, 269.823408429902;
  -3.623836024371176, -54.66158943529318, 186.035765098188;
  -0.01923022554263177, 0.0009185688434804933, 0.9715681302069572];
tag.p=[224.4901422465468, 246.8190519593129;
  329.2878145911942, 249.1787896076054;
  332.9938704976137, 134.0146573234654;
  228.2466068635796, 136.1255498817465]';
tag.c=[277.7194928907621;
  191.4798965859038];
tag.uH=[48.58578007451736, 0.7315473731948503, 263.9116025575991;
  -2.256635281773778, -56.73865854643541, 182.0143476687875;
  -0.01653483366891876, -0.001214359459209386, 0.9744030989104213]';
tag.up=[216.2270954952151, 242.8856636481375;
  325.0751533596065, 246.5823151280234;
  327.3546537465353, 128.5616943296255;
  218.3089364688275, 128.8529147241516]';
tag.uc=[270.966, 186.869];
tags{2}=tag;

