% AprilTagFinder log 93
% @ Fri Mar 16 13:47:04 2018

K=[1664.010615128407, 0, 667.9657771371558;
  0, 1668.819944196452, 457.9230104705811;
  0, 0, 1];
distCoeffs=[-0.2237256636237109;
  0.2343996528647796;
  0;
  0;
  0];
tags={};

tag.id=1;
tag.hammingDistance=0;
tag.familyName='Tag36h11';
tag.H=[18.33452310277047, -15.96410751545419, 960.0762196670229;
  -5.8727321111605, -5.678064230942822, 273.1939890817279;
  0.01882249461516432, 0.0002054910320557489, 0.9992366370514599];
tag.p=[977.0427987017908, 290.4940545218693;
  976.9330388849585, 268.2107822803601;
  945.1832203534599, 256.9500961804982;
  944.0740909647276, 278.7917431297982]';
tag.c=[960.8096661667737;
  273.4026945687927];
tag.uH=[18.03959628563004, -15.84742341744705, 962.9981322777038;
  -6.197338564379725, -5.504654051356109, 271.4817183651205;
  0.01836130512753473, 0.0006616341509134201, 0.9993801787467443]';
tag.up=[980.0646707783997, 288.8570875152768;
  980.1412315490347, 266.240886261855;
  947.7561727620875, 255.0847960107389;
  946.4462721867947, 277.2527390238363]';
tag.uc=[963.587, 271.653];
tags{1}=tag;

tag.id=2;
tag.hammingDistance=0;
tag.familyName='Tag36h11';
tag.H=[-15.62776810779767, -6.239914763917491, 502.917549322384;
  6.452488399605108, 9.242709686873374, 331.0202744121263;
  0.0003431350657443612, -0.011633525074793, 0.9992040593926094];
tag.p=[519.3350963034376, 312.0502804467264;
  488.0726920963863, 324.6007828119972;
  486.9351253645825, 350.9572579504327;
  518.9335335044278, 338.1292860715686]';
tag.c=[503.3181606849102;
  331.2839567658933];
tag.uH=[-15.81670293242127, -6.082514807316621, 502.4196595223723;
  6.384127950955124, 9.400605962517918, 330.6302259425294;
  0.0001766523937960529, -0.01141304919169516, 0.9993576115741721]';
tag.up=[518.8189491554861, 311.5437107859849;
  487.3506974455113, 324.065698680273;
  486.2934617415177, 350.5781175582732;
  518.4965508787207, 337.7780347251813]';
tag.uc=[502.749, 330.846];
tags{2}=tag;

tag.id=16;
tag.hammingDistance=0;
tag.familyName='Tag36h11';
tag.H=[3.569984385351856, -13.32605967695218, 494.1646133346367;
  -7.626499675417064, 13.26499931940971, 446.5772772881674;
  0.01729977297178407, 0.005918835924126987, 0.9991016707019558];
tag.p=[516.3740496670189, 451.8356705855099;
  505.7589843481762, 421.2697725113357;
  473.832464942963, 442.3425671552174;
  483.2019345251248, 473.2803112813949]';
tag.c=[494.6089350320505;
  446.978811450098];
tag.uH=[3.466509959390055, -13.66648655420756, 493.8248339991268;
  -7.719116353725693, 13.08969506829872, 446.6288404995764;
  0.017189168778215, 0.005474018258722233, 0.9992790507075043]';
tag.up=[516.0930370866361, 451.8243862026658;
  505.3980523331716, 421.1882141079815;
  473.2407332796478, 442.295076894355;
  482.6913046087419, 473.3227540944368]';
tag.uc=[494.188, 446.952];
tags{3}=tag;

tag.id=0;
tag.hammingDistance=0;
tag.familyName='Tag36h11';
tag.H=[5.888261239092301, -30.52413208822837, 911.8957769968388;
  -21.02387342373815, -9.82441357003743, 639.5245343734682;
  0.003184063285958303, -0.01010104474949687, 0.9994732911318395];
tag.p=[930.5849563020467, 666.1161575403751;
  936.3616940662973, 620.4096406767754;
  893.913924585511, 613.2410236585007;
  887.7447516362639, 659.8375496490521]';
tag.c=[912.3763337028998;
  639.8615551289496];
tag.uH=[6.405578059560107, -30.04775223783968, 913.8057262732606;
  -20.85656771103135, -9.413078902560684, 640.9399689319146;
  0.003863312561480396, -0.009140325354831889, 0.999575100071577]';
tag.up=[932.9215052091502, 667.9684726370837;
  938.4611244982059, 621.6806338429018;
  895.2685403655084, 614.1721940794943;
  889.3011342184935, 661.2674237877977]';
tag.uc=[914.18, 641.204];
tags{4}=tag;

tag.id=3;
tag.hammingDistance=0;
tag.familyName='Tag36h11';
tag.H=[0.5735864458934019, -14.5102456391661, 559.5478386909789;
  -26.68667428923339, -2.08455159731697, 764.3583883141002;
  -0.008868247014895718, 0.008537336891558608, 0.9994021416620907];
tag.p=[573.6376294252381, 793.341395269664;
  585.1666853999623, 753.3185934102505;
  546.1183970409843, 736.2709876998562;
  535.4640734082581, 775.9190761113383]';
tag.c=[559.8825691531971;
  764.8156397212709];
tag.uH=[1.371670930553362, -14.57624861484925, 558.7006576508113;
  -26.3334775963514, -2.028855943978497, 767.0269845027486;
  -0.007740395552935733, 0.008711610094642845, 0.999515944138226]';
tag.up=[572.7347005523553, 796.5520906079817;
  584.549325666916, 755.5210975005793;
  545.2264495109883, 738.3085513353898;
  534.2230760281202, 778.897394678183]';
tag.uc=[558.978, 767.385];
tags{5}=tag;

tag.id=11;
tag.hammingDistance=0;
tag.familyName='Tag36h11';
tag.H=[-5.227445068946611, 2.577824889381974, 470.2239416568892;
  -1.60144262147808, 25.5291184750306, 871.159517858151;
  0.01216485654959727, 0.01979146164229572, 0.9994718463514302];
tag.p=[488.7503591141123, 875.6777719281166;
  466.2205881148494, 850.968398749891;
  453.3270833110792, 867.8134110367383;
  474.6598616349254, 891.9585544656104]';
tag.c=[470.4724233838509;
  871.6198670711107];
tag.uH=[-5.151969649756516, 1.90916112955179, 467.0525956813181;
  -1.499875172646808, 25.42083438284489, 877.9923822201129;
  0.01261539596353649, 0.01903044057633479, 0.9995743001771229]';
tag.up=[485.8781048507544, 882.3730546659008;
  463.1580386861422, 856.934939687815;
  449.7678177303533, 874.6104557289094;
  471.2892406887281, 899.5267103194176]';
tag.uc=[467.255, 878.359];
tags{6}=tag;

tag.id=10;
tag.hammingDistance=0;
tag.familyName='Tag36h11';
tag.H=[6.008888548621369, 19.43403077685194, 588.3627641585666;
  30.37022151325012, 10.53535758140671, 951.0943090479122;
  0.0180289839885029, 0.002527610201492044, 0.9995201101849708];
tag.p=[575.0161631518679, 929.7473451073192;
  566.4290175223587, 956.560218982081;
  601.7250279822229, 972.4757794075886;
  611.5614308215979, 946.3838549710764]';
tag.c=[588.6452490182359;
  951.5509486566541];
tag.uH=[5.207758449790509, 19.5228456723383, 586.8969857527097;
  30.29528093079733, 10.53276671469347, 960.6674291591046;
  0.01699702241254638, 0.002145175694375931, 0.9996181033934503]';
tag.up=[573.3591457756008, 938.1585809104333;
  564.4152220887046, 966.4497736355872;
  600.3630439942864, 983.0555606024152;
  610.5128527397865, 955.4645263877943]';
tag.uc=[587.124, 961.021];
tags{7}=tag;

tag.id=4;
tag.hammingDistance=0;
tag.familyName='Tag36h11';
tag.H=[-13.75748106660501, -20.16545914740789, 718.1044479199577;
  -30.73440455911865, -1.917651249981839, 1014.308240767505;
  -0.01756148024454022, -0.001573255846243592, 0.999627780596499];
tag.p=[738.1773237784045, 1027.678462278935;
  736.5629222974966, 1001.882733617712;
  697.7933311611133, 1001.186281187007;
  700.7534996879079, 1027.086013755747]';
tag.c=[718.3718398576814;
  1014.685926557829];
tag.uH=[-13.11060982705174, -20.46887235547261, 719.3510205122969;
  -30.7654041075415, -1.808410919469906, 1027.542918888487;
  -0.01652545122607526, -0.001353653565903359, 0.9997066235915256]';
tag.up=[739.9174320017989, 1041.799161714334;
  738.1256881043241, 1014.275110204794;
  698.4632651998501, 1013.38810493548;
  701.5558769428158, 1041.014503222013]';
tag.uc=[719.562, 1027.83];
tags{8}=tag;

tag.id=8;
tag.hammingDistance=0;
tag.familyName='Tag36h11';
tag.H=[-8.625489206071324, 0.6292062660545399, 588.5214976758308;
  -1.268379096681624, 17.88806503701413, 1060.84455397696;
  0.006131163220271396, 0.01226826343231699, 0.9997479454135435];
tag.p=[607.8551801036062, 1064.071375330611;
  582.9916259481179, 1048.386412924082;
  570.1779827391305, 1058.259609049315;
  594.2788350891352, 1073.682328619342]';
tag.c=[588.669874617637;
  1061.11201212636];
tag.uH=[-8.79547907373375, 0.1868922406097748, 586.3667208628598;
  -1.417098273374636, 18.13998266174823, 1077.494618805562;
  0.006373011846233891, 0.01193194391315705, 0.9997918973847342]';
tag.up=[606.1976206742332, 1080.786014468399;
  580.7341359158471, 1064.073127375564;
  567.4881257871684, 1074.773117541299;
  592.1811045496656, 1091.211854078572]';
