% AprilTagFinder log 100
% @ Fri Mar 16 13:47:08 2018

K=[1664.010615128407, 0, 667.9657771371558;
  0, 1668.819944196452, 457.9230104705811;
  0, 0, 1];
distCoeffs=[-0.2237256636237109;
  0.2343996528647796;
  0;
  0;
  0];
tags={};

tag.id=1;
tag.hammingDistance=0;
tag.familyName='Tag36h11';
tag.H=[18.39350325098662, -15.18556103210282, 960.0799436880541;
  -5.856554859639812, -5.452759066747096, 273.1963032163421;
  0.01889917367137875, 0.001028609601165468, 0.9992342406709989];
tag.p=[977.0914857552539, 290.5174524208932;
  976.9484947266235, 268.2049147264206;
  945.1763932290119, 256.9630570383798;
  944.0953455849794, 278.7958282264141]';
tag.c=[960.8156972716906;
  273.4056661558027];
tag.uH=[18.09934920269881, -15.06685683783732, 963.002167633448;
  -6.181003578083547, -5.28066772086256, 271.4840774200308;
  0.01843888307943504, 0.001484795513991179, 0.9993779725210377]';
tag.up=[980.1143679320026, 288.8804249475741;
  980.1571284506221, 266.2347855075226;
  947.7490893030592, 255.0980170535314;
  946.4679306874257, 277.2567156770966]';
tag.uc=[963.593, 271.656];
tags{1}=tag;

tag.id=2;
tag.hammingDistance=0;
tag.familyName='Tag36h11';
tag.H=[-14.79965519135672, -6.181979676600815, 502.881307065463;
  7.012363889428763, 9.278137337942702, 331.0362454730769;
  0.001988916426147264, -0.01155458693044724, 0.9992021035053432];
tag.p=[519.3097513922097, 312.0101101115237;
  488.0432244798545, 324.6328296039525;
  486.9461714704248, 350.9639854781722;
  518.9413276595234, 338.1515860271408]';
tag.c=[503.2828747070126;
  331.300589051759];
tag.uH=[-14.98929317491016, -6.023968840500057, 502.3834855980612;
  6.943517482956752, 9.436445995750571, 330.6463784855222;
  0.0018228604004119, -0.01133315306740241, 0.999356245135515]';
tag.up=[518.7932886843391, 311.5031776057268;
  487.3210813725615, 324.0978517261875;
  486.3046253902494, 350.5849152500026;
  518.5044588419992, 337.8004731677865]';
tag.uc=[502.713, 330.863];
tags{2}=tag;

tag.id=16;
tag.hammingDistance=0;
tag.familyName='Tag36h11';
tag.H=[3.210932567041568, -14.31126622798027, 494.2174091809618;
  -7.938433836482885, 12.37140200319097, 446.5742060074976;
  0.01658601723280021, 0.003922292675300941, 0.9991239423258421];
tag.p=[516.3597699675779, 451.8027540071555;
  505.7776692933212, 421.2982467762891;
  473.8150195441025, 442.3233702014431;
  483.2381496988918, 473.2923167478539]';
tag.c=[494.6507517680762;
  446.9657738037243];
tag.uH=[3.107442413411223, -14.65095114543055, 493.875356564453;
  -8.03119064532971, 12.19587603926716, 446.6234190497116;
  0.01647479813289219, 0.003477020425113458, 0.9992961092044191]';
tag.up=[516.0786733651362, 451.791406282022;
  505.4168846287408, 421.2167756175189;
  473.2231203862525, 442.2758122415746;
  482.7278121884015, 473.3347767394225]';
tag.uc=[494.23, 446.939];
tags{3}=tag;

tag.id=0;
tag.hammingDistance=0;
tag.familyName='Tag36h11';
tag.H=[5.328706529977818, -30.84294708450503, 911.8973472165221;
  -21.42268893043918, -10.05868423572669, 639.5363292619087;
  0.002574684247308129, -0.01044781982036047, 0.9994711526763218];
tag.p=[930.5771608633845, 666.1254848570303;
  936.3703115729493, 620.4209975865853;
  893.8935852769894, 613.2071117609115;
  887.7559869307091, 659.8420859258009]';
tag.c=[912.3798568620016;
  639.8747252978718];
tag.uH=[5.845512156345478, -30.36677409348631, 913.8083814050655;
  -21.25588068855246, -9.647590356057965, 640.9526023237025;
  0.003254707284390165, -0.00948646739099439, 0.9995739834033627]';
tag.up=[932.9136356547109, 667.9778791668019;
  938.4699836051252, 621.6921850482636;
  895.2477285317646, 614.137837907761;
  889.312565737259, 661.2720993635558]';
tag.uc=[914.184, 641.218];
tags{4}=tag;

tag.id=3;
tag.hammingDistance=0;
tag.familyName='Tag36h11';
tag.H=[0.2619294555059053, -14.51641105143156, 559.5463676720756;
  -27.09839799708522, -2.073924644685087, 764.3647784619319;
  -0.00939278990932097, 0.008534043216737792, 0.9993973193542557];
tag.p=[573.6539559672432, 793.3339552139674;
  585.1675788908842, 753.2985611730675;
  546.0899568683033, 736.268458674016;
  535.4910977361068, 775.9466340101533]';
tag.c=[559.8837988014791;
  764.8257241232284];
tag.uH=[1.060336346905396, -14.58286249326019, 558.699951993249;
  -26.74677740743441, -2.018347265795795, 767.0346995916923;
  -0.008264990303505245, 0.008707775270226007, 0.999512562969515]';
tag.up=[572.7512421800657, 796.5443702015498;
  584.5503031364148, 755.5006400802608;
  545.1977482758512, 738.306124554001;
  534.250247909324, 778.9254640776505]';
tag.uc=[558.979, 767.395];
tags{5}=tag;

tag.id=11;
tag.hammingDistance=0;
tag.familyName='Tag36h11';
tag.H=[-5.485095895435866, 2.351631152479758, 470.2384756465588;
  -2.051613813460795, 25.09015819984837, 871.1878691182085;
  0.01164893322453958, 0.01927682017977453, 0.9994878800841474];
tag.p=[488.7367855402342, 875.6788040424631;
  466.1965920612997, 850.9730233621777;
  453.3179644782265, 867.8324746899902;
  474.6973668179893, 891.9825014480082]';
tag.c=[470.4794175262727;
  871.6342503771658];
tag.uH=[-5.408297714703879, 1.684837650090096, 467.0654926613701;
  -1.953423531152894, 24.97852489476636, 878.0184304499652;
  0.01209937446337501, 0.01851571664987169, 0.9995869990058639]';
tag.up=[485.8642373734625, 882.3742813103484;
  463.1334774096285, 856.9400259690187;
  449.7582380852681, 874.6304267419118;
  471.3273119948503, 899.5512721471724]';
tag.uc=[467.262, 878.374];
tags{6}=tag;

tag.id=10;
tag.hammingDistance=0;
tag.familyName='Tag36h11';
tag.H=[6.561213957993675, 17.97495668383946, 588.3086460727643;
  31.29005918918017, 8.196805056450895, 951.0736454066489;
  0.01901294925065759, 5.516209993964715e-05, 0.9995050429524216];
tag.p=[575.0216635656997, 929.7760536944277;
  566.436875549495, 956.5070719770151;
  601.6699086615433, 972.4981514264362;
  611.6200777169806, 946.3902792886764]';
tag.c=[588.5999777799709;
  951.5446191219685];
tag.uH=[5.758826850283717, 18.0672376744809, 586.8438145687846;
  31.22488105865515, 8.171264339269715, 960.6494717730869;
  0.01798219007642001, -0.0003276192063640928, 0.9996060822893953]';
tag.up=[573.3645673671676, 938.188699252566;
  564.4236340960871, 966.3936174329071;
  600.3066476934231, 983.0795077154507;
  610.5725914349194, 955.4710568562305]';
tag.uc=[587.077, 961.014];
tags{7}=tag;

tag.id=4;
tag.hammingDistance=0;
tag.familyName='Tag36h11';
tag.H=[-14.14809774510737, -20.1381788242025, 718.09568514765;
  -31.2832392984396, -1.883591098431499, 1014.303112325167;
  -0.01811371775983765, -0.001556351729939199, 0.9996183101054161];
tag.p=[738.1443532357015, 1027.648272746951;
  736.5624385654788, 1001.874268386661;
  697.8015575075129, 1001.212351084901;
  700.7701727095173, 1027.088903066988]';
tag.c=[718.369879671294;
  1014.690409400567];
tag.uH=[-13.50246738811415, -20.44271868410189, 719.3439190274557;
  -31.32184063674254, -1.775119202239034, 1027.540354710895;
  -0.01707876238030761, -0.001338869131644465, 0.9996995039874224]';
tag.up=[739.883456820804, 1041.766701778012;
  738.1251488965999, 1014.266099602236;
  698.4717365769736, 1013.415857754448;
  701.5729678675551, 1041.017634711769]';
tag.uc=[719.56, 1027.84];
tags{8}=tag;

tag.id=13;
tag.hammingDistance=0;
tag.familyName='Tag36h11';
tag.H=[-6.817985748827539, 8.2074257209908, 857.7142432099292;
  10.50166524015212, -2.773819729734525, 1059.058878119904;
  0.001848737163170125, -0.005497017903646034, 0.9998841294960233];
tag.p=[853.310560279721, 1047.630372358101;
  836.6400209678617, 1064.63715932655;
  862.3496978704851, 1070.817442438859;
  879.3006670212083, 1053.645299862013]';
tag.c=[857.8136385085413;
  1059.181606026397];
tag.uH=[-6.95460469296627, 8.548200150309842, 863.2994959987418;
  11.07618400464499, -2.588781041126416, 1076.71897160505;
  0.001864139971574606, -0.005628739252555047, 0.9999017714910879]';
tag.up=[858.5588918739321, 1064.328871912591;
  841.5746397243379, 1082.38677509936;
  868.2477696281169, 1089.414121248323;
  885.5255195323832, 1071.192252904721]';
