% AprilTagFinder log 6
% @ Wed Mar  7 16:06:15 2018

K=[1664.010615128407, 0, 667.9657771371558;
  0, 1668.819944196452, 457.9230104705811;
  0, 0, 1];
distCoeffs=[-0.2237256636237109;
  0.2343996528647796;
  0;
  0;
  0];
tags={};

tag.id=1;
tag.hammingDistance=0;
tag.familyName='Tag16h5';
tag.H=[10.62205556871633, -1.228621713966771, 460.3583526551229;
  -7.144772302477956, -12.13834227163514, 208.9756141053756;
  -0.008643991750185188, 0.007563870521683308, 0.9984227621076258];
tag.p=[451.1892124764548, 228.3722563336783;
  480.7593837323861, 217.8435534935502;
  471.0034117219756, 190.1979237186279;
  442.0403490646937, 201.0406932680209]';
tag.c=[461.085594326122;
  209.3057390480937];
tag.uH=[10.95000984358665, -1.845938127227486, 458.7606663379112;
  -7.046819638855532, -12.63193643272525, 206.9676987086053;
  -0.00835493951801251, 0.006643364964137202, 0.9986808668094792]';
tag.up=[449.4749715943582, 226.5569988224546;
  479.3820335710276, 216.0771956636057;
  469.2817637937364, 187.8577388819331;
  439.9497040421865, 198.6635826328364]';
tag.uc=[459.371, 207.245];
tags{1}=tag;

tag.id=0;
tag.hammingDistance=0;
tag.familyName='Tag16h5';
tag.H=[11.24681402337816, -1.6015204285231, 421.2202298704094;
  -6.663174229136567, -12.08555301113478, 223.2378218531788;
  -0.006650628611772847, 0.006625892710322829, 0.9985985554957124];
tag.p=[412.1423361753605, 242.3201533331848;
  440.5347178563414, 232.0664642671396;
  431.4808930603974, 204.7811494757541;
  403.5793595221014, 215.2592232592354]';
tag.c=[421.8113751038947;
  223.551116336596];
tag.uH=[11.62474012039776, -2.171334335296747, 419.0632435422255;
  -6.539259672763537, -12.5672470536474, 221.1449533745957;
  -0.006305774886456437, 0.005788618360171806, 0.9988262392704133]';
tag.up=[409.874233636469, 240.4086420743764;
  438.6818293705099, 230.2264033922822;
  429.2377256980462, 202.3799830635951;
  400.8911970686951, 212.7919267639491]';
tag.uc=[419.561, 221.409];
tags{2}=tag;

tag.id=6;
tag.hammingDistance=0;
tag.familyName='Tag16h5';
tag.H=[9.72641591086694, -0.7398474534369107, 473.6640719450551;
  -7.92900085489073, -12.02878616631946, 247.2183226042441;
  -0.0112201864312629, 0.008867563307503479, 0.9986868005022971];
tag.p=[464.1950082289744, 266.8986888225286;
  494.7177650863514, 256.8141750388858;
  484.4264618848977, 228.0966976170393;
  454.6617389206954, 238.6382121886422]';
tag.c=[474.2869052708238;
  247.5433964681457];
tag.uH=[10.04802114821189, -1.287965846153925, 472.5123917057336;
  -7.809995758625353, -12.46717359946498, 245.9053119677729;
  -0.01090418802540017, 0.008056828180276997, 0.9989217551179307]';
tag.up=[462.9289037247476, 265.7117827939979;
  493.744926428878, 255.6848896453538;
  483.1647027028141, 226.5167338903095;
  453.0764073574837, 237.0084300478273]';
tag.uc=[473.027, 246.175];
tags{3}=tag;

tag.id=5;
tag.hammingDistance=0;
tag.familyName='Tag16h5';
tag.H=[9.444037035973867, -1.754786319549036, 433.479125395846;
  -8.09451619006637, -12.35571091059927, 261.0373488524862;
  -0.01155795140631292, 0.006623215072661932, 0.9987859398011358];
tag.p=[424.2115209971455, 280.4441341560564;
  453.4731635507526, 270.5458414955724;
  443.8978134483934, 242.0755953330107;
  415.2349662369625, 252.4920939391992]';
tag.c=[434.0060348488228;
  261.3546491297827];
tag.uH=[9.827834359368119, -2.26484661267406, 431.8323314278653;
  -7.943655844939256, -12.78545524875064, 259.6326440721818;
  -0.01117585081925569, 0.005877398848214036, 0.9990004783579702]';
tag.up=[422.4490815506286, 279.1608918550049;
  452.087838750801, 269.3356448608933;
  442.1759489622602, 240.4169021738883;
  413.1090974671864, 250.7640926391401]';
tag.uc=[432.27, 259.896];
tags{4}=tag;

