% AprilTagFinder log 55
% @ Fri Mar 16 13:46:36 2018

K=[1664.010615128407, 0, 667.9657771371558;
  0, 1668.819944196452, 457.9230104705811;
  0, 0, 1];
distCoeffs=[-0.2237256636237109;
  0.2343996528647796;
  0;
  0;
  0];
tags={};

tag.id=1;
tag.hammingDistance=0;
tag.familyName='Tag36h11';
tag.H=[15.47536942742659, -15.76370492366056, 960.1257833425756;
  -6.683128143388235, -5.613635160694545, 273.2515027619678;
  0.01591098703636656, 0.0004278939595127795, 0.9992862566845628];
tag.p=[977.0758258201907, 290.5020890523123;
  976.9361460579624, 268.220566420603;
  945.0705897635495, 256.9400163271582;
  944.1794287234897, 278.8372775085392]';
tag.c=[960.8115561681853;
  273.446673497305];
tag.uH=[15.17421330742537, -15.64860737041794, 963.0368630413361;
  -7.001314767629697, -5.440959196978747, 271.5367576942471;
  0.01545306933376303, 0.0008818903698979333, 0.9994186874299058]';
tag.up=[980.0984455311268, 288.8649705592127;
  980.1443287541092, 266.250797926156;
  947.6412400524408, 255.0755341225362;
  946.5534182348733, 277.2980789597033]';
tag.uc=[963.588, 271.697];
tags{1}=tag;

tag.id=2;
tag.hammingDistance=0;
tag.familyName='Tag36h11';
tag.H=[-13.16714602932822, -6.048511499278388, 502.8204611387906;
  8.088932844546237, 9.320102465667533, 331.0553135756161;
  0.005229031093649018, -0.01134497898558051, 0.9991944352685739];
tag.p=[519.2785505966968, 311.9894945075151;
  488.0067193256928, 324.7040656412216;
  486.9754100581663, 350.8930596274901;
  518.9583715101165, 338.163623184108]';
tag.c=[503.2258421291521;
  331.322215066812];
tag.uH=[-13.35872298131684, -5.890019736703492, 502.3232580002147;
  8.01866343706328, 9.478582593476123, 330.6660482587215;
  0.005062846998931272, -0.01112261878148068, 0.999350524127812]';
tag.up=[518.7617985012976, 311.4823127413505;
  487.2845118952354, 324.1694345256583;
  486.3339025727488, 350.5136995779039;
  518.5216473138364, 337.8126216889836]';
tag.uc=[502.656, 330.884];
tags{2}=tag;

tag.id=16;
tag.hammingDistance=0;
tag.familyName='Tag36h11';
tag.H=[2.724169395683985, -13.98003972332396, 494.2171798304321;
  -8.388200798598001, 12.69317976873407, 446.605774590278;
  0.01559880153621835, 0.004604744740429179, 0.999135989734809];
tag.p=[516.351310589366, 451.8195290960804;
  505.7976353680947, 421.2570406003225;
  473.7982707828219, 442.3557976812804;
  483.2433021956295, 473.2995732369876]';
tag.c=[494.6445578059974;
  446.9919802496718];
tag.uH=[2.621151253588136, -14.31992982979165, 493.8739550579448;
  -8.480890016318748, 12.51774186525649, 446.6540420514043;
  0.01548765511462338, 0.004159659937233886, 0.9993058973486616]';
tag.up=[516.0701695659718, 451.8082113172499;
  505.436940270826, 421.1754879881723;
  473.2062352458693, 442.3083317414039;
  482.7330037710485, 473.3420512070215]';
tag.uc=[494.224, 446.965];
tags{3}=tag;

tag.id=0;
tag.hammingDistance=0;
tag.familyName='Tag36h11';
tag.H=[5.882705383551264, -30.50422089358679, 911.9016049514005;
  -21.04052670397243, -9.804832387936106, 639.5328702215869;
  0.003165914632413339, -0.01007252932576958, 0.999473413064461];
tag.p=[930.5859562296557, 666.1283121914461;
  936.385334735283, 620.4106049994654;
  893.9248128160993, 613.2458914892093;
  887.7343696985821, 659.8514399944132]';
tag.c=[912.3820534209523;
  639.8698173078269];
tag.uH=[6.399619490313204, -30.02784862980821, 913.8116863186415;
  -20.8736101147295, -9.393453917023811, 640.9484382506752;
  0.003844596879036773, -0.009111755089375978, 0.9995751854797542]';
tag.up=[932.9226275904715, 667.9808254574956;
  938.4852231317668, 621.6817709956281;
  895.2796084237934, 614.1771698350658;
  889.2906962554458, 661.2814285737226]';
tag.uc=[914.186, 641.213];
tags{4}=tag;

tag.id=3;
tag.hammingDistance=0;
tag.familyName='Tag36h11';
tag.H=[0.2256283072504885, -14.38949501819189, 559.5428243128521;
  -27.14654803567761, -1.902975299080267, 764.3697376282491;
  -0.009450006503323255, 0.008750334112359825, 0.9993950950467804];
tag.p=[573.6523274625641, 793.3440777775069;
  585.1620639484511, 753.2920060505232;
  546.0913760389449, 736.2807494782187;
  535.5052527654638, 775.9599568671428]';
tag.c=[559.8814994050583;
  764.8323885284528];
tag.uH=[1.024153062510549, -14.45614499113755, 558.696615292626;
  -26.79506357139288, -1.846783369288865, 767.0401748043671;
  -0.008322061494206156, 0.008924029236466444, 0.9995108078952569]';
tag.up=[572.7495464738281, 796.5547732173516;
  584.5447661386287, 755.4939681007688;
  545.1991161177078, 738.3186462969487;
  534.2644874584157, 778.9390271321906]';
tag.uc=[558.977, 767.402];
tags{5}=tag;

tag.id=6;
tag.hammingDistance=0;
tag.familyName='Tag36h11';
tag.H=[20.62728404104181, 34.19730066492985, 1094.630916260837;
  34.24323432268423, 19.25754377929025, 787.3072955754886;
  0.02400586509434287, 0.02209946667738556, 0.9993436235283502];
tag.p=[1090.814689828203, 769.8038610275086;
  1079.711236896233, 801.2913543413707;
  1099.485053899046, 804.2555013469052;
  1111.048299566884, 774.3059769459101]';
tag.c=[1095.349878149078;
  787.8244049787082];
tag.uH=[20.52105552404798, 34.23975949974049, 1104.286186158113;
  34.62140238796123, 19.19465165186607, 794.7521775464024;
  0.02367600314026741, 0.02147915223613863, 0.9994872791717928]';
tag.up=[1099.747525087058, 776.3924560901905;
  1088.73888874203, 808.8198158941636;
  1109.514588861419, 812.3050926697199;
  1121.047433118911, 781.4458558064553]';
tag.uc=[1104.84, 795.154];
tags{6}=tag;

tag.id=11;
tag.hammingDistance=0;
tag.familyName='Tag36h11';
tag.H=[-6.393489236893688, 2.923793815880623, 470.2499510973532;
  -3.78609034468233, 26.12899855665432, 871.2229630684777;
  0.009673472900717925, 0.02048911896829546, 0.999485393014371];
tag.p=[488.7119605136867, 875.7454728739116;
  466.2150019943763, 850.949345588115;
  453.3396486268135, 867.836274531876;
  474.6775620323086, 891.9500397511919]';
tag.c=[470.4920696030539;
  871.6715313276728];
tag.uH=[-6.309018638503859, 2.253913932956329, 467.0777165961837;
  -3.700675497565336, 26.02589302285493, 878.0565979825371;
  0.01012548564134156, 0.01972926149847463, 0.9995864524563824]';
tag.up=[485.8381565639075, 882.4440183519328;
  463.1525587286895, 856.9152252848173;
  449.780380686064, 874.6341008235199;
  471.3074517934397, 899.5175933888052]';
tag.uc=[467.275, 878.412];
tags{7}=tag;

tag.id=10;
tag.hammingDistance=0;
tag.familyName='Tag36h11';
tag.H=[6.78682166610951, 18.59166419134525, 588.326125076259;
  31.66140875050063, 9.174919005418612, 951.0798965176311;
  0.019393459195221, 0.001093211448059324, 0.9994969789536201];
tag.p=[575.0170702394214, 929.7589218776343;
  566.4402175862015, 956.5425810979618;
  601.6808320175045, 972.4824752490471;
  611.6316417642225, 946.3886061165028]';
tag.c=[588.6222144384883;
  951.5585504953931];
tag.uH=[5.983508367936693, 18.68314523305961, 586.8629956967867;
  31.59985386448189, 9.159607868156357, 960.6584445866936;
  0.01836216575350559, 0.0007113814655399949, 0.9996002643585755]';
tag.up=[573.3599960414301, 938.1707345921301;
  564.4267892059894, 966.4310741914322;
  600.3178788590413, 983.0628633970791;
  610.5843825021882, 955.4692481790613]';
tag.uc=[587.1, 961.029];
tags{8}=tag;

tag.id=4;
tag.hammingDistance=0;
tag.familyName='Tag36h11';
tag.H=[-14.29569620892189, -20.09099677122204, 718.0982537607086;
  -31.4937886333245, -1.806553496546421, 1014.313986136276;
  -0.0183233517707635, -0.001482489771134215, 0.9996145159067655];
tag.p=[738.1498135117895, 1027.656864620642;
  736.5821737742784, 1001.885578724047;
  697.80108981354, 1001.229800953047;
  700.7714934476978, 1027.099904201792]';
tag.c=[718.3751759640172;
  1014.705138826617];
tag.uH=[-13.65042149623223, -20.3958253588053, 719.347328337368;
  -31.53528408135103, -1.697291115008277, 1027.553126207438;
  -0.01728865247373908, -0.001265288332562916, 0.9996966232169667]';
tag.up=[739.8891031150865, 1041.775918188323;
  738.1454057386159, 1014.278238726203;
  698.4712979665467, 1013.434420509572;
  701.5743493234976, 1041.029397744194]';
