% AprilTagFinder log 12
% @ Fri Mar 16 13:46:22 2018

K=[1664.010615128407, 0, 667.9657771371558;
  0, 1668.819944196452, 457.9230104705811;
  0, 0, 1];
distCoeffs=[-0.2237256636237109;
  0.2343996528647796;
  0;
  0;
  0];
tags={};

tag.id=1;
tag.hammingDistance=0;
tag.familyName='Tag36h11';
tag.H=[21.51704210448641, -15.71653497205464, 960.0116452871713;
  -4.967072797369541, -5.610850354794795, 273.1483953719975;
  0.02215563249607473, 0.0004884666184513658, 0.9991670924970608];
tag.p=[977.151735925326, 290.5475042030242;
  976.8923938264678, 268.2043345266836;
  945.1962949205293, 256.9657431581959;
  944.0185549700693, 278.7771235512986]';
tag.c=[960.8119127382043;
  273.3760923704571];
tag.uH=[21.23323896887252, -15.60016185688902, 962.9481164144186;
  -5.296950632425884, -5.43807204332737, 271.4398905041307;
  0.02169683165778239, 0.0009442522611104402, 0.9993256166008976]';
tag.up=[980.1758597773953, 288.9104173743086;
  980.0996235968801, 266.2347037062275;
  947.7693901280006, 255.1005726655589;
  946.3897113868195, 277.238349253725]';
tag.uc=[963.589, 271.626];
tags{1}=tag;

tag.id=2;
tag.hammingDistance=0;
tag.familyName='Tag36h11';
tag.H=[-13.27014117348936, -5.04926487673696, 502.8326795895223;
  8.02323898251846, 9.978660073646278, 331.0913632689611;
  0.005009736065015171, -0.009359005527194953, 0.9992161630699294];
tag.p=[519.3005545486186, 311.977130801363;
  487.9826061119565, 324.7245895868435;
  487.013163924145, 350.8944408223159;
  518.9164785743783, 338.1709461759742]';
tag.c=[503.2271275963456;
  331.3510884889378];
tag.uH=[-13.46116293593211, -4.891761847243846, 502.333198117347;
  7.95327426716594, 10.13629240892616, 330.7007115217651;
  0.004844080234093705, -0.009136376203641427, 0.9993675350644883]';
tag.up=[518.7839139700151, 311.4699404685855;
  487.2602554531726, 324.1900064559525;
  486.3719916890551, 350.5152048112887;
  518.4795035916383, 337.8198633011617]';
tag.uc=[502.657, 330.913];
tags{2}=tag;

tag.id=16;
tag.hammingDistance=0;
tag.familyName='Tag36h11';
tag.H=[3.127647610605573, -13.90544591521468, 494.1934153133046;
  -8.008167525131247, 12.75807777451846, 446.5886938589131;
  0.01644726265495594, 0.004755377506427943, 0.9991215865326231];
tag.p=[516.3732796994157, 451.815342415704;
  505.7575142809188, 421.2670888240635;
  473.7862773042542, 442.348218635071;
  483.2347266024524, 473.3045182897217]';
tag.c=[494.6279031247498;
  446.9813282773379];
tag.uH=[3.023839027458518, -14.24556813949441, 493.8515610728591;
  -8.101201370564393, 12.58256835721188, 446.6382777339094;
  0.01633552124152992, 0.00431007564644932, 0.9992945067010317]';
tag.up=[516.0922598518257, 451.8040201143044;
  505.3965702503297, 421.1855224730584;
  473.1941292887022, 442.300723497397;
  482.7243554332497, 473.3470140050171]';
tag.uc=[494.207, 446.955];
tags{3}=tag;

tag.id=0;
tag.hammingDistance=0;
tag.familyName='Tag36h11';
tag.H=[5.561448214428968, -30.18534620052587, 911.8893312090526;
  -21.27230894120368, -9.596262419519523, 639.5440929356544;
  0.002815441593142751, -0.009729483764125833, 0.9994776823895206];
tag.p=[930.5653120350622, 666.1547863871299;
  936.378415235076, 620.409111029528;
  893.9128910944211, 613.2357633420022;
  887.7428888151356, 659.8424612185178]';
tag.c=[912.3658759732739;
  639.8783126469136];
tag.uH=[6.0782422394069, -29.70799985574087, 913.7983545912955;
  -21.1055204231003, -9.184302827438673, 640.9590563095176;
  0.003494779088588132, -0.008768381832060012, 0.9995785239453319]';
tag.up=[932.9018021377283, 668.0075371304956;
  938.4781613590712, 621.6802119816646;
  895.267463382535, 614.1668765894593;
  889.2992781061828, 661.2723884224874]';
tag.uc=[914.17, 641.221];
tags{4}=tag;

tag.id=6;
tag.hammingDistance=0;
tag.familyName='Tag36h11';
tag.H=[19.58210203703276, 30.71037929447469, 1036.821567221495;
  34.09555923405546, 15.07620557307261, 711.8085619884554;
  0.0232838865333088, 0.01701958309712871, 0.9993835685178126];
tag.p=[1028.620119460779, 690.9087134119972;
  1019.932839882723, 726.723474519392;
  1045.616621795365, 731.9321092537025;
  1055.210467992278, 697.5891342421261]';
tag.c=[1037.46109089947;
  712.2476138407397];
tag.uH=[19.30633763407845, 30.46373715755412, 1042.760257882409;
  34.23395705723043, 14.81235020026171, 715.8947775098263;
  0.02281536101600808, 0.0161961860234391, 0.9995200591708875]';
tag.up=[1033.817190397781, 694.2660644359519;
  1025.313273324734, 730.8325607353424;
  1051.995292599313, 736.5602303426563;
  1061.458124904765, 701.4558153102739]';
tag.uc=[1043.25, 716.233];
tags{5}=tag;

tag.id=3;
tag.hammingDistance=0;
tag.familyName='Tag36h11';
tag.H=[0.2353592345505922, -14.59618676206518, 559.5425388774602;
  -27.11747344897687, -2.185523286552335, 764.3686642434021;
  -0.009425724041243339, 0.008399623469368881, 0.9993981170422234];
tag.p=[573.6600097243461, 793.3351142495843;
  585.156906041879, 753.3182837109707;
  546.0707054644666, 736.2642936514076;
  535.4880337137087, 775.9363029959181]';
tag.c=[559.8795208194496;
  764.82900178519];
tag.uH=[1.033353676210646, -14.66213827783258, 558.6959886778611;
  -26.76620762147114, -2.129940108358612, 767.0385968235061;
  -0.008298508569627791, 0.008574043221618127, 0.9995132449200749]';
tag.up=[572.7573565778454, 796.5455307400759;
  584.5394640623073, 755.5208187757926;
  545.178333113653, 738.3019811624131;
  534.247214015666, 778.9148950779373]';
tag.uc=[558.975, 767.399];
tags{6}=tag;

tag.id=11;
tag.hammingDistance=0;
tag.familyName='Tag36h11';
tag.H=[-4.989173329161248, 2.371676734458512, 470.2224374927186;
  -1.135728653809371, 25.11435479619912, 871.1738269172739;
  0.01268389215826349, 0.01929998937359163, 0.9994752732111077];
tag.p=[488.7277945354365, 875.6617454801607;
  466.1905722580201, 851.0005889000888;
  453.3431486334928, 867.8506065349078;
  474.6917641823254, 891.9904660218938]';
tag.c=[470.4693053405824;
  871.6311951554062];
tag.uH=[-4.915713129294778, 1.704976410054913, 467.0503284177614;
  -1.03015927809077, 25.00301113591858, 878.0061953173721;
  0.01313429622675566, 0.01853894918018185, 0.9995765709505946]';
tag.up=[485.8552483519001, 882.3566088765734;
  463.127003891744, 856.9687158336749;
  449.7837767392204, 874.6489799137573;
  471.321482956195, 899.5596646635169]';
tag.uc=[467.252, 878.371];
tags{7}=tag;

tag.id=10;
tag.hammingDistance=0;
tag.familyName='Tag36h11';
tag.H=[6.269147811333566, 19.17846110115129, 588.3445114567278;
  30.81988826356094, 10.17215612124415, 951.0715361815587;
  0.01852953306346208, 0.002117321472948195, 0.9995121061169614];
tag.p=[575.0504491147748, 929.7290820439987;
  566.415419079082, 956.487851887085;
  601.6632152856873, 972.4598016871665;
  611.5897561317157, 946.418374388516]';
tag.c=[588.6317012631366;
  951.5357846703916];
tag.uH=[5.467725475430457, 19.26677153465495, 586.8796736150754;
  30.75009851715082, 10.16606929690323, 960.6456333027043;
  0.0174993058402546, 0.001733675165009483, 0.9996119747872928]';
tag.up=[573.3942033623561, 938.1391777584606;
  564.4018599688658, 966.3734869322475;
  600.2999991628196, 983.038953231362;
  610.5415798022983, 955.5007691435395]';
tag.uc=[587.11, 961.005];
tags{8}=tag;

tag.id=4;
tag.hammingDistance=0;
tag.familyName='Tag36h11';
tag.H=[-14.18628208664384, -19.9104297570681, 718.0989176635836;
  -31.35058175625081, -1.562227651847281, 1014.325796093323;
  -0.01818366723627654, -0.001239190966838273, 0.9996175280295186];
tag.p=[738.1411371615445, 1027.671346150505;
  736.585850235292, 1001.897264024387;
  697.8228171155134, 1001.24293356853;
  700.7686368176119, 1027.103261564227]';
tag.c=[718.3736754587783;
  1014.713895716493];
tag.uH=[-13.54072531890284, -20.21500475151815, 719.3474549249559;
  -31.39026717518906, -1.450154906818469, 1027.564766450141;
  -0.01714911914007839, -0.001022223303158782, 0.9996988774477941]';
tag.up=[739.8802850868848, 1041.791354022491;
  738.1492293359289, 1014.290692665513;
  698.4935459319953, 1013.448441189335;
  701.5714309640432, 1041.032979225841]';
