% AprilTagFinder log 33
% @ Fri Mar 16 13:46:28 2018

K=[1664.010615128407, 0, 667.9657771371558;
  0, 1668.819944196452, 457.9230104705811;
  0, 0, 1];
distCoeffs=[-0.2237256636237109;
  0.2343996528647796;
  0;
  0;
  0];
tags={};

tag.id=1;
tag.hammingDistance=0;
tag.familyName='Tag36h11';
tag.H=[16.9995435786276, -15.97515561111173, 960.0819066530788;
  -6.260276103022837, -5.656332303071647, 273.2283595035632;
  0.0174828981153465, 0.0002043116540408697, 0.9992602376913671];
tag.p=[977.0618093652362, 290.4979658144421;
  976.8998313178762, 268.1888868640661;
  945.0894409739744, 256.9569860762673;
  944.118666883455, 278.8568431604637]';
tag.c=[960.7926648529481;
  273.4306331800154];
tag.uH=[16.70161511677749, -15.85922567744, 962.9982404202539;
  -6.581916874896695, -5.482606564909971, 271.5151773303583;
  0.01702341166531586, 0.0006599746037881391, 0.9993985312253066]';
tag.up=[980.0841174542093, 288.8609015560839;
  980.1073868527678, 266.2189430197535;
  947.6603450361818, 255.092604084027;
  946.4912619207471, 277.3183783618616]';
tag.uc=[963.569, 271.681];
tags{1}=tag;

tag.id=2;
tag.hammingDistance=0;
tag.familyName='Tag36h11';
tag.H=[-14.12569430936161, -6.291000122851959, 502.8509346402917;
  7.446630998204969, 9.209133919799932, 331.0467943908199;
  0.003336571315224616, -0.0117616821012623, 0.9991963486987229];
tag.p=[519.3097309976646, 312.0130347696012;
  488.0399042068007, 324.6436398089228;
  486.9279827142036, 350.9413131949104;
  518.9377271178829, 338.1871166176439]';
tag.c=[503.2553764784732;
  331.3130545582457];
tag.uH=[-14.31640941586642, -6.132980956085781, 502.3536280475621;
  7.376981670145762, 9.367490583384582, 330.6573653912196;
  0.003170118653986967, -0.01154038119564323, 0.9993518551396905]';
tag.up=[518.7932782097641, 311.5061222309579;
  487.3177716940875, 324.1087230386927;
  486.2862074690995, 350.562065285878;
  518.5009357604249, 337.8361786324411]';
tag.uc=[502.686, 330.875];
tags{2}=tag;

tag.id=16;
tag.hammingDistance=0;
tag.familyName='Tag36h11';
tag.H=[2.875473815767885, -14.03345691206139, 494.2160731063516;
  -8.24531198884349, 12.63164248476468, 446.6021449472952;
  0.01590892229293404, 0.004507300086282663, 0.9991319917188264];
tag.p=[516.3644768323771, 451.8327264204192;
  505.7971321198168, 421.2875104865955;
  473.7962200614532, 442.341489305819;
  483.2362728851367, 473.2861455417071]';
tag.c=[494.6454294353462;
  446.9901360870217];
tag.uH=[2.772148728406002, -14.37363706554151, 493.8732598325193;
  -8.338153341746617, 12.45591683801733, 446.6507665437489;
  0.01579745299313519, 0.004061661596814609, 0.9993026970584399]';
tag.up=[516.083410752458, 451.8214351434966;
  505.436462648474, 421.2060316877181;
  473.20415904054, 442.2939781950809;
  482.7259227294354, 473.3285891048366]';
tag.uc=[494.225, 446.964];
tags{3}=tag;

tag.id=0;
tag.hammingDistance=0;
tag.familyName='Tag36h11';
tag.H=[6.12280230824059, -30.30888261361734, 911.8985159201361;
  -20.86258877956706, -9.666192426758236, 639.5238673679632;
  0.003442390342637051, -0.009865006178260131, 0.9994747178498331];
tag.p=[930.5965577976433, 666.1242913521966;
  936.3615207908939, 620.3974794771646;
  893.9233236747699, 613.2559257730906;
  887.7467464836694, 659.8477252763524]';
tag.c=[912.3777716778075;
  639.8599743911171];
tag.uH=[6.640663104804987, -29.83225619042105, 913.8079264913495;
  -20.69489237489707, -9.254615611922496, 640.9389051177207;
  0.004121780219625833, -0.008904544827495966, 0.9995759158062849]';
tag.up=[932.9334032601836, 667.9768320837121;
  938.4608654097988, 621.6683263899175;
  895.2781536189035, 614.1872940242783;
  889.3032288291081, 661.2777501535629]';
tag.uc=[914.182, 641.203];
tags{4}=tag;

tag.id=6;
tag.hammingDistance=0;
tag.familyName='Tag36h11';
tag.H=[19.61484891583511, 35.38781024906154, 1049.636976578594;
  33.95980212643477, 18.26374708345092, 729.3854248602828;
  0.02305410095742906, 0.02177545961261516, 0.9993158115544148];
tag.p=[1042.062487948802, 709.4516814171328;
  1033.249796907968, 744.6388271935632;
  1057.936629547999, 748.5633657312261;
  1067.50526905533, 715.0929756127368]';
tag.c=[1050.355617756018;
  729.8848036095205];
tag.uH=[19.36458741975096, 35.23723138657927, 1056.332428464707;
  34.14190264987768, 18.05703227186471, 734.1439167745524;
  0.02259671529435434, 0.0210041900195024, 0.9994681102866952]';
tag.up=[1047.980532865017, 713.4307540188353;
  1039.362705978991, 749.4369229820163;
  1065.062660088537, 753.8743063697291;
  1074.493048215009, 719.5907710979541]';
tag.uc=[1056.88, 734.528];
tags{5}=tag;

tag.id=3;
tag.hammingDistance=0;
tag.familyName='Tag36h11';
tag.H=[0.2740321739813432, -14.47791676184199, 559.5357119115644;
  -27.08019989376078, -2.029503082045476, 764.3736749508876;
  -0.009384385137244931, 0.008598210000918208, 0.9993970263660958];
tag.p=[573.6345057961217, 793.3380372063485;
  585.163252723772, 753.3239318828246;
  546.0904281704316, 736.2867838554113;
  535.4773689787932, 775.9388482692328]';
tag.c=[559.8733007502436;
  764.834850199849];
tag.uH=[1.072237066128074, -14.54432814202351, 558.6891706897993;
  -26.72864370054194, -1.973795564778824, 767.0438881718077;
  -0.008256974399794248, 0.008772053360477072, 0.9995123131229275]';
tag.up=[572.7315590937765, 796.5486574810734;
  584.5458433567576, 755.5265615393081;
  545.1981271752469, 738.3248028159351;
  534.2364037823988, 778.9175736694098]';
tag.uc=[558.968, 767.405];
tags{6}=tag;

tag.id=11;
tag.hammingDistance=0;
tag.familyName='Tag36h11';
tag.H=[-5.716399497847266, 2.828445637083408, 470.2310050144745;
  -2.480339797970406, 25.97623166287807, 871.1961181923622;
  0.01113048814406324, 0.02030642370379162, 0.9994738438958791];
tag.p=[488.7406081442427, 875.6899641566569;
  466.2093658818749, 850.9959878108222;
  453.3302699093032, 867.8656276234199;
  474.6700588263768, 891.9376259010087]';
tag.c=[470.4785501755073;
  871.6547446569494];
tag.uH=[-5.638830680008293, 2.158624242224371, 467.059517450082;
  -2.386490495227156, 25.8718493591339, 878.0306348040378;
  0.01157911746184547, 0.0195460662565556, 0.9995766006704573]';
tag.up=[485.8680158230263, 882.3858660211101;
  463.14625180933, 856.963715730529;
  449.7704015931481, 874.6647903206474;
  471.2999290175022, 899.5047132929686]';
tag.uc=[467.261, 878.395];
tags{7}=tag;

tag.id=10;
tag.hammingDistance=0;
tag.familyName='Tag36h11';
tag.H=[6.592604706604118, 19.18525830008468, 588.3374429464362;
  31.34899746613165, 10.18661644780609, 951.0816898096259;
  0.01906294634598602, 0.002122318360422594, 0.999501829025307];
tag.p=[575.0281661962863, 929.7052805488496;
  566.4312675860589, 956.5165879503926;
  601.6685326233224, 972.4991232077534;
  611.5955890625582, 946.4238032269767]';
tag.c=[588.6306816668564;
  951.5557272537465];
tag.uH=[5.789556905480019, 19.27273126350586, 586.8739428432592;
  31.28401849478773, 10.17961191560542, 960.6591956713022;
  0.01803124460244454, 0.001737097459522303, 0.9996042036688585]';
tag.up=[573.3716473872416, 938.1143217997129;
  564.4178373874765, 966.4037028845705;
  600.3052377604022, 983.0805429367388;
  610.5475021912582, 955.5064634946721]';
tag.uc=[587.109, 961.026];
tags{8}=tag;

tag.id=4;
tag.hammingDistance=0;
tag.familyName='Tag36h11';
tag.H=[-14.22398639554112, -20.43893515963716, 718.1009177927384;
  -31.44521927749408, -2.334825903262173, 1014.313214071675;
  -0.01826568673027947, -0.001973902884143934, 0.9996147768308996];
tag.p=[738.1091498109247, 1027.68914242681;
  736.6001524669496, 1001.911709302122;
  697.8306221745195, 1001.182367788726;
  700.7396118735733, 1027.086198508782]';
tag.c=[718.3776535090341;
  1014.704101601393];
tag.uH=[-13.57752548060204, -20.74338688097186, 719.3500579988024;
  -31.48589244838505, -2.232613845343599, 1027.552285288947;
  -0.01723039562164774, -0.00175537703355713, 0.9996968783525561]';
tag.up=[739.8475806433012, 1041.810205804291;
  738.1639422414569, 1014.306139361296;
  698.5013895646372, 1013.384026990689;
  701.5416476804537, 1041.014664934396]';
