% AprilTagFinder log 60
% @ Wed Mar  7 16:05:42 2018

K=[1664.010615128407, 0, 667.9657771371558;
  0, 1668.819944196452, 457.9230104705811;
  0, 0, 1];
distCoeffs=[-0.2237256636237109;
  0.2343996528647796;
  0;
  0;
  0];
tags={};

tag.id=0;
tag.hammingDistance=0;
tag.familyName='Tag36h11';
tag.H=[25.33456316432027, 3.077009134674038, 537.9117319185476;
  -1.070523262725855, -27.40499094536777, 64.35597324954898;
  -0.008536367347644347, 0.002739916494883323, 0.9597401134104967];
tag.p=[527.6860333179843, 96.14497357588591;
  590.6069040116737, 95.61823878249623;
  593.6653561900113, 37.61276524994344;
  531.0457983486905, 39.15639908292874]';
tag.c=[560.4764502413518;
  67.05562511173571];
tag.uH=[25.93386316731417, 1.226374267471541, 536.5424399473238;
  -0.8372794027791221, -28.59022306742203, 59.5288924515806;
  -0.008270710141060671, -0.0002907648810250462, 0.9596931918808786]';
tag.up=[526.0292372411577, 91.87213691472255;
  589.7723322105097, 91.70958120177443;
  592.6107860117831, 31.64716445571958;
  528.9795569431859, 32.83684718591292]';
tag.uc=[559.095, 62.0323];
tags{1}=tag;

tag.id=24;
tag.hammingDistance=0;
tag.familyName='Tag36h11';
tag.H=[24.99150636925962, 1.666041767365031, 550.0758629428351;
  -1.192200635357282, -28.4710671258487, 138.6655791003001;
  -0.01085679105165574, 0.0002320676836756104, 0.9889843327762302];
tag.p=[523.6230220094151, 168.3946797268929;
  586.3625947416422, 169.6954838179884;
  589.490209462235, 111.4133395235142;
  526.7118475046642, 111.3785606445995]';
tag.c=[556.2028079845189;
  140.2100867574359];
tag.uH=[25.61440366278801, 0.203793900551966, 549.8332621661966;
  -0.9261282696705337, -29.53521583385727, 136.0303543945035;
  -0.01045249201779255, -0.002153593818415238, 0.9903601157185704]';
tag.up=[522.4274849495197, 165.9966248401936;
  585.7820344796123, 167.644908785429;
  588.7099678526401, 107.9681747236892;
  525.1568546884668, 107.5636286892583]';
tag.uc=[555.202, 137.364];
tags{2}=tag;

