% AprilTagFinder log 83
% @ Fri Mar 16 13:46:57 2018

K=[1664.010615128407, 0, 667.9657771371558;
  0, 1668.819944196452, 457.9230104705811;
  0, 0, 1];
distCoeffs=[-0.2237256636237109;
  0.2343996528647796;
  0;
  0;
  0];
tags={};

tag.id=1;
tag.hammingDistance=0;
tag.familyName='Tag36h11';
tag.H=[18.6159597286689, -16.02568111089056, 960.0873454094058;
  -5.781846904134794, -5.677407622615954, 273.1931291890634;
  0.01914526136088317, 0.0001485127287452218, 0.9992312753585209];
tag.p=[977.1001370513858, 290.4801411796427;
  976.9216352447305, 268.1999350570318;
  945.1683339047731, 256.9734291798946;
  944.1064146765867, 278.8083474097714]';
tag.c=[960.8259559979541;
  273.4033010436373];
tag.uH=[18.32310930349896, -15.90958114013931, 963.0107970777259;
  -6.106232187068807, -5.503627532937591, 271.4810686595121;
  0.01868600959319898, 0.0006045652564700348, 0.999376031138238]';
tag.up=[980.1235292621432, 288.8425184097197;
  980.129639042818, 266.2299696702627;
  947.740769788642, 255.1086198513359;
  946.4791304830039, 277.2693193406239]';
tag.uc=[963.603, 271.653];
tags{1}=tag;

tag.id=2;
tag.hammingDistance=0;
tag.familyName='Tag36h11';
tag.H=[-14.43841059803467, -6.243600275239943, 502.8768434925186;
  7.247916123455006, 9.207345999545694, 331.027983462152;
  0.002705015829028536, -0.01172520374422292, 0.9991993625917811];
tag.p=[519.2905197112332, 312.0081545542048;
  488.0303829660558, 324.6437943170492;
  486.9773521309807, 350.9296645212196;
  518.976104641915, 338.1375378167969]';
tag.c=[503.2797881176861;
  331.2932292145508];
tag.uH=[-14.62879700903401, -6.084804979412716, 502.3793352362061;
  7.178535708204236, 9.366088189103468, 330.6382971338016;
  0.002538297208520225, -0.01150270104659041, 0.9993541929106361]';
tag.up=[518.7739156415645, 311.5011420916296;
  487.3081637538866, 324.1088422531022;
  486.3359741019929, 350.550506675421;
  518.539421363627, 337.7864509796109]';
tag.uc=[502.71, 330.855];
tags{2}=tag;

tag.id=16;
tag.hammingDistance=0;
tag.familyName='Tag36h11';
tag.H=[3.227776414038896, -13.92254877289223, 494.1898455075986;
  -7.918564612721979, 12.73383239120107, 446.5776271505234;
  0.01663691961524255, 0.004711489651681559, 0.9991191650180609];
tag.p=[516.3629765942353, 451.8056576898502;
  505.7543190800843, 421.2724465970193;
  473.7975858640268, 442.339282799144;
  483.2278643809786, 473.2911155768752]';
tag.c=[494.6255289764813;
  446.9713351384373];
tag.uH=[3.124069485950869, -14.26254705704077, 493.8482157073868;
  -8.011471951109527, 12.5583912595152, 446.6274008373513;
  0.01652545863645774, 0.004266349848075824, 0.9992925703237978]';
tag.up=[516.0818981991832, 451.7943158432919;
  505.3933595385954, 421.1908902699289;
  473.2055361760723, 442.2917655356594;
  482.7174428402037, 473.3335768766166]';
tag.uc=[494.205, 446.945];
tags{3}=tag;

tag.id=0;
tag.hammingDistance=0;
tag.familyName='Tag36h11';
tag.H=[4.746916389745549, -30.29704445927833, 911.8958140857529;
  -21.8360470278762, -9.676416914981457, 639.5541001537129;
  0.001932920813476008, -0.009859771234265081, 0.9994786431416534];
tag.p=[930.5547251288438, 666.1335166274587;
  936.3854605425266, 620.4017143661225;
  893.8975175306238, 613.2222650138734;
  887.7840696889241, 659.839020231888]';
tag.c=[912.3714852169306;
  639.887709999893];
tag.uH=[5.262349127999959, -29.8201147966947, 913.8053481905843;
  -21.67025080897505, -9.264760545418229, 640.9694636433048;
  0.002612664771265312, -0.008898999465139536, 0.9995798746091895]';
tag.up=[932.8908274968555, 667.9858453724346;
  938.4852910192544, 621.6727751539554;
  895.2517994647851, 614.1531611086426;
  889.34103921185, 661.2691881662291]';
tag.uc=[914.175, 641.231];
tags{4}=tag;

tag.id=3;
tag.hammingDistance=0;
tag.familyName='Tag36h11';
tag.H=[0.1127626151950398, -14.46116349851125, 559.524545756857;
  -27.27907376277033, -2.026239466945245, 764.3657311278151;
  -0.009648738370623142, 0.008623457894530933, 0.999394411592203];
tag.p=[573.6321977566561, 793.3380866550851;
  585.1447076643682, 753.3341772162532;
  546.0667080762703, 736.2611633197738;
  535.4903221110059, 775.9108526574731]';
tag.c=[559.8635926585187;
  764.8289026452053];
tag.uH=[0.9106890447359144, -14.52657076946153, 558.6783406819823;
  -26.92855401009321, -1.969565811953849, 767.0364202457997;
  -0.008521973206873279, 0.008798972784617743, 0.9995104480962873]';
tag.up=[572.729225535608, 796.5487195845716;
  584.5271010150911, 755.537093720643;
  545.1743137081331, 738.2988113670797;
  534.2496955568852, 778.8887942001289]';
tag.uc=[558.958, 767.399];
tags{5}=tag;

tag.id=11;
tag.hammingDistance=0;
tag.familyName='Tag36h11';
tag.H=[-5.158772887832947, 3.024834397128412, 470.2144159927053;
  -1.45843301751321, 26.34748635224429, 871.1554532348487;
  0.01231859782051893, 0.02072444374046374, 0.9994511221987709];
tag.p=[488.7669753047594, 875.6822473396722;
  466.2055506107408, 850.96973271665;
  453.3492720167242, 867.8446213261853;
  474.6685674760508, 891.9533237763131]';
tag.c=[470.4726479852698;
  871.6338737189324];
tag.uH=[-5.084245279100711, 2.353368683258253, 467.0451505740061;
  -1.355878435376745, 26.24587290053676, 877.9928511364006;
  0.01276869432367173, 0.01996367669214088, 0.9995582382905627]';
tag.up=[485.8950172006213, 882.3775322056216;
  463.1426654576326, 856.9365032282192;
  449.7901211337593, 874.6426672751884;
  471.2982105393687, 899.5211364713075]';
tag.uc=[467.255, 878.373];
tags{6}=tag;

tag.id=10;
tag.hammingDistance=0;
tag.familyName='Tag36h11';
tag.H=[6.719135287491404, 18.5766670166643, 588.3171306342464;
  31.55044327434849, 9.15939386288753, 951.0762630960853;
  0.01929517567158131, 0.001071254761898918, 0.9994989879322024];
tag.p=[575.0205363085636, 929.7683127649829;
  566.4209716582426, 956.5150828876408;
  601.660691585863, 972.4676240347891;
  611.6273433753163, 946.4066141031498]';
tag.c=[588.6120323657125;
  951.5530026335539];
tag.uH=[5.916585221341695, 18.66816600153201, 586.8535379524122;
  31.48821669799379, 9.144269458062878, 960.6541042585362;
  0.01826509278117028, 0.0006895417199761471, 0.9996017728456169]';
tag.up=[573.3634681583824, 938.180575891899;
  564.4073329000714, 966.4021895377628;
  600.2973838980561, 983.0472443091508;
  610.5799302859335, 955.4882318590935]';
tag.uc=[587.09, 961.023];
tags{7}=tag;

tag.id=4;
tag.hammingDistance=0;
tag.familyName='Tag36h11';
tag.H=[-14.69196260636935, -20.4864620299459, 718.0950389131476;
  -32.08397701471652, -2.387920556353543, 1014.315898110839;
  -0.01890567456056164, -0.002037072480865158, 0.9996027705475531];
tag.p=[738.108639513755, 1027.673707449768;
  736.6076824878418, 1001.918802912449;
  697.807816682069, 1001.209794009365;
  700.7580918373576, 1027.094301604155]';
tag.c=[718.3804007663925;
  1014.718974373417];
tag.uH=[-14.04711242512886, -20.79153229116113, 719.3463956425494;
  -32.13341960779158, -2.28646560537586, 1027.558829479384;
  -0.01787133775631494, -0.001819177853932042, 0.9996878050054877]';
tag.up=[739.8469729571698, 1041.793699953784;
  738.1716858246766, 1014.313727416023;
  698.4781313213529, 1013.413151751968;
  701.5606033888154, 1041.023374317343]';
tag.uc=[719.571, 1027.87];
tags{8}=tag;

tag.id=13;
tag.hammingDistance=0;
tag.familyName='Tag36h11';
tag.H=[-8.197835258530212, 10.07276443169175, 857.7519198064467;
  8.746129648273728, -0.5080173378283133, 1059.066189753922;
  0.0001921571195269503, -0.003332496786109603, 0.9998955781363319];
tag.p=[853.2864830085332, 1047.647505729653;
  836.6198859752642, 1064.678887893245;
  862.4252131339035, 1070.778723674357;
  879.2132510019314, 1053.635766798783]';
tag.c=[857.8414972143178;
  1059.176790968389];
tag.uH=[-8.344948363420601, 10.42701438367252, 863.3363914962424;
  9.288621365525337, -0.2848259135200235, 1076.724311047737;
  0.0002044440877894553, -0.003462429395647218, 0.999911195488553]';
