% AprilTagFinder log 19
% @ Wed Mar  7 16:07:17 2018

K=[1664.010615128407, 0, 667.9657771371558;
  0, 1668.819944196452, 457.9230104705811;
  0, 0, 1];
distCoeffs=[-0.2237256636237109;
  0.2343996528647796;
  0;
  0;
  0];
tags={};

tag.id=16;
tag.hammingDistance=0;
tag.familyName='Tag16h5';
tag.H=[49.22593885239574, 98.73217648763314, 420.0705167237505;
  59.29091371536808, 100.9587360377911, 445.6705455476426;
  0.1280462831226568, 0.208457171458535, 0.9694190579665931];
tag.p=[429.9347336804782, 450.9620149476424;
  416.8288793593898, 454.4420816661766;
  434.9635040409755, 463.9786736800208;
  447.2883975284279, 464.2069599809798]';
tag.c=[433.3219089016779;
  459.7295069507502];
tag.uH=[49.17926123322717, 99.44105278934738, 421.5887973608627;
  59.51636814839265, 101.824728527463, 448.3618444846149;
  0.1285241873835531, 0.2102222018032208, 0.9752543428237765]';
tag.up=[428.8531161829128, 450.9303840542566;
  415.5606977890858, 454.4245038040769;
  433.9488050055543, 464.0050454211022;
  446.4254904616436, 464.231531889752]';
tag.uc=[432.286, 459.737];
tags{1}=tag;

