% AprilTagFinder log 65
% @ Wed Mar  7 16:05:43 2018

K=[1664.010615128407, 0, 667.9657771371558;
  0, 1668.819944196452, 457.9230104705811;
  0, 0, 1];
distCoeffs=[-0.2237256636237109;
  0.2343996528647796;
  0;
  0;
  0];
tags={};

tag.id=0;
tag.hammingDistance=0;
tag.familyName='Tag36h11';
tag.H=[25.1520065629123, 3.254601914212447, 544.654517646016;
  -1.152104455482501, -27.7649415824798, 65.46173230261101;
  -0.009308848866963003, 0.003456417441052732, 0.9599052803597234];
tag.p=[534.5521996551049, 97.7251097131516;
  598.1712459503224, 97.21326104229149;
  600.6597294516297, 38.3046770474913;
  537.4451964112861, 39.94044572307212]';
tag.c=[567.404439573358;
  68.19603313160158];
tag.uH=[25.74821912215839, 1.36453274219697, 543.4997346938407;
  -0.9273414355977135, -28.97468297063718, 60.72644658410163;
  -0.009050598218183071, 0.0003857283787651336, 0.9600549435765757]';
tag.up=[533.0072955847078, 93.554085942325;
  597.4304323276493, 93.38461298543825;
  599.7123953821155, 32.39853997490883;
  535.4986642439574, 33.70681955362943]';
tag.uc=[566.13, 63.2563];
tags{1}=tag;

tag.id=24;
tag.hammingDistance=0;
tag.familyName='Tag36h11';
tag.H=[25.57499773102424, 1.093992088450496, 557.8474287038011;
  -1.213859840420932, -28.86848218125998, 140.4451933054789;
  -0.01017083501227264, -0.0002717644264232204, 0.9890249938230045];
tag.p=[531.4613925108454, 170.6183736989949;
  594.7431484819635, 171.6835512745405;
  597.3093547130838, 112.7782922696403;
  533.9409090888851, 112.9120570655062]';
tag.c=[564.0377464552056;
  142.0036846213544];
tag.uH=[26.17735150795727, -0.3964248646319466, 557.7170070470131;
  -0.966384192830494, -29.93978612551074, 137.8988767354039;
  -0.009785143250246046, -0.002684956509182043, 0.9904151727777329]';
tag.up=[530.3678466905739, 168.3167569007778;
  594.2362034257682, 169.7018185589507;
  596.6183665350793, 109.4029314489899;
  532.4969009678847, 109.1948467760578]';
tag.uc=[563.13, 139.243];
tags{2}=tag;

