% AprilTagFinder log 65
% @ Fri Mar 16 13:46:42 2018

K=[1664.010615128407, 0, 667.9657771371558;
  0, 1668.819944196452, 457.9230104705811;
  0, 0, 1];
distCoeffs=[-0.2237256636237109;
  0.2343996528647796;
  0;
  0;
  0];
tags={};

tag.id=1;
tag.hammingDistance=0;
tag.familyName='Tag36h11';
tag.H=[17.71367764512318, -17.19225079191992, 960.1011761820173;
  -6.067065871220423, -6.003280966997231, 273.1999131601769;
  0.01825986240892313, -0.001055294777107042, 0.999244176821475];
tag.p=[977.129374771983, 290.487529554728;
  976.876919584273, 268.1592707822961;
  945.0772685561265, 256.9038210209122;
  944.1451668501124, 278.8607058152643]';
tag.c=[960.8273917952978;
  273.4065601755183];
tag.uH=[17.41906643620927, -17.08156747040155, 963.022249189367;
  -6.389661250382819, -5.827781989845367, 271.4871623861518;
  0.01780218108146712, -0.0006011870826981273, 0.9993863605476708]';
tag.up=[980.1534268612882, 288.8497765341234;
  980.0841661475997, 266.1890631130681;
  947.6483717590047, 255.0387194360321;
  946.5182749911024, 277.3220891452672]';
tag.uc=[963.605, 271.657];
tags{1}=tag;

tag.id=2;
tag.hammingDistance=0;
tag.familyName='Tag36h11';
tag.H=[-13.81763533247911, -6.72860911413798, 502.825052577689;
  7.650307592214855, 8.923728240593011, 331.0315798584272;
  0.00394354818144018, -0.01261534025654667, 0.9991838500912783];
tag.p=[519.291925477859, 312.0065323538727;
  488.0527396899179, 324.6473213163396;
  486.8984725910302, 350.9352691651532;
  518.9305164180713, 338.1809067293525]';
tag.c=[503.2357684041375;
  331.3019719325793];
tag.uH=[-14.00844812008875, -6.570563447803353, 502.3289254132659;
  7.580619175423507, 9.082208463762687, 330.6429227553667;
  0.003777651086749377, -0.01239480387035879, 0.9993420782790938]';
tag.up=[518.775325668042, 311.4995136414162;
  487.3307388062901, 324.1124786684649;
  486.2564198662417, 350.5558976878106;
  518.4936607035822, 337.8299158159814]';
tag.uc=[502.666, 330.864];
tags{2}=tag;

tag.id=16;
tag.hammingDistance=0;
tag.familyName='Tag36h11';
tag.H=[3.115072312088416, -14.00265285690182, 494.2041851741243;
  -8.019310457598232, 12.67428027097664, 446.5811459894352;
  0.01640925598434508, 0.004578023273102199, 0.9991231296722136];
tag.p=[516.3820194349894, 451.8044972880439;
  505.7813976267005, 421.2727805603163;
  473.788523672085, 442.3404681031222;
  483.2273631270308, 473.2893465006147]';
tag.c=[494.6379184878443;
  446.9730834236085];
tag.uH=[3.01137254463028, -14.34296946947465, 493.8622196415944;
  -8.112277074043988, 12.49856168124882, 446.6305428660687;
  0.01629760199928987, 0.004132291587596594, 0.9992956740557456]';
tag.up=[516.1010464257133, 451.7931561187309;
  505.4206128582065, 421.1912508547223;
  473.1963923174415, 442.29295011759;
  482.7169382632628, 473.3318030736927]';
tag.uc=[494.217, 446.947];
tags{3}=tag;

tag.id=0;
tag.hammingDistance=0;
tag.familyName='Tag36h11';
tag.H=[4.959324887326904, -30.70208138299248, 911.8955518041173;
  -21.66628244291803, -9.959358380540591, 639.5526371862946;
  0.002181760007643592, -0.01029691843075746, 0.9994739534290197];
tag.p=[930.576062474744, 666.1229960851845;
  936.3649327398354, 620.4299424226147;
  893.8769694408902, 613.2260080057235;
  887.7794734550544, 659.840606891317]';
tag.c=[912.3755038093426;
  639.8892487313969];
tag.uH=[5.475575833281789, -30.22562284873077, 913.8061869297363;
  -21.49977089371779, -9.548048519365805, 640.9687645127379;
  0.002862102062365215, -0.009335635203816075, 0.9995763248309651]';
tag.up=[932.9124946518582, 667.975342214885;
  938.464562757666, 621.7011998960813;
  895.2309832871458, 614.1568269124065;
  889.3363865433178, 661.270764128487]';
tag.uc=[914.18, 641.232];
tags{4}=tag;

tag.id=3;
tag.hammingDistance=0;
tag.familyName='Tag36h11';
tag.H=[0.2180211247508819, -14.34681483171475, 559.5292661601736;
  -27.1534266978904, -1.860150273668215, 764.3594685818179;
  -0.009476160390983627, 0.008820817749260757, 0.9993943905989893];
tag.p=[573.6295314115722, 793.3335905029551;
  585.1550466103995, 753.3056175384353;
  546.0890645746997, 736.274298190575;
  535.4908638744149, 775.9255598131887]';
tag.c=[559.8683276827464;
  764.8226523701992];
tag.uH=[1.016273932895476, -14.41310786102342, 558.6830590410929;
  -26.80214345474746, -1.80357614761675, 767.0298578543285;
  -0.008348747519941533, 0.008995111201843289, 0.9995102564642451]';
tag.up=[572.726551921537, 796.5441154944951;
  584.5376370548775, 755.5078930524737;
  545.1968164769545, 738.3120821260895;
  534.2501482470195, 778.9038650847568]';
tag.uc=[558.963, 767.392];
tags{5}=tag;

tag.id=6;
tag.hammingDistance=0;
tag.familyName='Tag36h11';
tag.H=[12.0098856678935, 32.27843953132793, 1105.392300433302;
  27.89810679933754, 19.23350231738757, 807.64964980847;
  0.0164433543878429, 0.02095947568852411, 0.9995364127199398];
tag.p=[1102.865542140806, 790.4495325920691;
  1090.554389621631, 820.3996052442919;
  1108.725157832958, 824.331092552841;
  1121.117487537378, 795.7602000435872]';
tag.c=[1105.904983916801;
  808.0242395679142];
tag.uH=[11.85016490876536, 32.32559287672487, 1115.937771491842;
  28.26074799617223, 19.19830427415736, 816.0725076594084;
  0.01614929677783756, 0.02034991719246484, 0.9996387045778767]';
tag.up=[1112.778854270593, 798.0293003235943;
  1100.487026731762, 828.9193532224408;
  1119.650920642709, 833.4137983822372;
  1132.071164424378, 803.9264704781103]';
tag.uc=[1116.33, 816.361];
tags{6}=tag;

tag.id=11;
tag.hammingDistance=0;
tag.familyName='Tag36h11';
tag.H=[-4.771154637367424, 2.347130228864878, 470.2231320352396;
  -0.71595043619801, 25.07282297233807, 871.1534487168722;
  0.01315948231034018, 0.01927425338699222, 0.9994694307984647];
tag.p=[488.7587488632597, 875.6621709730937;
  466.2029242392631, 851.0199927436582;
  453.3362458953578, 867.8239880724891;
  474.6906484920621, 891.9613299939247]';
tag.c=[470.4727503867564;
  871.6159012696543];
tag.uH=[-4.700268251115357, 1.680932867192062, 467.0517735444184;
  -0.6084868615676551, 24.96152659653199, 877.985975851456;
  0.01360806273648407, 0.01851420701200441, 0.9995717095726615]';
tag.up=[485.8868420874908, 882.3567071032146;
  463.1393895370772, 856.9887140876588;
  449.7770576520739, 874.6213506346227;
  471.3206997131028, 899.5292302982889]';
tag.uc=[467.256, 878.355];
tags{7}=tag;

tag.id=10;
tag.hammingDistance=0;
tag.familyName='Tag36h11';
tag.H=[6.722963713933714, 18.20436395359546, 588.3060991279621;
  31.55477754605107, 8.525322115493767, 951.0760443529182;
  0.01928102986448151, 0.0004341422562389734, 0.9994997469823587];
tag.p=[575.0026954037231, 929.7920870207831;
  566.4325675512221, 956.555917892426;
  601.6723414283847, 972.4702076444208;
  611.6206093055471, 946.3558690020745]';
tag.c=[588.6005483284487;
  951.5520611429478];
tag.uH=[5.919896990356354, 18.29819193830193, 586.8420758528696;
  31.49219539815715, 8.504509779379291, 960.6535717046729;
  0.01824978057826924, 5.43902984862635e-05, 0.9996021856056728]';
tag.up=[573.3451342418421, 938.2056619604034;
  564.418879088058, 966.445207683659;
  600.3092680473385, 983.0499216124936;
  610.5732706064946, 955.4348132011169]';
tag.uc=[587.078, 961.022];
tags{8}=tag;

tag.id=4;
tag.hammingDistance=0;
tag.familyName='Tag36h11';
tag.H=[-14.52643234978516, -21.4748429442339, 718.1246182566794;
  -31.87249603809069, -3.802721190816022, 1014.315279406629;
  -0.01868971185019977, -0.003422784801285685, 0.9996031390156025];
tag.p=[738.0976342388284, 1027.673904539972;
  736.6111497640053, 1001.939675254709;
  697.8310721347735, 1001.175888303979;
  700.7559208244695, 1027.111833435077]';
tag.c=[718.4097270481565;
  1014.717981383607];
tag.uH=[-13.88068918949118, -21.78132158277287, 719.3766837960148;
  -31.91898242262205, -3.719903670323729, 1027.558257875191;
  -0.01765479827116079, -0.003204740152998134, 0.9996881747926682]';
tag.up=[739.8356885693315, 1041.793850163395;
  738.1753433043531, 1014.335956611102;
  698.5018349515387, 1013.377134954326;
  701.5584238432854, 1041.042109345456]';
