% AprilTagFinder log 14
% @ Fri Mar 16 13:46:23 2018

K=[1664.010615128407, 0, 667.9657771371558;
  0, 1668.819944196452, 457.9230104705811;
  0, 0, 1];
distCoeffs=[-0.2237256636237109;
  0.2343996528647796;
  0;
  0;
  0];
tags={};

tag.id=1;
tag.hammingDistance=0;
tag.familyName='Tag36h11';
tag.H=[19.34552391094814, -13.62047132001608, 960.0175516033761;
  -5.569679602355134, -5.000517301044852, 273.1762203158022;
  0.01990739521400044, 0.002647058665045084, 0.9992129247701176];
tag.p=[977.0994953248888, 290.5277798495118;
  976.8909666603033, 268.1891087432354;
  945.1687579525949, 257.011555565204;
  944.0899362074036, 278.7765783203553]';
tag.c=[960.7737528257464;
  273.391399914738];
tag.uH=[19.05544898728831, -13.49761501854763, 962.9427840248208;
  -5.895116880369413, -4.831355969731852, 271.4652771631516;
  0.01944893204287574, 0.003102762015525764, 0.9993607182610479]';
tag.up=[980.1224920780121, 288.8908337356346;
  980.098297558912, 266.219248640655;
  947.7408749283611, 255.147334039635;
  946.4625581017679, 277.2372463450292]';
tag.uc=[963.55, 271.642];
tags{1}=tag;

tag.id=2;
tag.hammingDistance=0;
tag.familyName='Tag36h11';
tag.H=[-14.67595466311904, -6.765529039658282, 502.8777765170245;
  7.12722321173964, 8.903777629691414, 331.0097428801186;
  0.002265552402831976, -0.0126787498939117, 0.9991867991985813];
tag.p=[519.3336588143544, 311.9836995557245;
  488.0703788334071, 324.6455886982622;
  486.9024536889541, 350.9809961777389;
  518.9658074593665, 338.1141317770803]';
tag.c=[503.287049949387;
  331.2791393417246];
tag.uH=[-14.86520157059687, -6.6078305744021, 502.3815468897411;
  7.058801091699535, 9.062031642454821, 330.6208394026945;
  0.002100786054223458, -0.01245890724853532, 0.9993442124405759]';
tag.up=[518.8172725710783, 311.4766688186266;
  487.3485330404695, 324.110801554694;
  486.260576337272, 350.601882088753;
  518.5289910360117, 337.762893545353]';
tag.uc=[502.718, 330.841];
tags{2}=tag;

tag.id=16;
tag.hammingDistance=0;
tag.familyName='Tag36h11';
tag.H=[3.184661284619671, -13.6804391934371, 494.1962067354148;
  -7.946740894174536, 12.96000435853816, 446.5803795686855;
  0.01655113747596384, 0.005198674609103872, 0.999118379383382];
tag.p=[516.3783669034132, 451.7918120949208;
  505.7655162769237, 421.2626594628202;
  473.8128123385126, 442.3623410025758;
  483.2431432142596, 473.277238062687]';
tag.c=[494.6322847553;
  446.9744414513704];
tag.uH=[3.080975747303024, -14.02052145770142, 493.8547906038759;
  -8.039633083818913, 12.7846706155003, 446.6303094899181;
  0.01643965007387437, 0.004753748432738015, 0.9992921097331512]';
tag.up=[516.0973717696826, 451.7804467915302;
  505.4046196062644, 421.1810899354118;
  473.2209118860018, 442.3149022868753;
  482.7328535667628, 473.3196535654284]';
tag.uc=[494.212, 446.948];
tags{3}=tag;

tag.id=0;
tag.hammingDistance=0;
tag.familyName='Tag36h11';
tag.H=[5.385805188270862, -30.87915138264968, 911.9101149904361;
  -21.39363917701821, -10.08404921455698, 639.5441678083811;
  0.002619567823392328, -0.01048835239056382, 0.9994706183522101];
tag.p=[930.5736065402739, 666.1328388974564;
  936.3965711775737, 620.4304692606996;
  893.9240919034207, 613.2163724382783;
  887.7516962799625, 659.8523636379599]';
tag.c=[912.3931191632911;
  639.8829100777107];
tag.uH=[5.902006358645638, -30.40329345035236, 913.8215424949454;
  -21.22735061776983, -9.673168012857644, 640.9607220661226;
  0.003298540246270534, -0.009527252821752895, 0.9995735666361901]';
tag.up=[932.9100737764654, 667.9853177191205;
  938.4968089542366, 621.7019489549746;
  895.2787148190782, 614.1473580804245;
  889.3082833671087, 661.2824853895354]';
tag.uc=[914.197, 641.226];
tags{4}=tag;

tag.id=6;
tag.hammingDistance=0;
tag.familyName='Tag36h11';
tag.H=[18.6955307807687, 36.63481058835372, 1039.257812294038;
  33.48048448640464, 19.1734679673122, 716.6612291210519;
  0.02238428388248693, 0.02279415723194761, 0.9992939478556274];
tag.p=[1031.245655240995, 695.9401372012804;
  1022.459521132497, 731.7848630247948;
  1047.981895186829, 736.558658418322;
  1057.510304229136, 702.5622966563335]';
tag.c=[1039.992100947042;
  717.1675868336102];
tag.uH=[18.41825840417555, 36.43867023369513, 1045.379759104299;
  33.6247199781608, 18.94272225450457, 720.9250090503073;
  0.02191547444820349, 0.02198367777938055, 0.9994516728211257]';
tag.up=[1036.596878329593, 699.4462018660545;
  1027.998250660064, 736.0637727514393;
  1054.522209389892, 741.3541515545219;
  1063.916093653054, 706.5852199504232]';
tag.uc=[1045.94, 721.315];
tags{5}=tag;

tag.id=3;
tag.hammingDistance=0;
tag.familyName='Tag36h11';
tag.H=[0.2713249058170142, -14.82320445430105, 559.5527480040978;
  -27.07119175513683, -2.479341926287789, 764.3847010721153;
  -0.009366920374096994, 0.007991386254578159, 0.9994022073960565];
tag.p=[573.6584695450553, 793.3182382246096;
  585.154367248938, 753.319531504837;
  546.0784596731941, 736.2871024060091;
  535.4832442192345, 775.9708800825573]';
tag.c=[559.887444577507;
  764.8419179138301];
tag.uH=[1.069345115326142, -14.8897404276882, 558.7057755683817;
  -26.71969063987647, -2.425602858534445, 767.0542843940806;
  -0.008239613018843961, 0.008164225052750494, 0.9995165336895063]';
tag.up=[572.7558818293959, 796.5282080582399;
  584.5368988533872, 755.522102577356;
  545.1860414771704, 738.325191240282;
  534.2421417639256, 778.950367137849]';
tag.uc=[558.982, 767.412];
tags{6}=tag;

tag.id=11;
tag.hammingDistance=0;
tag.familyName='Tag36h11';
tag.H=[-5.031434937384999, 2.021568312084551, 470.2352339128673;
  -1.209360105950821, 24.48185687123292, 871.1686932715272;
  0.01260633812361629, 0.01858722280608838, 0.9994894145670117];
tag.p=[488.7401910898096, 875.6581919887475;
  466.2086099222786, 851.0017285836493;
  453.3162751256247, 867.8140721260597;
  474.6915324287556, 891.9805099346612]';
tag.c=[470.4754518251477;
  871.6137265434929];
tag.uH=[-4.958101186346864, 1.357055917674199, 467.0619166565771;
  -1.105120791167082, 24.36548804477043, 877.9975233578325;
  0.01305595756219106, 0.01782630449243849, 0.9995874700670566]';
tag.up=[485.8679422599036, 882.3527684316956;
  463.1454119551748, 856.9696847502489;
  449.7567478969719, 874.6112851690496;
  471.3213682344096, 899.5492630563626]';
tag.uc=[467.259, 878.352];
tags{7}=tag;

tag.id=10;
tag.hammingDistance=0;
tag.familyName='Tag36h11';
tag.H=[7.137494266580624, 18.80519522792293, 588.3147901885949;
  32.23629737704623, 9.503587979230163, 951.0731165698703;
  0.01999321650531414, 0.001446775837925057, 0.9994845510382415];
tag.p=[574.996400413965, 929.7462197703042;
  566.433727386949, 956.5581341842565;
  601.6678545591334, 972.4646237201589;
  611.6415345746007, 946.3802021323106]';
tag.c=[588.6181928249587;
  951.5635990390421];
tag.uH=[6.3331031040746, 18.89692963683676, 586.8533833757193;
  32.18057840383457, 9.492128076360864, 960.6548162712118;
  0.0189617900464031, 0.001065919914958596, 0.9995909197369819]';
tag.up=[573.3390128483453, 938.1575262437518;
  564.4200475382415, 966.4475385935077;
  600.3047132751543, 983.0440338746816;
  610.5944973615746, 955.4603572018093]';
tag.uc=[587.096, 961.034];
tags{8}=tag;

tag.id=4;
tag.hammingDistance=0;
tag.familyName='Tag36h11';
tag.H=[-13.29583475957354, -19.69947014300635, 718.1090064180293;
  -30.10609731355129, -1.267956722707316, 1014.330524028327;
  -0.01694655244610069, -0.0009498620875675271, 0.9996395787911759];
tag.p=[738.1599434790925, 1027.683133495552;
  736.5606464719282, 1001.880250471578;
  697.8543130815694, 1001.235868788022;
  700.7482822865674, 1027.108519364429]';
tag.c=[718.3679214526596;
  1014.696242074484];
tag.uH=[-12.64797820472072, -20.00364936480739, 719.3534267012925;
  -30.12898202392906, -1.152248251512081, 1027.562956479074;
  -0.01591086660645199, -0.0007331185302371244, 0.9997154536401021]';
tag.up=[739.8996347270228, 1041.804060505609;
  738.1233459802474, 1014.272455890728;
  698.5257373285925, 1013.440997452477;
  701.5505887375137, 1041.038547087736]';
