% AprilTagFinder log 84
% @ Wed Mar  7 16:05:45 2018

K=[1664.010615128407, 0, 667.9657771371558;
  0, 1668.819944196452, 457.9230104705811;
  0, 0, 1];
distCoeffs=[-0.2237256636237109;
  0.2343996528647796;
  0;
  0;
  0];
tags={};

tag.id=1;
tag.hammingDistance=0;
tag.familyName='Tag36h11';
tag.H=[24.82732342173637, 1.193519810704127, 312.4290576556489;
  -3.460236032319125, -30.29290595616975, 160.7911002415728;
  -0.01360566558955061, 0.001587568446584881, 0.9890501021753071];
tag.p=[286.1025998211234, 194.3366519509323;
  345.0844495339691, 192.6605195319222;
  346.406155729654, 130.0243570310461;
  287.5749767323436, 133.3924015100633]';
tag.c=[315.8879989683996;
  162.5712386945115];
tag.uH=[26.32544469759462, 0.249365543013309, 307.0259475031197;
  -2.786218544219778, -31.473025517192, 156.1560538738363;
  -0.01235190570060678, 2.2215879354305e-06, 0.990164757216579]';
tag.up=[279.7198200679747, 189.9308496313935;
  340.6712720827409, 189.0348826691246;
  341.140999827886, 124.6554070279886;
  280.2539166888733, 127.1464353310298]';
tag.uc=[310.113, 157.727];
tags{1}=tag;

tag.id=0;
tag.hammingDistance=0;
tag.familyName='Tag36h11';
tag.H=[24.32399102470997, 0.3311837144281481, 240.3144724474542;
  -3.19320852913622, -29.87279596442311, 163.8787860122002;
  -0.01206208535539954, -0.001821248136785963, 0.9888921921622467];
tag.p=[215.0623865371787, 196.3996781605028;
  270.0729717714019, 194.7152808657406;
  271.7612715314384, 134.1657363986139;
  216.5093724018131, 137.3182494646708]';
tag.c=[243.0138232985724;
  165.7195671187105];
tag.uH=[26.02768205671708, -0.413697207917748, 231.9010255879246;
  -2.450644717263253, -31.02736787620663, 158.0950131381823;
  -0.0106488266833806, -0.0029880657336054, 0.9897378337183762]';
tag.up=[205.571942413829, 190.9195412841746;
  263.0609681787452, 190.0768116079021;
  263.7982133657467, 127.6587482939243;
  205.9992782406347, 129.854436366993]';
tag.uc=[234.342, 159.757];
tags{2}=tag;

tag.id=25;
tag.hammingDistance=0;
tag.familyName='Tag36h11';
tag.H=[24.98111337476541, 1.678607086233478, 312.0999718758835;
  -3.260710332506859, -30.34197379879836, 240.6748162152955;
  -0.01381424871489968, 0.002866119894448062, 0.9936463559469415];
tag.p=[284.1347984116957, 273.0230998730873;
  343.3102917722313, 274.0689882267754;
  344.7240291940388, 210.7179257761463;
  285.845616638701, 211.4103760274272]';
tag.c=[314.0956236672888;
  242.213756206989];
tag.uH=[26.51850953491715, 1.015433263968363, 307.6060708819016;
  -2.501358886453179, -31.25545937220129, 237.9817847674208;
  -0.01222980405152136, 0.00183408094030475, 0.9945312230968154]';
tag.up=[278.6825333956143, 270.3966226737356;
  339.7449547333369, 272.0499200612745;
  340.5257524867648, 207.5072162821023;
  279.6986388025063, 207.4448493242892]';
tag.uc=[309.332, 239.31];
tags{3}=tag;

tag.id=24;
tag.hammingDistance=0;
tag.familyName='Tag36h11';
tag.H=[25.1352406160762, 1.335497434362374, 239.1916377768311;
  -2.326530056687854, -29.62222630276205, 240.7079736789014;
  -0.009337619760521677, 0.002081781410812214, 0.9928936991007952];
tag.p=[212.6890947414148, 272.6159637421665;
  267.9554436762706, 273.0623415104825;
  269.5334528087496, 211.8011347092234;
  214.4668774476352, 212.4957619043313]';
tag.c=[240.9035710403367;
  242.4307596038693];
tag.uH=[26.86813556426665, 0.7726097319681515, 231.8182899803758;
  -1.492982687735315, -30.56802711927742, 237.0735614266634;
  -0.007535515734254351, 0.001307915601019787, 0.9936397607070212]';
tag.up=[204.1915874370063, 269.1573021325997;
  261.8925101487612, 270.2604190249835;
  262.753497716501, 207.6129823857524;
  205.2101537491828, 207.4861527749497]';
tag.uc=[233.335, 238.612];
tags{4}=tag;

