% AprilTagFinder log 60
% @ Fri Mar 16 13:46:38 2018

K=[1664.010615128407, 0, 667.9657771371558;
  0, 1668.819944196452, 457.9230104705811;
  0, 0, 1];
distCoeffs=[-0.2237256636237109;
  0.2343996528647796;
  0;
  0;
  0];
tags={};

tag.id=1;
tag.hammingDistance=0;
tag.familyName='Tag36h11';
tag.H=[19.11033678559346, -15.68724865176503, 960.0560294242463;
  -5.645461594392586, -5.5620822054772, 273.1744812596847;
  0.01968351362638835, 0.0005011673361563322, 0.9992205868608165];
tag.p=[977.1173207510718, 290.4714968534602;
  976.8762269600112, 268.1562405027605;
  945.1384527522598, 256.9801684654503;
  944.104429484503, 278.8236717064301]';
tag.c=[960.8048933823403;
  273.3875631184686];
tag.uH=[18.81932774256797, -15.57021326031914, 962.9812162460431;
  -5.970559385022844, -5.388614307895653, 271.4629772768236;
  0.0192250680309687, 0.0009573616921144012, 0.9993675303438914]';
tag.up=[980.1412042999918, 288.8336144371235;
  980.0834833935746, 266.1859908909236;
  947.710196842461, 255.1157221766952;
  946.476987188383, 277.2848667896516]';
tag.uc=[963.582, 271.638];
tags{1}=tag;

tag.id=2;
tag.hammingDistance=0;
tag.familyName='Tag36h11';
tag.H=[-13.63388978256057, -7.118665968353035, 502.8308861288815;
  7.789408134562088, 8.652228828395366, 331.0085452696981;
  0.004321528591318445, -0.01343196148166667, 0.9991710921131027];
tag.p=[519.2829868404095, 311.9832115397175;
  488.0555264459647, 324.6511396805345;
  486.917974052643, 350.9382773631473;
  518.9901922324278, 338.155098577461]';
tag.c=[503.2480323919967;
  331.2831484842728];
tag.uH=[-13.82497177729394, -6.959588733560444, 502.3361793738696;
  7.719632064810058, 8.811435118057624, 330.6207278372523;
  0.004155602730523617, -0.01321062390222517, 0.9993320640239567]';
tag.up=[518.7662441843264, 311.4760020692921;
  487.3335655960607, 324.116333727376;
  486.2761016782732, 350.5589822626764;
  518.5536500481496, 337.8041434468086]';
tag.uc=[502.678, 330.845];
tags{2}=tag;

tag.id=16;
tag.hammingDistance=0;
tag.familyName='Tag36h11';
tag.H=[3.248229956506221, -13.53470972752578, 494.1896047124793;
  -7.899476069241514, 13.07863620194359, 446.585520563336;
  0.01667409991325953, 0.005517566206034123, 0.9991145999154102];
tag.p=[516.3929180403321, 451.8333485277308;
  505.7776347268908, 421.2803812042076;
  473.8080446918719, 442.3400655809618;
  483.2256361454182, 473.2626300922321]';
tag.c=[494.627547985306;
  446.9812778245319];
tag.uH=[3.144431807996609, -13.87537405579781, 493.8485975149036;
  -7.992474209185251, 12.90293551666872, 446.6358612081949;
  0.01656245895865681, 0.005071966445998956, 0.9992892112517352]';
tag.up=[516.1120096927367, 451.8220626228269;
  505.4168329197312, 421.1988664481847;
  473.2160902814169, 442.2925557916832;
  482.7152091339418, 473.3050126310709]';
tag.uc=[494.207, 446.955];
tags{3}=tag;

tag.id=0;
tag.hammingDistance=0;
tag.familyName='Tag36h11';
tag.H=[6.201018285580107, -30.68706103765994, 911.9093157793059;
  -20.81461307769552, -9.936818698902606, 639.514173935705;
  0.003518639604633703, -0.01027313046071772, 0.999470182805694];
tag.p=[930.6026606599949, 666.119230880239;
  936.3791785669627, 620.4085505980865;
  893.9349707310473, 613.2296961716684;
  887.7350108778053, 659.8419524135716]';
tag.c=[912.3927171288003;
  639.853179151851];
tag.uH=[6.718812149035537, -30.21091896519975, 913.820008524557;
  -20.64704866064212, -9.52564314056889, 640.9299858902098;
  0.004197638680864413, -0.009312173735541501, 0.9995725619329895]';
tag.up=[932.9395831201793, 667.9717445754776;
  938.4789354649051, 621.6796500733036;
  895.2898199114123, 614.160872375295;
  889.2912811028433, 661.2718178768506]';
tag.uc=[914.197, 641.196];
tags{4}=tag;

tag.id=3;
tag.hammingDistance=0;
tag.familyName='Tag36h11';
tag.H=[0.1886213801920809, -14.33499167382964, 559.5260953534923;
  -27.19169354991434, -1.833804283054489, 764.3704240220375;
  -0.009529804220664415, 0.008850494817526181, 0.9993935436677637];
tag.p=[573.6306748909007, 793.3381247363557;
  585.1599981448499, 753.3155528743406;
  546.081858402098, 736.2916247313915;
  535.4848586503983, 775.9369323043786]';
tag.c=[559.8656294096494;
  764.8342626037048];
tag.uH=[0.9868525557201206, -14.40165738963579, 558.6799244550828;
  -26.84060889312257, -1.77741275814502, 767.0412614659563;
  -0.00840251751784106, 0.009024319381440849, 0.9995096242112603]';
tag.up=[572.7276858056346, 796.5487661625413;
  584.5425929544959, 755.518018584963;
  545.1894490817824, 738.3297832385008;
  534.2439964714754, 778.9155608682647]';
tag.uc=[558.96, 767.404];
tags{5}=tag;

tag.id=6;
tag.hammingDistance=0;
tag.familyName='Tag36h11';
tag.H=[23.26662986137744, 31.18944002251861, 1095.321862501562;
  36.35730021488793, 18.13602247111073, 785.7975871942015;
  0.02682898567704167, 0.0195599068193902, 0.9993233570727863];
tag.p=[1092.274265765383, 767.4234605769225;
  1080.277392841016, 798.7531360642388;
  1099.516557120862, 803.5584456683551;
  1112.08095856168, 773.7241059344226]';
tag.c=[1096.063506120756;
  786.3296515914092];
tag.uH=[23.16932661450139, 31.15001823961175, 1104.986342754119;
  36.74690216014803, 18.03698668634888, 793.2033294489347;
  0.02650602401878452, 0.01888134120916167, 0.9994712181779413]';
tag.up=[1101.23084166949, 773.9565947187698;
  1089.280625980835, 806.1954999582445;
  1109.533167946865, 811.5808981875766;
  1122.120607449062, 780.863092056306]';
tag.uc=[1105.56, 793.617];
tags{6}=tag;

tag.id=11;
tag.hammingDistance=0;
tag.familyName='Tag36h11';
tag.H=[-5.00212979773709, 2.707098006200364, 470.2160077920418;
  -1.167535846271048, 25.73142302070721, 871.1703434505179;
  0.01264995244163876, 0.02002879093224392, 0.9994614026152517];
tag.p=[488.7458779560199, 875.6947057163921;
  466.1978717428547, 851.0091953167965;
  453.3502333174733, 867.8416725730032;
  474.6783214296768, 891.9680259612062]';
tag.c=[470.4694013812298;
  871.6398063706716];
tag.uH=[-4.928732834871094, 2.038613213048284, 467.0453555023508;
  -1.062803075128342, 25.62534892879101, 878.005812677607;
  0.01309987146399929, 0.01926888709208217, 0.9995659226680211]';
tag.up=[485.8733427454582, 882.3907473392968;
  463.1343570587893, 856.9775642554853;
  449.7911431901912, 874.6395840257878;
  471.3080075783026, 899.5363801643982]';
tag.uc=[467.252, 878.38];
tags{7}=tag;

tag.id=10;
tag.hammingDistance=0;
tag.familyName='Tag36h11';
tag.H=[6.804463200921622, 19.01622143557672, 588.3384018384501;
  31.71315654196065, 9.91186087963227, 951.0786877904051;
  0.01945152538060039, 0.00183986157857243, 0.9994949365652968];
tag.p=[575.051805351198, 929.7182275969107;
  566.436835033544, 956.5172255311106;
  601.6529339406126, 972.4892294642913;
  611.6309104472313, 946.4234883163396]';
tag.c=[588.6357002069856;
  951.5592855915097];
tag.uH=[6.000747397380167, 19.10486167489246, 586.8759501125073;
  31.65206406818846, 9.903092362007353, 960.6578400591476;
  0.01842023716650509, 0.00145588192938118, 0.9995989157852535]';
tag.up=[573.3956549823304, 938.1277682489208;
  564.4235188926264, 966.4043351586793;
  600.2893566484529, 983.0701482985614;
  610.5834979304379, 955.5059898827575]';
tag.uc=[587.114, 961.03];
tags{8}=tag;

tag.id=4;
tag.hammingDistance=0;
tag.familyName='Tag36h11';
tag.H=[-14.18957881762247, -20.71885905587237, 718.115406127339;
  -31.36128050884456, -2.689527226011646, 1014.30129540023;
  -0.01818817811218882, -0.00236536346667872, 0.9996153815578336];
tag.p=[738.1364271374986, 1027.625993459721;
  736.5828028564176, 1001.867238345619;
  697.8179930580504, 1001.214068037248;
  700.7675391271105, 1027.116226849325]';
tag.c=[718.3917128287925;
  1014.691564489043];
tag.uH=[-13.54368930152093, -21.02588537523145, 719.3647504278314;
  -31.40089663252541, -2.592956477391861, 1027.53947429821;
  -0.01715312814942923, -0.00215006585772823, 0.9996973645842901]';
tag.up=[739.875207070941, 1041.742837394313;
  738.1459539188835, 1014.258725572183;
  698.4885472747306, 1013.417721879943;
  701.570339477845, 1041.046835634442]';
