% AprilTagFinder log 46
% @ Fri Mar 16 13:46:33 2018

K=[1664.010615128407, 0, 667.9657771371558;
  0, 1668.819944196452, 457.9230104705811;
  0, 0, 1];
distCoeffs=[-0.2237256636237109;
  0.2343996528647796;
  0;
  0;
  0];
tags={};

tag.id=1;
tag.hammingDistance=0;
tag.familyName='Tag36h11';
tag.H=[17.44888741575484, -13.72026356517791, 960.0374548850502;
  -6.126495953145091, -5.008734031938684, 273.2001142032423;
  0.01791297918463744, 0.002538932464135638, 0.9992509916062992];
tag.p=[977.0226092529341, 290.4940860801223;
  976.9191262030781, 268.1604947683153;
  945.1439979812897, 257.0012141591448;
  944.0899176796293, 278.8131966607774]';
tag.c=[960.7570699947837;
  273.4048967657988];
tag.uH=[17.15076920583325, -13.59563031867842, 962.9542768512334;
  -6.449543390986745, -4.838492511825952, 271.4871988191645;
  0.01745133178852513, 0.002996694541555794, 0.9993904921119582]';
tag.up=[980.0439849814055, 288.8572813379837;
  980.12742184102, 266.1899246054959;
  947.7156786977309, 255.1370463774437;
  946.4622585199675, 277.2743615362149]';
tag.uc=[963.533, 271.656];
tags{1}=tag;

tag.id=2;
tag.hammingDistance=0;
tag.familyName='Tag36h11';
tag.H=[-13.91377324957243, -6.599378129563585, 502.8514513985556;
  7.596714343843828, 8.996419503309754, 331.0271384968779;
  0.003770968467297421, -0.0123737134988127, 0.9991875932616098];
tag.p=[519.3189326106302, 312.0033926722052;
  488.0540768463281, 324.649813051085;
  486.9227516262002, 350.9242776781155;
  518.9659989981965, 338.1610709325561]';
tag.c=[503.2603034602511;
  331.2962858318914];
tag.uH=[-14.1046855649706, -6.441250407251562, 502.3550928134763;
  7.526979372492384, 9.154877092435891, 330.6382597716463;
  0.003604733405522667, -0.01215282029974589, 0.9993450138533071]';
tag.up=[518.8025110554356, 311.496445913955;
  487.3320976752657, 324.1149925116636;
  486.2808781635463, 350.5449222905039;
  518.5293169927934, 337.8100779003406]';
tag.uc=[502.691, 330.858];
tags{2}=tag;

tag.id=16;
tag.hammingDistance=0;
tag.familyName='Tag36h11';
tag.H=[3.025988923467837, -13.96488214597684, 494.2051369935635;
  -8.11327056997987, 12.70413910558111, 446.5960553432999;
  0.01620684343553241, 0.004650962083618498, 0.9991262219254959];
tag.p=[516.3654695831967, 451.8240386737603;
  505.7930742073269, 421.2785051669923;
  473.7978544446185, 442.3470483251135;
  483.2205325718392, 473.2963778027058]';
tag.c=[494.6373402563105;
  446.9866224535965];
tag.uH=[2.922723065484826, -14.30512261663693, 493.8628647206039;
  -8.205992371647786, 12.5284848536486, 446.6452109015775;
  0.01609571570257732, 0.004205408300843831, 0.9992981511438286]';
tag.up=[516.0844077255132, 451.8127313857288;
  505.4323700720393, 421.1970005465489;
  473.2058109264523, 442.2995551691918;
  482.7100483613848, 473.3388571710004]';
tag.uc=[494.217, 446.96];
tags{3}=tag;

tag.id=0;
tag.hammingDistance=0;
tag.familyName='Tag36h11';
tag.H=[5.045200662520719, -30.35719142724477, 911.8949853905036;
  -21.6170732973769, -9.712329454048318, 639.5571810779819;
  0.002268274899856287, -0.009913371868728614, 0.9994774046147565];
tag.p=[930.578926279113, 666.1419864758116;
  936.3800740822076, 620.4189409232312;
  893.8839638427245, 613.2365054433309;
  887.7710517189344, 659.8447524402443]';
tag.c=[912.3717866758467;
  639.8915854676034];
tag.uH=[5.561449818127831, -29.87998463653592, 913.804644111475;
  -21.45061105661356, -9.300438135742638, 640.9726622540838;
  0.002948368825188591, -0.008951966862210574, 0.9995787412385103]';
tag.up=[932.9155753276759, 667.9946533120498;
  938.4799185802094, 621.6901704717025;
  895.2381337532238, 614.1674657376461;
  889.3278699868124, 661.2749067310285]';
tag.uc=[914.176, 641.235];
tags{4}=tag;

tag.id=5;
tag.hammingDistance=0;
tag.familyName='Tag36h11';
tag.H=[19.22989114208882, 15.60473406146919, 1241.971563312005;
  22.67562937632299, -9.11985197422622, 628.6176312151359;
  0.01121421964543644, 0.005146249709108601, 0.9996546915040082];
tag.p=[1227.645714697344, 625.5115101444665;
  1238.509151825966, 656.6552966201248;
  1256.680252129934, 632.0510100209364;
  1246.339528649822, 600.6744423103011]';
tag.c=[1242.400574785903;
  628.8347732048987];
tag.uH=[19.57820131805561, 16.41733779683691, 1257.522160514374;
  23.07515348389369, -9.236973186039465, 633.2573792802585;
  0.01089074223117239, 0.005335766408770808, 0.9997150821229768]';
tag.up=[1242.033246034037, 629.8196595507833;
  1254.084945712454, 662.0806740146901;
  1273.219440320258, 636.9429158192493;
  1261.740750744373, 604.4756979868054]';
tag.uc=[1257.86, 633.435];
tags{5}=tag;

tag.id=6;
tag.hammingDistance=0;
tag.familyName='Tag36h11';
tag.H=[15.98406906702678, 33.97353609683276, 1082.503027827563;
  30.7341840724443, 17.97644265014358, 758.6629811944363;
  0.01919210698602363, 0.02123903067550606, 0.9994444360540475];
tag.p=[1076.674770198118, 740.2945878455062;
  1067.291172878583, 773.4335739297193;
  1089.034747633345, 776.4136674854274;
  1098.853708672227, 744.7944832625946]';
tag.c=[1083.104761782899;
  759.084701286395];
tag.uH=[15.76903453844673, 33.93767836599196, 1091.025014284267;
  30.98894342982259, 17.84424381545969, 764.8415737017858;
  0.01878154118473813, 0.02055894860544303, 0.9995677625725622]';
tag.up=[1084.448984306629, 745.6656884034601;
  1075.237500952943, 779.7120387479097;
  1098.009293757797, 783.201888161529;
  1107.708839011156, 750.6899472479608]';
tag.uc=[1091.49, 765.166];
tags{6}=tag;

tag.id=3;
tag.hammingDistance=0;
tag.familyName='Tag36h11';
tag.H=[0.1849811899283695, -14.72495291206902, 559.5382015885567;
  -27.1957788868168, -2.367978930166202, 764.3781296273734;
  -0.009529029500640841, 0.008160256128866403, 0.9993992303703086];
tag.p=[573.637617473878, 793.332605034973;
  585.1505719871509, 753.3287542136334;
  546.0737455903278, 736.2644763570272;
  535.4777474320219, 775.9461611934736]';
tag.c=[559.8745572189707;
  764.8376208416204];
tag.uH=[0.9832488211675304, -14.79073568983927, 558.6915074773868;
  -26.84467382147593, -2.313142266149615, 767.0482147311071;
  -0.008401631179251962, 0.008334517350319065, 0.9995142648458323]';
tag.up=[572.7347313467402, 796.543063830333;
  584.5330360499738, 755.5315340350376;
  545.1814016141117, 738.3021512342362;
  534.2367392566154, 778.9250667662568]';
tag.uc=[558.97, 767.407];
tags{7}=tag;

tag.id=11;
tag.hammingDistance=0;
tag.familyName='Tag36h11';
tag.H=[-5.592355948530918, 2.391081520490888, 470.2390506067202;
  -2.251676053538409, 25.15401643972022, 871.1969722998191;
  0.01140512490222414, 0.01935138240624786, 0.9994896103374709];
tag.p=[488.7211178749075, 875.6742484191167;
  466.1980858595348, 850.9877832324039;
  453.3264121837572, 867.8502130432386;
  474.6927356282926, 891.9700930624994]';
tag.c=[470.4791783157679;
  871.6418492891241];
tag.uH=[-5.514999412897502, 1.724263700566324, 467.0658772225336;
  -2.155155545925147, 25.04299099381254, 878.0276777997109;
  0.01185505335741994, 0.01859050843792553, 0.999588530045566]';
tag.up=[485.8482941496652, 882.3697096538754;
  463.1348286558275, 856.9553317980933;
  449.7666534970754, 874.6487885076322;
  471.3227270440449, 899.5383621955505]';
tag.uc=[467.262, 878.382];
tags{8}=tag;

tag.id=10;
tag.hammingDistance=0;
tag.familyName='Tag36h11';
tag.H=[6.529194373760284, 18.41737810363242, 588.3199238882877;
  31.24044791321254, 8.890087255373251, 951.0720407347367;
  0.01896709026910916, 0.0008031324999423392, 0.9995056276796909];
tag.p=[575.0260208900787, 929.7831853379198;
  566.4232756884172, 956.5210706019421;
  601.668818206265, 972.4576280963976;
  611.6199138602615, 946.3795419607277]';
tag.c=[588.6109168330016;
  951.54245698707];
tag.uH=[5.727100607580711, 18.50997236950447, 586.8553789171875;
  31.17500890032534, 8.872751962845713, 960.6477624397669;
  0.01793682653069027, 0.0004225792566331655, 0.9996067377296377]';
tag.up=[573.3689622341724, 938.1961618585681;
  564.4096425100574, 966.4084929346802;
  600.3057313982259, 983.0366253969567;
  610.5724673483602, 955.4597487473461]';
