% AprilTagFinder log 81
% @ Fri Mar 16 13:46:57 2018

K=[1664.010615128407, 0, 667.9657771371558;
  0, 1668.819944196452, 457.9230104705811;
  0, 0, 1];
distCoeffs=[-0.2237256636237109;
  0.2343996528647796;
  0;
  0;
  0];
tags={};

tag.id=1;
tag.hammingDistance=0;
tag.familyName='Tag36h11';
tag.H=[18.68269617683454, -15.15548072406838, 960.0680780244256;
  -5.768946984962287, -5.406747074497545, 273.2050093227728;
  0.01920838642656791, 0.001053353414530492, 0.9992301159217333];
tag.p=[977.0906659939666, 290.4901836776073;
  976.9223149826315, 268.1804523078107;
  945.1721345593138, 257.0195277011313;
  944.0968558456178, 278.8443147713887]';
tag.c=[960.8077886431768;
  273.4155075688012];
tag.uH=[18.38896431941593, -15.03520708469956, 962.9909334949533;
  -6.093888126242154, -5.233694889674294, 271.4932735337185;
  0.01874786312469402, 0.001511289221271299, 0.9993748148734962]';
tag.up=[980.1137453491199, 288.8527784077673;
  980.1305111435631, 266.2101708212684;
  947.7442546056118, 255.1554006291269;
  946.4691002722977, 277.3058481858942]';
tag.uc=[963.585, 271.666];
tags{1}=tag;

tag.id=2;
tag.hammingDistance=0;
tag.familyName='Tag36h11';
tag.H=[-12.31624757006051, -5.735569991617483, 502.804017672847;
  8.70987323856745, 9.519853187951338, 331.0771375522335;
  0.006939416203078244, -0.01070275709529898, 0.9991900223303052];
tag.p=[519.3220884777694, 311.9261798180969;
  488.0090758609401, 324.8000594617812;
  486.9793116363444, 350.9116949468459;
  518.9606352392105, 338.1262745661843]';
tag.c=[503.2116078383273;
  331.3455200244067];
tag.uH=[-12.50719413861768, -5.578376717779669, 502.307238375536;
  8.640166041181715, 9.677417326065813, 330.6882891702127;
  0.006776247122591928, -0.01048199983344387, 0.9993470837186214]';
tag.up=[518.8054232865489, 311.4187147443561;
  487.2872541519378, 324.2660919277959;
  486.3378956034817, 350.5324468451455;
  518.5238197502525, 337.775084874989]';
tag.uc=[502.642, 330.908];
tags{2}=tag;

tag.id=16;
tag.hammingDistance=0;
tag.familyName='Tag36h11';
tag.H=[2.822556655293353, -14.07227141403402, 494.220146740933;
  -8.298639604235465, 12.59859647403922, 446.5871003019474;
  0.015778610835018, 0.004422183050125652, 0.9991346987547173];
tag.p=[516.3472824725782, 451.8049086174729;
  505.8084741036324, 421.2702645706868;
  473.8090996237189, 442.3343054640922;
  483.2312399451306, 473.2684956931017]';
tag.c=[494.648166415309;
  446.9738673459707];
tag.uH=[2.719632970892531, -14.41221104015781, 493.8770571083794;
  -8.391215037183745, 12.42302848814693, 446.6354158124945;
  0.0156676728519492, 0.00397687339969385, 0.9993048171306523]';
tag.up=[516.0661169517547, 451.7935630405511;
  505.447861337914, 421.1887545318365;
  473.2171520153339, 442.28677840108;
  482.7208563691885, 473.3108921163233]';
tag.uc=[494.228, 446.947];
tags{3}=tag;

tag.id=0;
tag.hammingDistance=0;
tag.familyName='Tag36h11';
tag.H=[5.578691148937735, -30.84946524461387, 911.9033344260075;
  -21.25032502809059, -10.05300339187515, 639.5301320208628;
  0.002835871004201848, -0.01046005060234324, 0.9994705612127557];
tag.p=[930.5719417887989, 666.1075996690081;
  936.3772467860804, 620.4123270702229;
  893.921253094651, 613.2268210836967;
  887.7486226800984, 659.8501193631588]';
tag.c=[912.386387168328;
  639.8689034370938];
tag.uH=[6.095101543140387, -30.37402419382875, 913.8144305204689;
  -21.08379262179767, -9.642338623078698, 640.9463802983341;
  0.003514686033380008, -0.009499658198375971, 0.9995733827256366]';
tag.up=[932.9081628431233, 667.9596705109718;
  938.4769924183381, 621.6834584166772;
  895.2758936516232, 614.1578931881339;
  889.3051491333129, 661.280189511882]';
tag.uc=[914.19, 641.212];
tags{4}=tag;

tag.id=3;
tag.hammingDistance=0;
tag.familyName='Tag36h11';
tag.H=[0.6490556004184214, -14.62983030195901, 559.5492447823987;
  -26.58283234606576, -2.241586085435738, 764.3570535461258;
  -0.0087367265774241, 0.008328561548044207, 0.9994050351618947];
tag.p=[573.6371747984695, 793.3296658074564;
  585.1622439374438, 753.3196223791351;
  546.1162956481431, 736.2712107567039;
  535.4513028179696, 775.9186684919925]';
tag.c=[559.882355097157;
  764.8120898473428];
tag.uH=[1.446960086922839, -14.6959187277247, 558.7017085762882;
  -26.22929448962049, -2.186678424505147, 767.0250665337694;
  -0.0076089795851648, 0.008502392903593366, 0.9995181719446116]';
tag.up=[572.7342981600621, 796.5400476636689;
  584.544842392496, 755.5221651634486;
  545.2243266618631, 738.3087898994964;
  534.21015367113, 778.89706041242]';
tag.uc=[558.978, 767.381];
tags{5}=tag;

tag.id=11;
tag.hammingDistance=0;
tag.familyName='Tag36h11';
tag.H=[-5.160781413591523, 2.678461512017431, 470.2221795763407;
  -1.443710475819319, 25.69865424779286, 871.1712280666032;
  0.0123359655587665, 0.01997472421181582, 0.9994659956577209];
tag.p=[488.7575931192551, 875.6776488113069;
  466.1930217273857, 850.9837518598167;
  453.3343952045224, 867.8488131052063;
  474.6888746733395, 891.9763201842812]';
tag.c=[470.4734144225692;
  871.6366858417325];
tag.uH=[-5.086610663256181, 2.00943108725376, 467.0512390456409;
  -1.341115139628673, 25.59193207453313, 878.0058197901716;
  0.01278580953750182, 0.0192137843307255, 0.9995696741756026]';
tag.up=[485.8854907524376, 882.3728457528011;
  463.1297043745386, 856.9512066203729;
  449.7748416094068, 874.6472265122295;
  471.3187009949573, 899.5449174701657]';
tag.uc=[467.256, 878.376];
tags{6}=tag;

tag.id=10;
tag.hammingDistance=0;
tag.familyName='Tag36h11';
tag.H=[6.557610075468945, 19.61937534341456, 588.3594492244384;
  31.28095507239107, 10.81797148555968, 951.091203623575;
  0.01899904520830835, 0.002833610130302158, 0.9995011672870883];
tag.p=[575.0235963774002, 929.7550917887465;
  566.4237483213951, 956.5680164613393;
  601.6998762103455, 972.4441785626763;
  611.6133023471851, 946.3992709245599]';
tag.c=[588.6530886416093;
  951.5658758109199];
tag.uH=[5.755226752513794, 19.7092028417476, 586.8965298324518;
  31.21575686174237, 10.81984251308725, 960.669406169859;
  0.01796815971107401, 0.002453257470075488, 0.9996038201931711]';
tag.up=[573.3666713351437, 938.1666696631339;
  564.4097838300401, 966.4580427644285;
  600.337512985205, 983.0222391965942;
  610.5656510444327, 955.4805542672276]';
tag.uc=[587.131, 961.036];
tags{7}=tag;

tag.id=4;
tag.hammingDistance=0;
tag.familyName='Tag36h11';
tag.H=[-13.21096768891594, -19.6898685119398, 718.1043287723564;
  -29.9842833085015, -1.224022007189668, 1014.333196069519;
  -0.0168461602508169, -0.0009178384678179241, 0.99964119739883];
tag.p=[738.1573908204265, 1027.654965175248;
  736.5799996688784, 1001.890855755254;
  697.8504985068673, 1001.270721099654;
  700.7156226219134, 1027.101973492839]';
tag.c=[718.3620789548673;
  1014.697272090145];
tag.uH=[-12.56382706572953, -19.99540781026762, 719.3483176371961;
  -30.00620947833155, -1.10878521951856, 1027.565264596719;
  -0.01581217114548844, -0.0007026623489954245, 0.9997166415723393]';
tag.up=[739.8968629476622, 1041.773929011529;
  738.1432081842185, 1014.283842754809;
  698.5219159033369, 1013.478066141793;
  701.5171081823652, 1041.031465782736]';
tag.uc=[719.552, 1027.84];
tags{8}=tag;

tag.id=13;
tag.hammingDistance=0;
tag.familyName='Tag36h11';
tag.H=[-7.198146759888401, 6.989601203797738, 857.6732891799472;
  10.04539519258199, -4.26860376421376, 1059.046864111829;
  0.001418304672270662, -0.006898601952320862, 0.9998762299550196];
tag.p=[853.3110508521622, 1047.658262666442;
  836.6309099046877, 1064.638137401035;
  862.2971147088647, 1070.824628853594;
  879.2827787804418, 1053.626183097152]';
tag.c=[857.7794565818716;
  1059.177958615409];
tag.uH=[-7.336344437488931, 7.323580337927964, 863.258527858195;
  10.61366538043339, -4.107176477386015, 1076.70760422449;
  0.001435102389666574, -0.007028354994154696, 0.9998953270912091]';
tag.up=[858.5597982099825, 1064.358830664394;
  841.5652413239047, 1082.387707002083;
  868.1934454691815, 1089.421066827403;
  885.5066900326206, 1071.171404968734]';
