% AprilTagFinder log 13
% @ Wed Mar  7 16:06:15 2018

K=[1664.010615128407, 0, 667.9657771371558;
  0, 1668.819944196452, 457.9230104705811;
  0, 0, 1];
distCoeffs=[-0.2237256636237109;
  0.2343996528647796;
  0;
  0;
  0];
tags={};

tag.id=1;
tag.hammingDistance=0;
tag.familyName='Tag16h5';
tag.H=[13.30686409420662, -2.656490503530263, 550.5488608560926;
  -7.569145744605259, -15.41105717368933, 214.4258820640171;
  -0.009178269433211182, 0.005762490224897251, 0.9979698503858988];
tag.p=[539.1514230978099, 237.0775832668127;
  576.2924218594684, 226.1050009502202;
  564.2722207976992, 192.4939877014876;
  527.7716522636975, 203.9508408604365]';
tag.c=[551.6688311207039;
  214.8620842414248];
tag.uH=[13.5608693560424, -3.387848912536342, 550.0681349048106;
  -7.514327604523406, -15.93687720628895, 213.0932490866118;
  -0.008960627810593527, 0.004664557618178893, 0.9983170650647661]';
tag.up=[538.4804976017524, 235.9273168318046;
  575.8385581125375, 224.9572978898459;
  563.6034496510547, 190.7821043581399;
  526.834526423535, 202.2531671309657]';
tag.uc=[550.997, 213.458];
tags{1}=tag;

tag.id=0;
tag.hammingDistance=0;
tag.familyName='Tag16h5';
tag.H=[13.95846312388678, -2.224378765974229, 501.8781410174159;
  -7.034324856312606, -14.91946254865494, 229.3464210206688;
  -0.007248903102235624, 0.006355741330671153, 0.9982143569366844];
tag.p=[490.5818918200246, 251.5246895054335;
  526.1587168279018, 240.9396898084132;
  514.991787866589, 207.9496902513584;
  480.0219194046772, 218.8744064190908]';
tag.c=[502.7759193502057;
  229.7566844505082];
tag.uH=[14.28778528851287, -2.891561890390044, 500.9876844535854;
  -6.926009648456311, -15.43314672453215, 227.9740193211649;
  -0.006929286216776753, 0.005350514254226651, 0.9985223894714943]';
tag.up=[489.5354747539535, 250.3071114538521;
  525.3995195873717, 239.7780188878787;
  513.9482665399235, 206.2444821176752;
  478.6423033576892, 217.1196521316219]';
tag.uc=[501.733, 228.317];
tags{2}=tag;

tag.id=6;
tag.hammingDistance=0;
tag.familyName='Tag16h5';
tag.H=[13.19019093157091, -1.93283457058229, 567.0444914080747;
  -7.91551669570147, -15.3300052576705, 261.1341462865432;
  -0.009937152319322511, 0.00724070097032854, 0.9984361590341203];
tag.p=[555.158356927757, 284.057941266231;
  593.2867151310828, 273.6778208921936;
  580.7761238260616, 238.9064355846664;
  543.4362456688639, 249.8189810753516]';
tag.c=[567.9326477484843;
  261.5431581916689];
tag.uH=[13.40439696656007, -2.529246725108876, 566.8196833676028;
  -7.850111146650142, -15.7642756940412, 260.4437559018303;
  -0.009730583404634516, 0.006351350946783609, 0.9987262934726301]';
tag.up=[554.7708141703129, 283.460638817353;
  593.0507430847492, 273.0956401142885;
  580.3897173810583, 237.9357995873366;
  542.8520042644266, 248.8426424593673]';
tag.uc=[567.545, 260.781];
tags{3}=tag;

tag.id=5;
tag.hammingDistance=0;
tag.familyName='Tag16h5';
tag.H=[14.32391890746148, -2.576381298710385, 517.2007407118697;
  -7.086931682971883, -15.34508745539623, 275.3707929771887;
  -0.007152075638096579, 0.00592094069116136, 0.9985926097838255];
tag.p=[505.5423075986562, 297.8553106835357;
  541.9486781037434, 287.7963570012861;
  530.3476138449458, 253.6079247297841;
  494.5314218373715, 264.0325324000943]';
tag.c=[517.9296698618998;
  275.7588933457066];
tag.uH=[14.62907974992858, -3.130860161338509, 516.6641790057802;
  -6.962526742593715, -15.77283422153233, 274.6281764864032;
  -0.006819252985593504, 0.005089354216024638, 0.9988523957054952]';
tag.up=[504.8668841362945, 297.1896834788612;
  541.4968964003122, 287.1864389037187;
  529.6814647765423, 252.6189251619143;
  493.5955357678146, 262.9862610478455]';
tag.uc=[517.262, 274.949];
tags{4}=tag;

