% AprilTagFinder log 49
% @ Wed Mar  7 16:05:41 2018

K=[1664.010615128407, 0, 667.9657771371558;
  0, 1668.819944196452, 457.9230104705811;
  0, 0, 1];
distCoeffs=[-0.2237256636237109;
  0.2343996528647796;
  0;
  0;
  0];
tags={};

tag.id=25;
tag.hammingDistance=0;
tag.familyName='Tag36h11';
tag.H=[21.23588573617941, 5.374480072065869, 531.8475661903606;
  -1.396193164335379, -26.75243467888946, 55.46119708968341;
  -0.01430055493057665, 0.006402506743042829, 0.9499863030294946];
tag.p=[527.451147667453, 87.28592843872937;
  589.3886249959019, 86.96749818313782;
  592.7872777612428, 28.99151868849098;
  531.5667187556563, 31.01399548591627]';
tag.c=[559.8476151648769;
  58.38104919283398];
tag.uH=[21.7878901637169, 3.518702057635662, 529.503658822975;
  -1.135830724140252, -27.90351855959613, 50.29004150119886;
  -0.01404674068108192, 0.003368377771313402, 0.9482813844518758]';
tag.up=[525.7215800869782, 82.72382779751251;
  588.501653217001, 82.78018594719424;
  591.6783123904156, 22.66430845162427;
  529.4399272456012, 24.35745049646403]';
tag.uc=[558.401, 53.0353];
tags{1}=tag;

tag.id=24;
tag.hammingDistance=0;
tag.familyName='Tag36h11';
tag.H=[22.18599059886564, 1.289172432613956, 461.0345806864425;
  -1.160739474795042, -26.41127139611851, 57.43053906463317;
  -0.01027964843586773, -0.001309269944980388, 0.9547073728660159];
tag.p=[452.8211705028448, 87.96737678239802;
  509.5828985426524, 87.42501507048057;
  513.7315905692966, 31.65936161223657;
  456.7271184796539, 33.39291282588889]';
tag.c=[482.9066934954365;
  60.15512260288472];
tag.uH=[22.91349866904715, -0.2767370325860373, 457.2913179428224;
  -0.7959384392140693, -27.48449634317604, 51.61990959430824;
  -0.009818287662246843, -0.004049515653453835, 0.9524699515565682]';
tag.up=[449.7480555181019, 82.68294869766476;
  507.5701511511969, 82.71668497572176;
  511.2733710926064, 24.86547481485275;
  453.0571870398464, 26.01738619457802]';
tag.uc=[480.135, 54.1986];
tags{2}=tag;

