% AprilTagFinder log 37
% @ Fri Mar 16 13:46:30 2018

K=[1664.010615128407, 0, 667.9657771371558;
  0, 1668.819944196452, 457.9230104705811;
  0, 0, 1];
distCoeffs=[-0.2237256636237109;
  0.2343996528647796;
  0;
  0;
  0];
tags={};

tag.id=1;
tag.hammingDistance=0;
tag.familyName='Tag36h11';
tag.H=[19.66028233548414, -12.95664070954337, 959.9727970721854;
  -5.497043492354721, -4.788721194278084, 273.1492373785723;
  0.02027784728504593, 0.003313997092664174, 0.9992026440660087];
tag.p=[977.0998391477502, 290.5205663526488;
  976.7983157539707, 268.1065717280179;
  945.1326240220733, 257.0051712851052;
  944.1246668439668, 278.8095536286494]';
tag.c=[960.7388478935692;
  273.3672083443042];
tag.uH=[19.37166931883703, -12.83269525810319, 962.8992365076898;
  -5.822906849686624, -4.620798955616642, 271.4387684857526;
  0.01982055771318988, 0.00376860576913257, 0.9993523340007779]';
tag.up=[980.1229018375102, 288.8835158131641;
  980.0040628171901, 266.1362369511998;
  947.7040294795945, 255.1411632552797;
  946.4977471847549, 277.270401209354]';
tag.uc=[963.515, 271.617];
tags{1}=tag;

tag.id=2;
tag.hammingDistance=0;
tag.familyName='Tag36h11';
tag.H=[-14.08264261835517, -6.914343724473399, 502.8401746212926;
  7.493887829690577, 8.801018876807133, 331.0357086864415;
  0.00342895545184177, -0.0129915029137885, 0.9991802514960141];
tag.p=[519.2970512456188, 312.0129356116083;
  488.0578271700267, 324.6635950896923;
  486.8983106448919, 350.9745369116622;
  518.9553714755107, 338.1730124254948]';
tag.c=[503.2527152817717;
  331.307297347802];
tag.uH=[-14.27301402580277, -6.756094373916262, 502.3445512584228;
  7.4245948938388, 8.959661813724423, 330.6473760959958;
  0.003263356180251812, -0.0127710436795579, 0.9993391911788848]';
tag.up=[518.7805093549941, 311.5059785130196;
  487.3359346728577, 324.1288829096126;
  486.256377106628, 350.5953754125061;
  518.51865447049, 337.8220512945236]';
tag.uc=[502.683, 330.869];
tags{2}=tag;

tag.id=16;
tag.hammingDistance=0;
tag.familyName='Tag36h11';
tag.H=[2.556543060051792, -14.72365431892975, 494.246886256544;
  -8.545066595096806, 12.02880887490491, 446.5857398296687;
  0.01523387243798168, 0.003099351495829788, 0.9991475843942682];
tag.p=[516.3199254930148, 451.7694840253361;
  505.8203649963305, 421.2591739848367;
  473.7974132306412, 442.3370725282073;
  483.2425289381207, 473.3064156879156]';
tag.c=[494.6685494477579;
  446.9667412551576];
tag.uH=[2.454053490703675, -15.06284175150422, 493.9023975783864;
  -8.637432354937532, 11.85339338615255, 446.6326545070988;
  0.01512326373597746, 0.00265425972708139, 0.9993146029343215]';
tag.up=[516.0386029894215, 451.7580684445818;
  505.4598182883539, 421.1776482396911;
  473.2053609134203, 442.2895483564566;
  482.7322210636924, 473.3489131693884]';
tag.uc=[494.248, 446.94];
tags{3}=tag;

tag.id=0;
tag.hammingDistance=0;
tag.familyName='Tag36h11';
tag.H=[5.595748924644752, -30.4166035721612, 911.8895695331249;
  -21.25394291447071, -9.757483971743683, 639.5285551814702;
  0.002847696284650249, -0.009972950251464743, 0.9994749628287913];
tag.p=[930.5684705319752, 666.1432919240474;
  936.3884553689069, 620.4038528160344;
  893.9073664896782, 613.208350706427;
  887.7245075330954, 659.8309087324566]';
tag.c=[912.3685969603727;
  639.8645078326196];
tag.uH=[6.112472754050932, -29.93943443972413, 913.7991978767886;
  -21.08725645925275, -9.34566153642923, 640.943822891132;
  0.003526806591527576, -0.009011344607312319, 0.9995765181125216]';
tag.up=[932.9049253860554, 667.9958901629711;
  938.4883575457077, 621.6749595525339;
  895.2617102026209, 614.139165280509;
  889.2805472123995, 661.2605525090396]';
tag.uc=[914.172, 641.207];
tags{4}=tag;

tag.id=6;
tag.hammingDistance=0;
tag.familyName='Tag36h11';
tag.H=[14.33135605550595, 35.25508580491445, 1065.149949361815;
  30.30881025606095, 19.66313774902417, 740.3025074560837;
  0.0185377798525928, 0.02226688020963496, 0.9994142859097178];
tag.p=[1059.413008296837, 720.1373122460453;
  1048.751387249763, 754.2024234761424;
  1071.63630843184, 759.7193442028332;
  1082.670427757185, 727.3704287325218]';
tag.c=[1065.774188320974;
  740.7363671835275];
tag.uH=[14.07707036010888, 35.1091180978402, 1072.614601203408;
  30.51421045269615, 19.47934519920233, 745.6063114905015;
  0.01813279369337368, 0.02148313248571223, 0.9995452689382961]';
tag.up=[1066.149721610174, 724.6499577244281;
  1055.603874632586, 759.5341662875637;
  1079.525278401721, 765.6173774484055;
  1090.493681798731, 732.4534573427634]';
tag.uc=[1073.09, 745.94];
tags{5}=tag;

tag.id=3;
tag.hammingDistance=0;
tag.familyName='Tag36h11';
tag.H=[0.3864863092833471, -15.33906070252153, 559.5702958481703;
  -26.90388591346686, -3.174473815077291, 764.3664246214361;
  -0.00914396618193637, 0.007079980333605223, 0.9994110056076704];
tag.p=[573.6767020074404, 793.2747109290976;
  585.1336605174616, 753.3022385454786;
  546.0664248902542, 736.2412985101979;
  535.47265944269, 775.9636817069855]';
tag.c=[559.9000738519341;
  764.8168974852138];
tag.uH=[1.184120368894404, -15.40491562418226, 558.7225448176416;
  -26.55185526731943, -3.123147192526767, 767.0339846595713;
  -0.008016791767689966, 0.007252580580709773, 0.9995234996445158]';
tag.up=[572.7745261316455, 796.4834200361099;
  584.5160814012091, 755.5045249300147;
  545.1741328965945, 738.2785626590986;
  534.2314758016851, 778.9430581846614]';
tag.uc=[558.995, 767.386];
tags{6}=tag;

tag.id=11;
tag.hammingDistance=0;
tag.familyName='Tag36h11';
tag.H=[-4.709289980558039, 2.587649518088292, 470.2066864604564;
  -0.6085972008487306, 25.51014192640021, 871.1479487529903;
  0.01328811466089238, 0.01975535581876377, 0.9994584405945818];
tag.p=[488.7427673712019, 875.6553139142737;
  466.1770892072385, 850.993654430268;
  453.3502950236485, 867.8429394346319;
  474.6907595869602, 891.9810918010206]';
tag.c=[470.4614692940395;
  871.6199827526004];
tag.uH=[-4.638008761417093, 1.919666911433792, 467.0361922387099;
  -0.4990925195792494, 25.40209921474493, 877.9828424364249;
  0.01373831527070966, 0.01899463349162345, 0.9995631617152453]';
tag.up=[485.8706040502937, 882.3497411615135;
  463.113315807457, 856.9616766992712;
  449.7911899089342, 874.6409024773338;
  471.320570512626, 899.5498806795231]';
tag.uc=[467.244, 878.359];
tags{7}=tag;

tag.id=10;
tag.hammingDistance=0;
tag.familyName='Tag36h11';
tag.H=[6.727929813673632, 18.54787356104038, 588.3161403757069;
  31.59019240548027, 9.156059706670021, 951.0756178265699;
  0.01932731630451772, 0.001039008531008497, 0.9994983967996823];
tag.p=[575.04023524786, 929.7309237233777;
  566.4214260591011, 956.4968240900937;
  601.6405222514347, 972.5033613756875;
  611.6285297460547, 946.4247213860322]';
tag.c=[588.6113897325403;
  951.5529198164215];
tag.uH=[5.924531294773221, 18.63752026706554, 586.8526126134865;
  31.5279406249781, 9.139638362557337, 960.6535909486763;
  0.01829630905491055, 0.0006546534344289151, 0.9996013268491105]';
tag.up=[573.3837826841652, 938.1411779074224;
  564.4079297621693, 966.3829134373823;
  600.2766130781819, 983.0851655795977;
  610.5810669375438, 955.5072981496014]';
tag.uc=[587.089, 961.023];
tags{8}=tag;

tag.id=4;
tag.hammingDistance=0;
tag.familyName='Tag36h11';
tag.H=[-13.9797129512798, -20.07052695856302, 718.1025145922448;
  -31.0471645336827, -1.799911280050834, 1014.322204312355;
  -0.01788177231133644, -0.001456476590037116, 0.9996225725188563];
tag.p=[738.156697186586, 1027.683555749025;
  736.5697054800136, 1001.909763488445;
  697.81007224321, 1001.21475458951;
  700.7659017268551, 1027.086902286897]';
tag.c=[718.3736485489366;
  1014.705181933276];
tag.uH=[-13.33379061943454, -20.37385313061045, 719.3501295762773;
  -31.08271327316989, -1.689520038042287, 1027.55940923376;
  -0.01684685663174857, -0.001237237987175546, 0.9997027013302769]';
tag.up=[739.896308087913, 1041.804494112767;
  738.1327712506018, 1014.303909040084;
  698.4804491045135, 1013.418434150387;
  701.5685866022486, 1041.015484976628]';
