% AprilTagFinder log 4
% @ Wed Mar  7 16:06:14 2018

K=[1664.010615128407, 0, 667.9657771371558;
  0, 1668.819944196452, 457.9230104705811;
  0, 0, 1];
distCoeffs=[-0.2237256636237109;
  0.2343996528647796;
  0;
  0;
  0];
tags={};

tag.id=1;
tag.hammingDistance=0;
tag.familyName='Tag16h5';
tag.H=[11.23003748199461, -1.179080452321807, 467.1198636411943;
  -6.647115861494687, -12.13716504863679, 205.9000156447493;
  -0.006936645436061847, 0.007637643802791578, 0.9984193654836778];
tag.p=[458.114154931605, 225.1981159815055;
  487.402938891349, 214.8611300050742;
  477.5909269148988, 187.2804734091412;
  448.8781776539632, 197.839310763009]';
tag.c=[467.8593783233572;
  206.2259835525149];
tag.uH=[11.54451202511136, -1.805356667012335, 465.5989504016758;
  -6.5574142579034, -12.6326586418506, 203.8897231276761;
  -0.006656617461384033, 0.006701402453840934, 0.9986763067167762]';
tag.up=[456.4792248796632, 223.3849828742356;
  486.0887801117011, 213.0920954278892;
  475.9415394790735, 184.9356552794993;
  446.8745920597325, 195.460810312698]';
tag.uc=[466.22, 204.164];
tags{1}=tag;

tag.id=0;
tag.hammingDistance=0;
tag.familyName='Tag16h5';
tag.H=[11.09902604055319, 3.161113156322565, 427.6844450262279;
  -6.507842588102143, -9.691984221993383, 219.8334766236298;
  -0.00667575840887233, 0.01754438019193608, 0.9984568426619559];
tag.p=[418.6201263735509, 238.9997151076493;
  447.1422151254906, 228.9152290484054;
  437.8613240141603, 201.752216690087;
  410.4390143050932, 211.8453225790101]';
tag.c=[428.3454494497641;
  220.1732385723737];
tag.uH=[11.46608801930164, 2.563871048763978, 425.633624210524;
  -6.388061937689966, -10.19731845388057, 217.7463030364448;
  -0.006341741980565168, 0.01669821895992398, 0.9987193809487989]';
tag.up=[416.4451311223409, 237.0900883452195;
  445.3696714242553, 227.0769908785479;
  435.7044454340166, 199.3510058901021;
  407.8588487567186, 209.3798655308215]';
tag.uc=[426.185, 218.029];
tags{2}=tag;

tag.id=6;
tag.hammingDistance=0;
tag.familyName='Tag16h5';
tag.H=[10.18573774307401, -1.935145174677592, 480.2538358153004;
  -7.4328094220236, -12.78416628650142, 243.9450415402415;
  -0.009765016273227669, 0.00612812158918949, 0.9987085482696678];
tag.p=[470.8987770284139, 263.5438900887656;
  500.9839218221314, 253.6553616934212;
  490.9238712844705, 224.8361361973657;
  461.3957962973515, 235.159952853363]';
tag.c=[480.8748624885345;
  244.2604921755134];
tag.uH=[10.49013890659589, -2.48661591394215, 479.1598346238744;
  -7.323282491318785, -13.22092619778307, 242.6271181928319;
  -0.009467289147878548, 0.005304284587870516, 0.9989362466059543]';
tag.up=[469.6961069831501, 262.3576237662512;
  500.0576073962371, 252.5222082172616;
  489.7184995420976, 223.2491880089479;
  459.8815484930054, 233.527002753281]';
tag.uc=[479.674, 242.889];
tags{3}=tag;

tag.id=5;
tag.hammingDistance=0;
tag.familyName='Tag16h5';
tag.H=[11.95853322243127, 1.657179311358316, 439.8566691687927;
  -6.366433064898521, -10.47202852062443, 257.48728875902;
  -0.005547368808254037, 0.01404016293698459, 0.9987554339158382];
tag.p=[430.4322303087582, 277.0232252763964;
  459.7352732682153, 267.1583531637956;
  450.2091630212499, 238.9171015378036;
  421.8179235704405, 248.8176398791212]';
tag.c=[440.4047820238022;
  257.8081480362865];
tag.uH=[12.32063028270324, 1.133069196659486, 438.2904343567077;
  -6.228915686843163, -10.9120378688818, 256.0821744803278;
  -0.005177838223810335, 0.01328837152816482, 0.9989785325071755]';
tag.up=[428.7478617298956, 275.7404510401989;
  458.4129220714047, 265.9469174317014;
  448.5600629641575, 237.2585404034338;
  419.7814182533264, 247.0876057030108]';
tag.uc=[438.744, 256.348];
tags{4}=tag;

