% AprilTagFinder log 8
% @ Wed Mar  7 16:06:15 2018

K=[1664.010615128407, 0, 667.9657771371558;
  0, 1668.819944196452, 457.9230104705811;
  0, 0, 1];
distCoeffs=[-0.2237256636237109;
  0.2343996528647796;
  0;
  0;
  0];
tags={};

tag.id=1;
tag.hammingDistance=0;
tag.familyName='Tag16h5';
tag.H=[9.749958529979541, -1.645852037322358, 464.266145692342;
  -7.626521782441888, -12.43891959707086, 212.662431096443;
  -0.01080991692331861, 0.00733748005485726, 0.9983987001002912];
tag.p=[455.3100916549432, 232.2932200443402;
  485.2449109168775, 221.8561997504225;
  474.7791566488493, 193.5791594156087;
  445.4990643578096, 204.4669040382633]';
tag.c=[465.0107673875231;
  213.0035136014105];
tag.uH=[10.0836069126086, -2.274900105924466, 462.7597569377837;
  -7.521158144550129, -12.93746544479555, 210.7530008596001;
  -0.0105097953866527, 0.006400291938844174, 0.9986642084117865]';
tag.up=[453.6874173465699, 230.5715465170226;
  483.9515883696193, 220.1852875263328;
  473.1396144105302, 191.3357177727604;
  443.4972945292366, 202.1862896470801]';
tag.uc=[463.383, 211.039];
tags{1}=tag;

tag.id=0;
tag.hammingDistance=0;
tag.familyName='Tag16h5';
tag.H=[11.60075095187941, -0.4553700737957984, 424.5982957919437;
  -6.62561789950729, -11.5794831505474, 226.9976946631164;
  -0.006264147832843234, 0.01005771577687271, 0.9985588501489832];
tag.p=[415.6286134126215, 246.4931176223453;
  444.5509818929656, 236.1462285506022;
  434.7210310511694, 208.3025788577357;
  406.4932648472376, 218.7881062294678]';
tag.c=[425.2110886890587;
  227.3253044918172];
tag.uH=[11.98237716925795, -1.046103315367704, 422.5423817530778;
  -6.498127800829676, -12.07517640524584, 225.0037788398243;
  -0.005905208022493075, 0.009201242908946052, 0.9987981413469971]';
tag.up=[413.4610505309475, 244.6769460325179;
  442.7941422861363, 234.4022695888588;
  432.5680208076171, 205.9984097166041;
  403.8998941251927, 216.4162872805211]';
tag.uc=[423.056, 225.278];
tags{2}=tag;

tag.id=6;
tag.hammingDistance=0;
tag.familyName='Tag16h5';
tag.H=[11.52112977797343, -2.983229778855806, 478.4549159225622;
  -7.119233629746369, -13.32935498471813, 251.2879613923792;
  -0.007675281417830485, 0.004794366103704675, 0.9987378320334982];
tag.p=[469.1575683540536, 271.2973880794727;
  499.8227492487993, 261.0832294816133;
  489.0188617918812, 231.7997383985275;
  458.808469820543, 242.361577611402]';
tag.c=[479.0595695653137;
  251.6055298323282];
tag.uH=[11.83588502375617, -3.535460737788366, 477.3816492796878;
  -7.00402942038825, -13.76556174090976, 250.0560554585452;
  -0.007354518886226235, 0.003970289714518589, 0.9989603832359994]';
tag.up=[467.9795353506968, 270.1915426830757;
  498.9242203684461, 260.0313498393695;
  487.835724867558, 230.3046872425965;
  457.3091058138197, 240.8163050229692]';
tag.uc=[477.883, 250.32];
tags{3}=tag;

tag.id=5;
tag.hammingDistance=0;
tag.familyName='Tag16h5';
tag.H=[11.94042731255444, -1.295810883092728, 437.6881259545643;
  -6.662109714782824, -12.22248980200371, 265.1799511085031;
  -0.006101566368663412, 0.008198433627379946, 0.9988145123280268];
tag.p=[428.4498339501219, 285.0000218522631;
  458.0169804527548, 274.9988220635075;
  447.9245131263606, 246.071087425749;
  418.9574649219371, 256.2588610301501]';
tag.c=[438.2076156807186;
  265.4946917925975];
tag.uH=[12.31597799875693, -1.816132698971925, 436.1349901109552;
  -6.515113359893016, -12.65747423306695, 263.858916423831;
  -0.005709219585650063, 0.007440369201563033, 0.9990238221195462]';
tag.up=[426.7864062572634, 283.7990793004975;
  456.7200316613687, 273.8688165154097;
  446.2937071990493, 244.500975686176;
  416.9288436032393, 254.6159432129396]';
tag.uc=[436.567, 264.12];
tags{4}=tag;

