% AprilTagFinder log 101
% @ Wed Mar  7 16:05:47 2018

K=[1664.010615128407, 0, 667.9657771371558;
  0, 1668.819944196452, 457.9230104705811;
  0, 0, 1];
distCoeffs=[-0.2237256636237109;
  0.2343996528647796;
  0;
  0;
  0];
tags={};

tag.id=25;
tag.hammingDistance=0;
tag.familyName='Tag36h11';
tag.H=[44.17624295396749, 2.561360420466932, 380.3197522179803;
  -5.624402636701204, -56.46011436560435, 193.5068302724647;
  -0.02946348122043568, 0.001476570311697731, 0.9746661859987292];
tag.p=[332.6994649220452, 254.91503298908;
  447.0943628046953, 258.912552145727;
  451.1109166848705, 138.8245382869147;
  336.8165958438425, 141.8757295040972]';
tag.c=[390.2051365701899;
  198.5365174787309];
tag.uH=[46.59025682292865, 0.8941441933666303, 378.4456507972924;
  -4.513519631411215, -58.44967338145321, 191.2339670817989;
  -0.0273746183696501, -0.001351576468364557, 0.9780597111983124]';
tag.up=[328.6481969526035, 252.4619391745597;
  445.5419729470157, 257.5138115345465;
  448.5753692027311, 135.0935205637595;
  331.4271047060579, 136.7320235367824]';
tag.uc=[387.047, 195.588];
tags{1}=tag;

tag.id=24;
tag.hammingDistance=0;
tag.familyName='Tag36h11';
tag.H=[43.65022579286341, 1.983625536505144, 245.4338232737675;
  -3.785074147623944, -53.23941612672938, 192.9934431948347;
  -0.01920643109491759, 9.139191536652319e-05, 0.9730691274141637];
tag.p=[201.3738766164106, 251.9874252050697;
  301.0160005910091, 254.1990769217716;
  305.11706820376, 142.5319673110322;
  205.3345518311098, 144.6431697008207]';
tag.c=[252.22650309129;
  198.3347716597442];
tag.uH=[46.73893429474572, 0.8044609415806276, 238.4295203447443;
  -2.397673221504382, -55.22273372987042, 188.720883913595;
  -0.01643179656442278, -0.001709079102804922, 0.975568037266676]';
tag.up=[192.0405529912112, 247.8680578069585;
  295.953164092761, 251.3882809157196;
  298.6330498870951, 136.8960059574149;
  194.3835927815508, 137.2275122188761]';
tag.uc=[244.515, 193.52];
tags{2}=tag;

