% AprilTagFinder log 88
% @ Fri Mar 16 13:47:02 2018

K=[1664.010615128407, 0, 667.9657771371558;
  0, 1668.819944196452, 457.9230104705811;
  0, 0, 1];
distCoeffs=[-0.2237256636237109;
  0.2343996528647796;
  0;
  0;
  0];
tags={};

tag.id=1;
tag.hammingDistance=0;
tag.familyName='Tag36h11';
tag.H=[16.71984443094198, -16.25861524387717, 960.1165254525199;
  -6.343718556818608, -5.73343191077635, 273.2340040343909;
  0.01723344411493408, -7.616446621838855e-05, 0.9992633487182492];
tag.p=[977.1401750674969, 290.5095116378776;
  976.904783858865, 268.1791950403568;
  945.0592872981138, 256.9377738686633;
  944.176927976523, 278.876977078574]';
tag.c=[960.8243179178515;
  273.4354305948146];
tag.uH=[16.42264128149846, -16.145071605835, 963.0329630105791;
  -6.66419760555657, -5.559450776822534, 271.5204361644927;
  0.01677625723963524, 0.0003781953049611631, 0.9994009813759943]';
tag.up=[980.1643174730608, 288.8719819314305;
  980.1125509806679, 266.2090521983725;
  947.6297172402174, 255.0733546342242;
  946.5505619791595, 277.3383362539549]';
tag.uc=[963.602, 271.686];
tags{1}=tag;

tag.id=2;
tag.hammingDistance=0;
tag.familyName='Tag36h11';
tag.H=[-14.96580887558123, -6.158571123486829, 502.8810150020793;
  6.898406992738486, 9.290716212504723, 331.0159798602922;
  0.001656671595196548, -0.01150062198259763, 0.9992037389801833];
tag.p=[519.3068677750654, 312.0039419072107;
  488.0410855024584, 324.6111417486882;
  486.9377556654478, 350.9391700256822;
  518.9291591080806, 338.1263536161322]';
tag.c=[503.2817586484759;
  331.2797650238347];
tag.uH=[-15.15530234240477, -6.000736676907507, 502.3829269290684;
  6.829657941066408, 9.448893422967991, 330.6258557437683;
  0.001490536196621388, -0.01127939721298222, 0.9993575023075522]';
tag.up=[518.7903636582469, 311.4969571596519;
  487.3188404573351, 324.0760076558312;
  486.2960595667616, 350.5599408186355;
  518.4921397985383, 337.7750744945556]';
tag.uc=[502.712, 330.842];
tags{2}=tag;

tag.id=16;
tag.hammingDistance=0;
tag.familyName='Tag36h11';
tag.H=[3.461767745393203, -13.5077035746346, 494.1768548064307;
  -7.724447817037695, 13.10558159992912, 446.5842045088535;
  0.01708019413806178, 0.005560703962175208, 0.9991073642252444];
tag.p=[516.3749172428021, 451.8363774199279;
  505.7715653413439, 421.2773223250401;
  473.8260262614156, 442.3451009968733;
  483.2049846154277, 473.2887535458539]';
tag.c=[494.618368857324;
  446.9831977018368];
tag.uH=[3.35836525776926, -13.84811552249629, 493.8365090940148;
  -7.817064098291975, 12.930155251849, 446.6352076882022;
  0.01696952217359096, 0.005115628260412616, 0.9992834596660736]';
tag.up=[516.0939095754881, 451.8250944800689;
  505.4107215370393, 421.1957943261344;
  473.2342374083456, 442.2976154451556;
  482.694375975335, 473.3312186222838]';
tag.uc=[494.198, 446.957];
tags{3}=tag;

tag.id=0;
tag.hammingDistance=0;
tag.familyName='Tag36h11';
tag.H=[5.834988195547515, -30.41124208593441, 911.8872847606253;
  -21.07385611841357, -9.756722972275801, 639.5189046654899;
  0.003120784008244175, -0.009976448942138137, 0.9994743980163564];
tag.p=[930.5729532769686, 666.1328210656061;
  936.3619185507794, 620.4023027186582;
  893.9092133741995, 613.2146264100713;
  887.7345152455714, 659.8247210721837]';
tag.c=[912.3668265744835;
  639.8552138351264];
tag.uH=[6.352496676639537, -29.93422918181879, 913.7967760198007;
  -20.90649696898343, -9.345034624490847, 640.9340093096322;
  0.003800355770969429, -0.009015201279171745, 0.9995759201554428]';
tag.up=[932.9094075394455, 667.9852940505608;
  938.4613034856322, 621.6732098806413;
  895.2636175924429, 614.1455125787035;
  889.29065882083, 661.2543513848964]';
tag.uc=[914.171, 641.198];
tags{4}=tag;

tag.id=3;
tag.hammingDistance=0;
tag.familyName='Tag36h11';
tag.H=[0.1681570809948498, -14.51331326692545, 559.5439559804501;
  -27.23720004442455, -2.083049956653968, 764.3594489748625;
  -0.009593901890253855, 0.008532218128381237, 0.9993955772973765];
tag.p=[573.6268149613577, 793.3169460288797;
  585.1862830020344, 753.31530335924;
  546.1086749882347, 736.2658963432696;
  535.4799677193633, 775.9181953025558]';
tag.c=[559.8823615905939;
  764.8217245886636];
tag.uH=[0.966683007153581, -14.57967016641038, 558.6978558781445;
  -26.88609539119879, -2.027651056716134, 767.0296828822652;
  -0.008466426640023676, 0.008705983816898121, 0.9995113528901348]';
tag.up=[572.7238869153166, 796.5270363659279;
  584.5691029820374, 755.5176630515377;
  545.2166605789596, 738.3034129142302;
  534.2391682412754, 778.8963879188664]';
tag.uc=[558.977, 767.391];
tags{5}=tag;

tag.id=11;
tag.hammingDistance=0;
tag.familyName='Tag36h11';
tag.H=[-4.598829574719336, 2.373312785731645, 470.2076378041759;
  -0.445719857646988, 25.12247870567043, 871.1503291592605;
  0.01348428774280458, 0.01932790898416789, 0.9994644372575956];
tag.p=[488.7312466516723, 875.6753823345856;
  466.209531822205, 851.0108856074221;
  453.3495243506445, 867.8168801994566;
  474.6602557599225, 891.9838253972443]';
tag.c=[470.4595984369053;
  871.6171348223127];
tag.uH=[-4.527276955900031, 1.706719488921612, 467.0364074770854;
  -0.3347095098064915, 25.01129517894183, 877.9838136481899;
  0.01393530794452919, 0.01856743657203931, 0.999567623855163]';
tag.up=[485.8586211464949, 882.3707781102457;
  463.1462453129646, 856.9791805812552;
  449.7907391934053, 874.6137755915568;
  471.289333265877, 899.553114439768]';
tag.uc=[467.242, 878.356];
tags{6}=tag;

tag.id=10;
tag.hammingDistance=0;
tag.familyName='Tag36h11';
tag.H=[5.911121462100446, 18.00423355313172, 588.3230824250594;
  30.23152776846676, 8.256343463721484, 951.0693060486479;
  0.0178812418992116, 0.0001004202382959477, 0.9995257565964891];
tag.p=[575.0202467683572, 929.7406402505703;
  566.4270561594925, 956.4909056423971;
  601.7041509162175, 972.530675512974;
  611.5806388708211, 946.3701707866454]';
tag.c=[588.6022231466786;
  951.5205583967727];
tag.uH=[5.109754492969549, 18.09483489751383, 586.8554143962943;
  30.15488725420311, 8.229677386113371, 960.6391521134624;
  0.01684885306262868, -0.0002848276972088865, 0.9996217464508002]';
tag.up=[573.3633503118947, 938.1515122503004;
  564.4137229206499, 966.3766251541686;
  600.3414574117257, 983.1137620218492;
  610.5324814914867, 955.4500367095047]';
tag.uc=[587.08, 960.989];
tags{7}=tag;

tag.id=4;
tag.hammingDistance=0;
tag.familyName='Tag36h11';
tag.H=[-12.8315851913146, -20.71656564735263, 718.1322961812099;
  -29.44741537187695, -2.695182977827336, 1014.309587876494;
  -0.01630331999989174, -0.002350743146817264, 0.9996477955594859];
tag.p=[738.1705538423803, 1027.644383911633;
  736.5535135597444, 1001.889160808223;
  697.8476240197703, 1001.195988389372;
  700.7172994961013, 1027.092973330919]';
tag.c=[718.3853146790399;
  1014.666958084774];
tag.uH=[-12.18316039880094, -21.02223445861555, 719.3756338649848;
  -29.46177685056997, -2.597777447182918, 1027.538262929622;
  -0.01526802055114202, -0.002133470204229603, 0.9997217315948738]';
tag.up=[739.9103031936372, 1041.762688054996;
  738.1160923035793, 1014.281900213505;
  698.5188064071613, 1013.398555913293;
  701.5188033100802, 1041.021849400711]';
tag.uc=[719.576, 1027.81];
tags{8}=tag;

tag.id=13;
tag.hammingDistance=0;
tag.familyName='Tag36h11';
tag.H=[-9.853157205496036, 8.281602820214053, 857.7385213288101;
  6.783842901941507, -2.544425702232269, 1059.028190257772;
  -0.001655204629601062, -0.005321980747337631, 0.9998858784079825];
tag.p=[853.4527748826545, 1047.599034066244;
  836.6314986231573, 1064.574393823763;
  862.281670966053, 1070.86141446869;
  879.1974369302314, 1053.683792290675]';
tag.c=[857.8364189866354;
  1059.149062034915];
tag.uH=[-10.00939475812861, 8.61739140156371, 863.3237440036116;
  7.296822638719766, -2.359090505243766, 1076.685824882118;
  -0.001638706090096748, -0.005458344084416037, 0.9999032306926656]';
