% AprilTagFinder log 88
% @ Wed Mar  7 16:05:46 2018

K=[1664.010615128407, 0, 667.9657771371558;
  0, 1668.819944196452, 457.9230104705811;
  0, 0, 1];
distCoeffs=[-0.2237256636237109;
  0.2343996528647796;
  0;
  0;
  0];
tags={};

tag.id=1;
tag.hammingDistance=0;
tag.familyName='Tag36h11';
tag.H=[29.52273238557051, 0.4156821568413602, 334.9952954856975;
  -4.268358994606534, -37.50672503164021, 127.768297736741;
  -0.01869538678365044, -0.0009640503204040357, 0.9771807470173205];
tag.p=[306.023859995337, 170.0808057937843;
  379.4909264722573, 167.8115198182202;
  381.1233298412604, 89.80814611664753;
  307.452538104532, 95.01335170139565]';
tag.c=[342.8181495677378;
  130.7519597850574];
tag.uH=[31.25658441492356, -0.9686164947643832, 330.2727432788888;
  -3.503065626155222, -39.07850831709668, 122.6812380186078;
  -0.01740283606913574, -0.003421438946129056, 0.9788954989095124]';
tag.up=[300.0148063496339, 165.3019748060415;
  375.7079522230384, 164.0070831541199;
  376.2840038341022, 83.59767115562528;
  300.2140462227935, 87.72674379247633]';
tag.uc=[337.45, 125.35];
tags{1}=tag;

tag.id=0;
tag.hammingDistance=0;
tag.familyName='Tag36h11';
tag.H=[28.927709567579, 0.9579901523744425, 246.4277031943701;
  -3.870265212727865, -35.91916999542309, 131.781344559002;
  -0.01703018753304399, 0.0004192759784624736, 0.9781031304657276];
tag.p=[217.6927180344313, 172.4825150941721;
  285.6361580126573, 170.540388255765;
  287.3797597938318, 95.67618701587453;
  219.4338954071985, 100.177971891847]';
tag.c=[251.9444990192727;
  134.7315435911689];
tag.uH=[30.9842862192056, -0.1201121191593918, 237.995821966087;
  -2.982959811866522, -37.47369765579059, 125.1789566594875;
  -0.0155041963509294, -0.001351212396289949, 0.9791770342449161]';
tag.up=[207.9162941052912, 166.2849706643444;
  278.8677458318326, 165.4528304431888;
  279.3451186254904, 88.02870889477339;
  208.2946467805574, 91.2934062857056]';
tag.uc=[243.114, 127.871];
tags{2}=tag;

tag.id=24;
tag.hammingDistance=0;
tag.familyName='Tag36h11';
tag.H=[30.93999192501995, 1.704824677896659, 246.9272124566947;
  -2.528761125776364, -36.04632278677163, 226.6298030366454;
  -0.01098082458070014, 0.002773857256549893, 0.9890569299140042];
tag.p=[214.8703030834834, 265.9325056122636;
  283.1556886579478, 266.7351225844479;
  285.0303713336791, 191.7262846476074;
  217.0816957627826, 192.5708070316515]';
tag.c=[249.6592511395318;
  229.1372682221136];
tag.uH=[33.03604177963499, 0.9618148023066899, 239.8718843073445;
  -1.53769162628737, -37.25692900707925, 222.8741178558108;
  -0.00887186051840429, 0.001718147555608048, 0.9902136020314444]';
tag.up=[206.3961315273338, 262.3417381725332;
  277.5995279073056, 263.9746163750882;
  278.5674461003103, 187.2335960367132;
  207.627739730513, 187.0070087783826]';
tag.uc=[242.293, 225.108];
tags{3}=tag;

tag.id=25;
tag.hammingDistance=0;
tag.familyName='Tag36h11';
tag.H=[29.7784079089457, 2.322122932607817, 337.359762407993;
  -4.440155148589441, -37.11885147329428, 226.9947946770934;
  -0.0199613859183214, 0.004453798548196398, 0.9900726174272367];
tag.p=[303.5652751616699, 267.0635320959748;
  377.7903373723328, 268.9084991616911;
  379.1027605699081, 190.2754381042614;
  305.4777759310217, 191.5410890004362]';
tag.c=[340.7424429984163;
  229.2708541591151];
tag.uH=[31.57353808885413, 1.400579797478358, 333.7292805861808;
  -3.562188921629505, -38.29823830282443, 224.452203936142;
  -0.01818432699196469, 0.002979466593874522, 0.9914854551151938]';
tag.up=[298.7283469322705, 264.5301283443501;
  375.0359647470908, 267.1143556044532;
  375.5838302443616, 187.0149543976548;
  299.7677719199992, 187.3449726186598]';
tag.uc=[336.647, 226.409];
tags{4}=tag;

