% AprilTagFinder log 29
% @ Fri Mar 16 13:46:27 2018

K=[1664.010615128407, 0, 667.9657771371558;
  0, 1668.819944196452, 457.9230104705811;
  0, 0, 1];
distCoeffs=[-0.2237256636237109;
  0.2343996528647796;
  0;
  0;
  0];
tags={};

tag.id=1;
tag.hammingDistance=0;
tag.familyName='Tag36h11';
tag.H=[19.41040063138896, -15.80266134774623, 960.0577245936279;
  -5.568844814178219, -5.599974702792172, 273.1780279220347;
  0.01997560526156972, 0.0003646938432059597, 0.9992147352730216];
tag.p=[977.0915961948702, 290.4834746242494;
  976.88038164811, 268.1608562739755;
  945.1823897523742, 256.9838798010158;
  944.1007069320201, 278.8340463582624]';
tag.c=[960.8122165365239;
  273.3927135766194];
tag.uH=[19.11930885819349, -15.68547340182236, 962.9842788866558;
  -5.895063589771028, -5.426357679985917, 271.4669167699237;
  0.01951574551451419, 0.0008210930735969711, 0.9993630092191852]';
tag.up=[980.1147518902877, 288.8459673206703;
  980.0877008922517, 266.1906424994338;
  947.7550339356675, 255.1191110166479;
  946.4731089020111, 277.295410838376]';
tag.uc=[963.589, 271.643];
tags{1}=tag;

tag.id=2;
tag.hammingDistance=0;
tag.familyName='Tag36h11';
tag.H=[-14.6802588940657, -6.591157955755155, 502.8734707128719;
  7.104222720327648, 9.009425380475784, 331.0241117575221;
  0.002236980547078347, -0.01237160274075478, 0.9991912221484023];
tag.p=[519.301958332745, 312.0007928281977;
  488.0493832425396, 324.6389546856886;
  486.9307316538776, 350.9786597392059;
  518.9636212177229, 338.142580700956]';
tag.c=[503.2805128448015;
  331.2920534327488];
tag.uH=[-14.86994329635932, -6.43275027510716, 502.3767797395367;
  7.035423247963676, 9.168087353044559, 330.6349626601292;
  0.002071217396912306, -0.01215034111856193, 0.9993477075463951]';
tag.up=[518.7854090117858, 311.4937695118169;
  487.3273198392433, 324.1040421252382;
  486.2890952046299, 350.5996204582357;
  518.5268713477722, 337.7914845251879]';
tag.uc=[502.711, 330.854];
tags{2}=tag;

tag.id=16;
tag.hammingDistance=0;
tag.familyName='Tag36h11';
tag.H=[2.857376031899203, -14.54726947681816, 494.2274904282115;
  -8.260033660444007, 12.16894867140776, 446.5904081824358;
  0.01587285666229684, 0.003443657892651963, 0.9991369064954984];
tag.p=[516.3368593208733, 451.7986120851542;
  505.7822057045141, 421.2887557545062;
  473.7944681707647, 442.3366978616933;
  483.2462959253323, 473.3107756811444]';
tag.c=[494.6544234480625;
  446.9761904290619];
tag.uH=[2.754171385759493, -14.88666298264054, 493.884059942236;
  -8.352754954545125, 11.9934692731024, 446.6383853158818;
  0.01576159185782308, 0.002998461560361902, 0.999306247364703]';
tag.up=[516.0556350669383, 451.7872532402086;
  505.4214412739791, 421.2072657742081;
  473.2023889486467, 442.2891711086716;
  482.7360170508747, 473.3532836584327]';
tag.uc=[494.234, 446.95];
tags{3}=tag;

tag.id=0;
tag.hammingDistance=0;
tag.familyName='Tag36h11';
tag.H=[6.010768033982082, -30.41327372730603, 911.9003063508842;
  -20.94978249104959, -9.754503759753765, 639.5242081552617;
  0.003311610224955926, -0.009979993020887338, 0.999473849923219];
tag.p=[930.5869305513619, 666.1369263814108;
  936.3711460977997, 620.4091257831226;
  893.9292036994538, 613.2318385253227;
  887.7428766733859, 659.83695111015]';
tag.c=[912.3803553449023;
  639.8608710016683];
tag.uH=[6.528458480299503, -29.9364638904284, 913.8100723600273;
  -20.78229116582375, -9.342921099108768, 640.9394861820141;
  0.003990960581434474, -0.009018990585197053, 0.9995753813423952]';
tag.up=[932.9236939160912, 667.9895823628575;
  938.4707535157506, 621.6801773062173;
  895.2839836242599, 614.1630037390689;
  889.2992276090711, 661.2668041344432]';
tag.uc=[914.184, 641.204];
tags{4}=tag;

tag.id=6;
tag.hammingDistance=0;
tag.familyName='Tag36h11';
tag.H=[15.08246556786235, 33.31268484068359, 1045.976736449649;
  31.30224836749385, 18.07909701319012, 726.8846523312449;
  0.01959776978875214, 0.01996141770639977, 0.9994228897337945];
tag.p=[1039.295041279812, 705.8328233169495;
  1028.71428856264, 740.8047217902098;
  1053.311612243571, 747.1408936930811;
  1064.434172340784, 713.8138733627824]';
tag.c=[1046.580728932729;
  727.304387159731];
tag.uH=[14.81014502769407, 33.08870966680418, 1052.463848842902;
  31.46972843045309, 17.84483243312255, 731.4969674301836;
  0.0191748242323243, 0.01912777108862765, 0.9995517033273661]';
tag.up=[1045.062326304248, 709.683224265931;
  1034.605084594193, 745.4240020080426;
  1060.228723629641, 752.3324700144943;
  1071.277742612575, 718.2308890021063]';
tag.uc=[1052.93, 731.819];
tags{5}=tag;

tag.id=3;
tag.hammingDistance=0;
tag.familyName='Tag36h11';
tag.H=[0.6036518294305155, -14.35270805451881, 559.5274396921969;
  -26.6342357070692, -1.854505139927867, 764.3591165464096;
  -0.008804797214119404, 0.008834630499582505, 0.9993999690833303];
tag.p=[573.6378098386925, 793.3475586204312;
  585.1567417597564, 753.3195263149408;
  546.0897625561444, 736.2902066311143;
  535.4473794459373, 775.9176779176797]';
tag.c=[559.8633750263238;
  764.8180310106424];
tag.uH=[1.401404740800399, -14.4193116067482, 558.6802359881879;
  -26.28105936172632, -1.798214025459447, 767.0281236971523;
  -0.007677309547835656, 0.009008536712237447, 0.9995141059782937]';
tag.up=[572.7348528778035, 796.5584189758404;
  584.5392936414956, 755.5220881732894;
  545.1974370276544, 738.3282955551914;
  534.2061892996365, 778.8960707649219]';
tag.uc=[558.958, 767.387];
tags{6}=tag;

tag.id=11;
tag.hammingDistance=0;
tag.familyName='Tag36h11';
tag.H=[-4.949008763169084, 2.799215785100325, 470.2096772547698;
  -1.043854243342176, 25.9185279627259, 871.1520820425762;
  0.01277785280939264, 0.02025063717135403, 0.9994550708602284];
tag.p=[488.7691207778816, 875.6768750638571;
  466.1993051700609, 851.0128772727667;
  453.3339822819634, 867.8363411734432;
  474.6694605022844, 891.9352658592064]';
tag.c=[470.4660479135511;
  871.6270570249626];
tag.uH=[-4.877294985327393, 2.129912402349159, 467.0397706583116;
  -0.9394603445945213, 25.81401524495712, 877.9882258140873;
  0.01322572787613417, 0.01949093594854529, 0.9995609521629434]';
tag.up=[485.8972668559396, 882.371911114269;
  463.1357774988014, 856.9813698201142;
  449.7745808006546, 874.6342441472145;
  471.2993459706016, 899.5022543785819]';
tag.uc=[467.249, 878.366];
tags{7}=tag;

tag.id=10;
tag.hammingDistance=0;
tag.familyName='Tag36h11';
tag.H=[6.916107714133268, 18.2942537410464, 588.3108819329103;
  31.86039362140406, 8.725619462011929, 951.0810921039805;
  0.0196049790826483, 0.0006010357689150505, 0.9994934293590794];
tag.p=[575.0104740812114, 929.7526604877821;
  566.4548101797942, 956.522709240542;
  601.6687043141634, 972.509214178354;
  611.6220892674506, 946.411288597614]';
tag.c=[588.609053998646;
  951.5631260466183];
tag.uH=[6.112673149067279, 18.38492542000511, 586.8478883966711;
  31.80086590127436, 8.704574418202911, 960.6606295207685;
  0.01857384895638736, 0.0002169605449129623, 0.9995974522539444]';
tag.up=[573.353314020929, 938.1642005028252;
  564.4418373816159, 966.4099919735046;
  600.3053639645761, 983.0912218746644;
  610.5745573887285, 955.4931762600525]';
tag.uc=[587.087, 961.034];
tags{8}=tag;

tag.id=4;
tag.hammingDistance=0;
tag.familyName='Tag36h11';
tag.H=[-13.92152713015611, -20.86102598264354, 718.1231995665327;
  -30.97998398963747, -2.915310199465635, 1014.313482854977;
  -0.01782445318000077, -0.002562232592392021, 0.9996215175713067];
tag.p=[738.1369583217313, 1027.647398920848;
  736.5833803173069, 1001.919534957304;
  697.8312293062479, 1001.208450545806;
  700.7538636929904, 1027.09120015669]';
tag.c=[718.3950994885485;
  1014.697528039779];
tag.uH=[-13.2756958499609, -21.16669386119856, 719.3715709350303;
  -31.014974320472, -2.820649702703296, 1027.550606807808;
  -0.01679037897343102, -0.002344584686910875, 0.9997020017944811]';
tag.up=[739.875868861753, 1041.765726805022;
  738.146817665033, 1014.314378904021;
  698.5020697295049, 1013.411776064065;
  701.5562631973655, 1041.020048140318]';
