% AprilTagFinder log 84
% @ Fri Mar 16 13:46:58 2018

K=[1664.010615128407, 0, 667.9657771371558;
  0, 1668.819944196452, 457.9230104705811;
  0, 0, 1];
distCoeffs=[-0.2237256636237109;
  0.2343996528647796;
  0;
  0;
  0];
tags={};

tag.id=1;
tag.hammingDistance=0;
tag.familyName='Tag36h11';
tag.H=[17.19732370160471, -16.28127912966189, 960.1104471836491;
  -6.180064238290297, -5.749173686378865, 273.2131524644861;
  0.01768688182327599, -0.0001183511453681732, 0.9992582848239708];
tag.p=[977.0850704722648, 290.4607990303316;
  976.9193689803689, 268.2057286890085;
  945.1230800608408, 256.9600944393408;
  944.142812130126, 278.8152143386831]';
tag.c=[960.8231042615594;
  273.4159492233935];
tag.uH=[16.90093966958678, -16.16666821833383, 963.028188052056;
  -6.501419421723853, -5.575126378017452, 271.4996699065967;
  0.01722857614321355, 0.0003367984312178177, 0.9993972014223603]';
tag.up=[980.1082465162924, 288.8230243691517;
  980.1272637307115, 266.2358759721473;
  947.6946707522849, 255.095469698301;
  946.5162207113381, 277.2759988122646]';
tag.uc=[963.6, 271.666];
tags{1}=tag;

tag.id=2;
tag.hammingDistance=0;
tag.familyName='Tag36h11';
tag.H=[-14.4068083761374, -6.407074304110152, 502.8675979125929;
  7.264785204126369, 9.12703104472207, 331.0300412403382;
  0.002770307784987022, -0.01200002542938498, 0.9991953676023597];
tag.p=[519.3062809070221, 312.0095182028311;
  488.0518773386104, 324.6340533359299;
  486.9398400366876, 350.9433458665355;
  518.9499597622728, 338.1591034891665]';
tag.c=[503.2725473090007;
  331.2966132285704];
tag.uH=[-14.59702889673453, -6.248884285737231, 502.3704576008559;
  7.19551174249003, 9.285497781967186, 330.6406250123223;
  0.002604085273237935, -0.01177870033577556, 0.9993510387864093]';
tag.up=[518.789791869144, 311.5025696314586;
  487.3298181938861, 324.0991168440992;
  486.2981750456404, 350.5641454788458;
  518.5131682258448, 337.8080544404106]';
tag.uc=[502.703, 330.859];
tags{2}=tag;

tag.id=16;
tag.hammingDistance=0;
tag.familyName='Tag36h11';
tag.H=[3.164457410226127, -13.52619204474624, 494.183470855144;
  -7.996911599489218, 13.08493581027943, 446.5842014861259;
  0.0164732685131046, 0.005533035628360102, 0.9991177432168687];
tag.p=[516.3640351678741, 451.8381011823005;
  505.786927481004, 421.2652779780149;
  473.8128902872079, 442.3284583938655;
  483.2055135920745, 473.2611742385364]';
tag.c=[494.6198525751498;
  446.9785513449642];
tag.uH=[3.061231875186234, -13.86671690770076, 493.8420777200589;
  -8.089574959367383, 12.90935143587115, 446.6342383077495;
  0.01636238741947138, 0.005087708171539416, 0.9992917037324534]';
tag.up=[516.0829674312414, 451.8268198364594;
  505.4261712232234, 421.1837352465134;
  473.2209742592826, 442.2809151125253;
  482.6949217463487, 473.3035618233886]';
tag.uc=[494.199, 446.952];
tags{3}=tag;

tag.id=0;
tag.hammingDistance=0;
tag.familyName='Tag36h11';
tag.H=[5.082559883599005, -30.63112033320168, 911.9050452767269;
  -21.60507961245219, -9.908163706273005, 639.5401934050948;
  0.002292871284628657, -0.0102178267335156, 0.9994741808058408];
tag.p=[930.5682047848094, 666.1246893844263;
  936.3961313283094, 620.4077656066604;
  893.910722897332, 613.2090415052085;
  887.7647251802139, 659.8391132687531]';
tag.c=[912.3847947142466;
  639.8766528310476];
tag.uH=[5.598346405914855, -30.15476107253497, 913.8156144886759;
  -21.43906984203863, -9.496907696468609, 640.9561351251623;
  0.002972142534782926, -0.00925678613511872, 0.9995763850122603]';
tag.up=[932.9044970513644, 667.9769950797219;
  938.4962066442079, 621.6789714078795;
  895.2651175770135, 614.1398814208992;
  889.3214115658631, 661.269147630008]';
tag.uc=[914.189, 641.22];
tags{4}=tag;

tag.id=3;
tag.hammingDistance=0;
tag.familyName='Tag36h11';
tag.H=[0.1934303814986764, -14.54300512971998, 559.5410335316584;
  -27.18312054773094, -2.121417922336449, 764.3637343736898;
  -0.009512553548602008, 0.008484772744668084, 0.9993966875811248];
tag.p=[573.6471132161391, 793.3315286909576;
  585.1618532635619, 753.3141562046017;
  546.0821697095472, 736.2601047707387;
  535.4902727859966, 775.9289186230114]';
tag.c=[559.8788153740387;
  764.8251628927312];
tag.uH=[0.9916441733588286, -14.60893832891828, 558.6946985133862;
  -26.83199025822079, -2.065618427446955, 767.0338457126426;
  -0.008385202787741223, 0.008659258216931602, 0.9995121691582021]';
tag.up=[572.7443363288745, 796.5419119327578;
  584.5444692230593, 755.5165853957634;
  545.1899301633482, 738.2976499989289;
  534.2495281734347, 778.9073116416718]';
tag.uc=[558.974, 767.395];
tags{5}=tag;

tag.id=11;
tag.hammingDistance=0;
tag.familyName='Tag36h11';
tag.H=[-4.887193863954773, 2.94489039458411, 470.2093883605088;
  -0.9389136674739934, 26.17957868604638, 871.150198867198;
  0.01290116821406053, 0.02052792681431741, 0.9994480264989106];
tag.p=[488.7602886944891, 875.6655861401503;
  466.1901484343009, 850.9917399753949;
  453.361852181142, 867.8581848732408;
  474.6831910521665, 891.9582780858376]';
tag.c=[470.469074822893;
  871.6313162564912];
tag.uH=[-4.814997494466641, 2.274417645368907, 467.0402258829851;
  -0.832402322268928, 26.07687209460399, 877.9877701591085;
  0.01335071235495348, 0.01976743021885718, 0.9995554441735565]';
tag.up=[485.8883761091674, 882.3602480666123;
  463.1266755768452, 856.9595339636664;
  449.8028199193666, 874.6566276847348;
  471.3131087041077, 899.5261331288259]';
tag.uc=[467.252, 878.371];
tags{6}=tag;

tag.id=10;
tag.hammingDistance=0;
tag.familyName='Tag36h11';
tag.H=[6.50439901989811, 18.98527330593569, 588.3411970938689;
  31.21062868294489, 9.821136084342521, 951.0714102147243;
  0.0189202014277943, 0.00176873363688248, 0.9995051441021275];
tag.p=[575.0329015510813, 929.7349564147008;
  566.4255915628831, 956.5283808095055;
  601.6804860512622, 972.4651370181109;
  611.6148245467168, 946.3820821713839]';
tag.c=[588.6324853509241;
  951.5422865272874];
tag.uH=[5.70166150391367, 19.07545405228966, 586.8772921614884;
  31.14440581792459, 9.812210867293238, 960.6473480924687;
  0.01788876412367186, 0.001386706768108052, 0.9996066185361615]';
tag.up=[573.3762831348903, 938.1454608104895;
  564.4119546014626, 966.4161921937267;
  600.3176099497575, 983.0445152783693;
  610.5672709192993, 955.4624445944319]';
tag.uc=[587.111, 961.012];
tags{7}=tag;

tag.id=4;
tag.hammingDistance=0;
tag.familyName='Tag36h11';
tag.H=[-13.54003493745717, -21.58415224585981, 718.1509046043606;
  -30.42712397902237, -3.940753246944179, 1014.327125115291;
  -0.01727399380082146, -0.003561534153563317, 0.9996279753237594];
tag.p=[738.1695566454374, 1027.66536870003;
  736.5692195385253, 1001.95274207181;
  697.8258968556227, 1001.192081654375;
  700.7583658854664, 1027.111383231379]';
tag.c=[718.4181738929084;
  1014.704620273128];
tag.uH=[-12.89344265366008, -21.88984959844049, 719.3987229424214;
  -30.45464903305111, -3.858152027780986, 1027.563292107102;
  -0.01623927462883815, -0.003342058828114874, 0.9997068926197774]';
tag.up=[739.9093954467942, 1041.785119354012;
  738.1324980300664, 1014.349641533434;
  698.4965796088642, 1013.394350092944;
  701.5609279539156, 1041.041634401428]';
tag.uc=[719.609, 1027.85];
tags{8}=tag;

tag.id=8;
tag.hammingDistance=0;
tag.familyName='Tag36h11';
tag.H=[-7.503334779350761, 0.5155600873266071, 588.4906331625887;
  0.7702639735956622, 17.70491336496101, 1060.82058292454;
  0.008056401753912944, 0.01210076626283132, 0.9997359721621836];
tag.p=[607.8922954790693, 1064.075091432077;
  582.983459772267, 1048.402864410496;
  570.1605742426573, 1058.243964729234;
  594.2630137660466, 1073.696298823835]';
tag.c=[588.6460521069656;
  1061.100743059435];
tag.uH=[-7.678265817049527, 0.07380267367868615, 586.3364293869474;
  0.6524504432661774, 17.95484537142578, 1077.47188081796;
  0.008297512936501618, 0.01176546511434267, 0.9997818794573688]';
