% AprilTagFinder log 99
% @ Wed Mar  7 16:05:47 2018

K=[1664.010615128407, 0, 667.9657771371558;
  0, 1668.819944196452, 457.9230104705811;
  0, 0, 1];
distCoeffs=[-0.2237256636237109;
  0.2343996528647796;
  0;
  0;
  0];
tags={};

tag.id=1;
tag.hammingDistance=0;
tag.familyName='Tag36h11';
tag.H=[43.88076282903306, 2.13952506807794, 347.1971292665856;
  -3.137611120639847, -48.17956030698228, 51.06722767881778;
  -0.009724924083039871, 0.002109439107359832, 0.8709184459287267];
tag.p=[342.817540421493, 116.540062375326;
  452.7360881693924, 111.8740048806545;
  455.4802137242791, -0.2895203191801983;
  346.026530134111, 6.825555727755565]';
tag.c=[398.6563046053559;
  58.63606163991727];
tag.uH=[45.28032751096314, -0.3814656300937549, 339.5330759602415;
  -2.345404205614722, -49.91687649148089, 44.3831738738324;
  -0.008465112665742834, -0.00243846502853766, 0.8623814208411175]';
tag.up=[337.2217836380356, 110.6649084244489;
  449.9383756987936, 107.3758075221932;
  451.3215319740098, -9.257471171622285;
  338.5326870022212, -3.674728392637803]';
tag.uc=[393.834, 51.4868];
tags{1}=tag;

tag.id=0;
tag.hammingDistance=0;
tag.familyName='Tag36h11';
tag.H=[37.76082722970645, 0.9040779532184227, 237.208546035791;
  -4.153012015770447, -47.00623638688314, 60.53018298529186;
  -0.02065400850979594, -0.002218999110166454, 0.8948126874059207];
tag.p=[216.3525506924963, 121.7077175696798;
  312.7250980830112, 117.9667282165331;
  316.3905228930934, 10.74722804786065;
  219.3838511283562, 19.3561491323892]';
tag.c=[265.0929623309915;
  67.64564677862361];
tag.uH=[39.82465438394851, -0.8654099596144328, 225.8736614039458;
  -3.028634710131124, -48.69187439424599, 51.57827851916647;
  -0.01894256137396649, -0.005515324193096578, 0.8844943629399572]';
tag.up=[205.5136751389691, 113.6384328243354;
  306.1029237274661, 111.6294760179861;
  307.804700680142, -0.1732554602124878;
  206.3181633432473, 6.582166609010415]';
tag.uc=[255.497, 58.3493];
tags{2}=tag;

tag.id=25;
tag.hammingDistance=0;
tag.familyName='Tag36h11';
tag.H=[41.17349000993175, 2.540158217617722, 384.3951632146257;
  -6.280660782270677, -53.7633280074679, 197.4533195964692;
  -0.03123872499844801, 0.002151339206799332, 0.9773829494129038];
tag.p=[338.4913624084478, 255.8419253696878;
  448.1267831948578, 259.468043308172;
  451.4508217325794, 144.9013747169773;
  342.0766351731401, 148.3722362495996]';
tag.c=[393.2902282012643;
  202.0224720669374];
tag.uH=[43.44944474787982, 0.9535074397473362, 382.5316093436969;
  -5.222878994703119, -55.62577649759898, 195.2406616455841;
  -0.02925088791763493, -0.0005242502172219389, 0.9804979104111829]';
tag.up=[334.6165337858426, 253.4653233100687;
  446.5932970851294, 258.0837214001577;
  448.9850973051613, 141.3366089845327;
  336.9546840817911, 143.5070728498809]';
tag.uc=[390.241, 199.182];
tags{3}=tag;

