% AprilTagFinder log 72
% @ Fri Mar 16 13:46:44 2018

K=[1664.010615128407, 0, 667.9657771371558;
  0, 1668.819944196452, 457.9230104705811;
  0, 0, 1];
distCoeffs=[-0.2237256636237109;
  0.2343996528647796;
  0;
  0;
  0];
tags={};

tag.id=1;
tag.hammingDistance=0;
tag.familyName='Tag36h11';
tag.H=[17.64562260949413, -15.25263335551827, 960.0948574304321;
  -6.067198540097358, -5.492210919904627, 273.1909012334995;
  0.01820296770836808, 0.0009533046930054602, 0.9992450627417804];
tag.p=[977.1582713886819, 290.535218339352;
  976.8797498243848, 268.19215752472;
  945.0968036575813, 256.904113088894;
  944.1964816981171, 278.7853068659618]';
tag.c=[960.8202164102509;
  273.397299040842];
tag.uH=[17.353220287269, -15.13893376481841, 963.014967132226;
  -6.388551651354593, -5.321743630276268, 271.47781167686;
  0.01774820201527236, 0.001404188712466324, 0.9993863071263276]';
tag.up=[980.1826538488712, 288.8979059466401;
  980.086771595729, 266.2224474115774;
  947.6683185993136, 255.0388470280062;
  946.571219031998, 277.2452717227588]';
tag.uc=[963.598, 271.647];
tags{1}=tag;

tag.id=2;
tag.hammingDistance=0;
tag.familyName='Tag36h11';
tag.H=[-11.53867697076084, -5.701106075963874, 502.7783066657385;
  9.195014337927264, 9.540999456458286, 331.0943119361868;
  0.008470669925648171, -0.01065769878606935, 0.9991792280376692];
tag.p=[519.3085807817326, 311.9321187328466;
  488.0065093860263, 324.8019830878818;
  487.0033326436222, 350.8857200881455;
  518.9688603613342, 338.1868337758228]';
tag.c=[503.1913119863053;
  331.3662880947166];
tag.uH=[-11.73104317367295, -5.543269335831455, 502.2826459373266;
  9.124215526847362, 9.699014588762246, 330.7063144364814;
  0.008306529035055899, -0.01043583314102002, 0.9993386543824136]';
tag.up=[518.7918414630858, 311.4246476128826;
  487.2846714451534, 324.2680188775712;
  486.3620474385624, 350.5064069610264;
  518.5322699697366, 337.8359831313747]';
tag.uc=[502.621, 330.929];
tags{2}=tag;

tag.id=16;
tag.hammingDistance=0;
tag.familyName='Tag36h11';
tag.H=[2.925437078631728, -13.80593982320036, 494.2028846108448;
  -8.194655233438871, 12.83454147759636, 446.5985393330076;
  0.01601017015341963, 0.004954476548038856, 0.9991285800891972];
tag.p=[516.3586287690298, 451.8247279453312;
  505.7832267018188, 421.2789227707184;
  473.8021674615667, 442.3501830286817;
  483.235107693478, 473.2725110069115]';
tag.c=[494.6339184559457;
  446.9880536228255];
tag.uH=[2.822092387122981, -14.14610574575075, 493.8604093419805;
  -8.287475236121692, 12.65898346126893, 446.6475330751139;
  0.01589876344298022, 0.004509189292571276, 0.9993001367786611]';
tag.up=[516.0775290882568, 451.8134209239304;
  505.4224595343211, 421.1974097861863;
  473.2101645860181, 442.3027016358428;
  482.724754109619, 473.3149169194368]';
tag.uc=[494.213, 446.962];
tags{3}=tag;

tag.id=0;
tag.hammingDistance=0;
tag.familyName='Tag36h11';
tag.H=[5.401919669377978, -29.79090873361015, 911.8776942258477;
  -21.368220297725, -9.317947351490114, 639.542581343657;
  0.002651021090911379, -0.009297475616117894, 0.9994825272645042];
tag.p=[930.5632779056228, 666.1459525802185;
  936.3668902601222, 620.4004954618465;
  893.89248590956, 613.2496898652851;
  887.7515495116259, 659.8181268974192]';
tag.c=[912.3498103779532;
  639.8736985368108];
tag.uH=[5.918448001201958, -29.3126122424244, 913.7853078642626;
  -21.20145998380116, -8.90529619344537, 640.9565991893018;
  0.003330500910997578, -0.008336257350486698, 0.9995821606521639]';
tag.up=[932.8996533459378, 667.998548155696;
  938.466357862981, 621.671414989579;
  895.246848158396, 614.1808263030807;
  889.3078972297005, 661.2477872450688]';
tag.uc=[914.153, 641.216];
tags{4}=tag;

tag.id=3;
tag.hammingDistance=0;
tag.familyName='Tag36h11';
tag.H=[0.1276088420053849, -14.27536187216273, 559.5259292380132;
  -27.27701848552745, -1.761033281519078, 764.362231157025;
  -0.009641170862829038, 0.008958107400193364, 0.9993914091783085];
tag.p=[573.6309624554691, 793.3412007096848;
  585.1687445907468, 753.3158379477587;
  546.0835273355393, 736.2751923966815;
  535.4891407641308, 775.9189019168271]';
tag.c=[559.8666589480201;
  764.8276982743703];
tag.uH=[0.9259453756266933, -14.34167888870882, 558.6800820205199;
  -26.92623879391223, -1.704026873392388, 767.0332957061414;
  -0.008513898732941751, 0.009132660112015073, 0.9995079957738211]';
tag.up=[572.7279615146122, 796.5519235206476;
  584.5514129271502, 755.5182761269143;
  545.1912210669617, 738.3130231489788;
  534.2484475936146, 778.897052189745]';
tag.uc=[558.962, 767.397];
tags{5}=tag;

tag.id=6;
tag.hammingDistance=0;
tag.familyName='Tag36h11';
tag.H=[15.19555737597644, 32.17937409291905, 1111.093684464754;
  29.97132490716532, 18.36483183659436, 848.6877082901374;
  0.01906981057521723, 0.02097182947413826, 0.9995088869320712];
tag.p=[1108.655617429207, 834.1624522845352;
  1096.734498134444, 862.3579377083047;
  1114.393755633532, 862.895878316383;
  1126.488132506999, 835.9018364443899]';
tag.c=[1111.639625211523;
  849.1047147115721];
tag.uH=[15.18471108178944, 32.43910553139084, 1122.853032381399;
  30.49210909768216, 18.45671283476434, 859.0435366716623;
  0.01885947769422486, 0.02055583416339233, 0.9996135664948431]';
tag.up=[1119.797297436163, 843.6746739956346;
  1107.911229081321, 872.9003587056716;
  1126.508673753232, 873.885810334481;
  1138.620965891411, 845.9034297465896]';
tag.uc=[1123.28, 859.368];
tags{6}=tag;

tag.id=11;
tag.hammingDistance=0;
tag.familyName='Tag36h11';
tag.H=[-5.154578031918073, 2.710150283394629, 470.2126656135839;
  -1.47060589221877, 25.73349962708203, 871.1645260863875;
  0.01231908170811931, 0.02000472011365857, 0.9994660718973742];
tag.p=[488.7151642386206, 875.6743020707041;
  466.179732615261, 850.9549009710674;
  453.3561045515597, 867.8389298332864;
  474.6826014772977, 891.9893819526878]';
tag.c=[470.4638594894352;
  871.6299137924506];
tag.uH=[-5.078625919618559, 2.041215375658027, 467.0415858717327;
  -1.36640427326563, 25.62695010452432, 877.9989355104886;
  0.01277164280445315, 0.01924357505840847, 0.9995697574306104]';
tag.up=[485.8422160141007, 882.3698319329803;
  463.1164732533938, 856.9214117916777;
  449.7971874651016, 874.6366512586767;
  471.3121233658209, 899.5586450249339]';
tag.uc=[467.246, 878.369];
tags{7}=tag;

tag.id=10;
tag.hammingDistance=0;
tag.familyName='Tag36h11';
tag.H=[6.881079717538565, 18.56457183463275, 588.3183302957801;
  31.81970446922735, 9.131781321909852, 951.0665703742661;
  0.01956277520944881, 0.001050686177911885, 0.9994937672698593];
tag.p=[575.016858916328, 929.751144357353;
  566.4356787432511, 956.5313278839219;
  601.6661431326751, 972.4644902979553;
  611.6340760720183, 946.3771524195641]';
tag.c=[588.6163071359468;
  951.5482752555093];
tag.uH=[6.077542417064824, 18.65637878013615, 586.8555999816454;
  31.75983244499452, 9.116387466515633, 960.6452991949366;
  0.01853169754824993, 0.0006693392957654239, 0.9995978200786071]';
tag.up=[573.3598304941759, 938.1625669234975;
  564.4222354139335, 966.4192291715108;
  600.3029662301097, 983.0439010480216;
  610.586908934113, 955.4571751448011]';
tag.uc=[587.094, 961.018];
tags{8}=tag;

tag.id=4;
tag.hammingDistance=0;
tag.familyName='Tag36h11';
tag.H=[-14.52343290843528, -20.86600563346114, 718.1264093285829;
  -31.84003037323821, -2.90100319213603, 1014.299398700379;
  -0.01865529525168279, -0.00256130785206142, 0.9996061485060307];
tag.p=[738.145624871929, 1027.642096153794;
  736.6141576110375, 1001.879194265161;
  697.8171158870714, 1001.194636367703;
  700.7814722490835, 1027.112618185558]';
tag.c=[718.4093559266962;
  1014.699039432989];
tag.uH=[-13.87789704297335, -21.1726365559891, 719.3778237807852;
  -31.88587398103168, -2.806626694010085, 1027.540360155362;
  -0.01761999122676571, -0.002344771885239632, 0.9996903975498882]';
tag.up=[739.8847270421531, 1041.760104817396;
  738.1781061028805, 1014.271612664572;
  698.4876061167132, 1013.39704779914;
  701.584606421213, 1041.043014077453]';
