% AprilTagFinder log 31
% @ Fri Mar 16 13:46:28 2018

K=[1664.010615128407, 0, 667.9657771371558;
  0, 1668.819944196452, 457.9230104705811;
  0, 0, 1];
distCoeffs=[-0.2237256636237109;
  0.2343996528647796;
  0;
  0;
  0];
tags={};

tag.id=1;
tag.hammingDistance=0;
tag.familyName='Tag36h11';
tag.H=[16.81459326440058, -17.95048365366762, 960.126493004101;
  -6.302358737898478, -6.235742992744701, 273.2409237460762;
  0.01731564975750127, -0.001846549716788479, 0.999261014516062];
tag.p=[977.0992922888618, 290.4872679596312;
  976.8940419415799, 268.2326013863922;
  945.0696188648277, 256.9183847759418;
  944.1511426035073, 278.857126747553]';
tag.c=[960.8365372575716;
  273.4429941494372];
tag.uH=[16.51805777694803, -17.84262109496359, 963.0442539376185;
  -6.6227820016846, -6.059333939635352, 271.5276879431285;
  0.01685870211044645, -0.001393341397411966, 0.9993998143350608]';
tag.up=[980.1226069263495, 288.8497524320005;
  980.1010588418478, 266.2634052426309;
  947.6404346036574, 255.0535753525446;
  946.5244005657548, 277.3184154780583]';
tag.uc=[963.614, 271.694];
tags{1}=tag;

tag.id=2;
tag.hammingDistance=0;
tag.familyName='Tag36h11';
tag.H=[-14.8093313878006, -6.265749913936999, 502.8698708195283;
  7.013465214032661, 9.242766113788013, 331.0384761449689;
  0.00197289192638642, -0.01168499341713315, 0.9991999016162786];
tag.p=[519.3167991933245, 312.0016848325236;
  488.0510331360915, 324.6350864637865;
  486.9133196555507, 350.9843248484012;
  518.9159303704946, 338.1568431806857]';
tag.c=[503.2725383640448;
  331.3035515811101];
tag.uH=[-14.99856552042783, -6.108293335003709, 502.3721898636757;
  6.944927987582634, 9.400794759344468, 330.6487365333033;
  0.001807639521984602, -0.01146456675461274, 0.9993544903000183]';
tag.up=[518.8003568292119, 311.494718989708;
  487.3289701744455, 324.1001538005723;
  486.2715478567545, 350.6052621524992;
  518.4789118155476, 337.8056852392588]';
tag.uc=[502.703, 330.866];
tags{2}=tag;

tag.id=16;
tag.hammingDistance=0;
tag.familyName='Tag36h11';
tag.H=[2.722712486230079, -14.52752340635049, 494.2465568970571;
  -8.38978286890349, 12.17802688600651, 446.6033922067565;
  0.01559536038953573, 0.003509214172670901, 0.9991410008304242];
tag.p=[516.3597538349874, 451.8353974615055;
  505.8179008377809, 421.305523388924;
  473.7970462487984, 442.32123085847;
  483.2520895621599, 473.2981148697842]';
tag.c=[494.6714792869774;
  446.9873539726299];
tag.uH=[2.61952743540864, -14.86735919947284, 493.9028555218725;
  -8.482603920098422, 12.00216643317631, 446.6510389100552;
  0.01548384058101099, 0.003063329712508678, 0.999309524430984]';
tag.up=[516.0786619648584, 451.8241104526646;
  505.4573821574541, 421.2241082731614;
  473.2049829800512, 442.2736575927173;
  482.7418640408359, 473.3405847633827]';
tag.uc=[494.251, 446.961];
tags{3}=tag;

tag.id=0;
tag.hammingDistance=0;
tag.familyName='Tag36h11';
tag.H=[5.90043663265376, -29.97080811227482, 911.889655442969;
  -21.02849239228332, -9.449249773149223, 639.52930508719;
  0.003185511558281316, -0.009499557832286475, 0.999479033985393];
tag.p=[930.5691650624622, 666.1479984330623;
  936.3707891109224, 620.4034112389465;
  893.9293017257943, 613.2430869570151;
  887.7419624852804, 659.8221828136813]';
tag.c=[912.364966583477;
  639.8626517827851];
tag.uH=[6.417676377398792, -29.49307269504293, 913.7979609553729;
  -20.8612854566191, -9.037037377289419, 640.9436490111815;
  0.003864523781571949, -0.008538597634098607, 0.9995792308475869]';
tag.up=[932.9056733670633, 668.0006760296598;
  938.4703509415225, 621.6743921538157;
  895.2841449767976, 614.1743627359535;
  889.2981976948888, 661.2518308908532]';
tag.uc=[914.169, 641.205];
tags{4}=tag;

tag.id=6;
tag.hammingDistance=0;
tag.familyName='Tag36h11';
tag.H=[19.24704723768928, 33.08944477295983, 1046.590931026818;
  33.85036751128585, 16.67883999426964, 726.7178084581418;
  0.02283377163015278, 0.01949148652132596, 0.9993635361936507];
tag.p=[1038.886805081747, 706.5429005994158;
  1029.96164134167, 741.8819360287282;
  1054.947916309612, 746.141285365677;
  1064.669380705592, 712.3806647381449]';
tag.c=[1047.257472503995;
  727.1806326114772];
tag.uH=[18.99025107500761, 32.90876845675552, 1053.115026278608;
  34.02440717270166, 16.45304757880237, 731.3460882825137;
  0.02237571812853478, 0.01870620915799848, 0.9995049294396136]';
tag.up=[1044.649066865048, 710.405213015071;
  1035.913357142398, 746.5506159533345;
  1061.913983219313, 751.3295035914881;
  1071.501187072145, 716.7627913606563]';
tag.uc=[1053.63, 731.702];
tags{5}=tag;

tag.id=3;
tag.hammingDistance=0;
tag.familyName='Tag36h11';
tag.H=[0.4593993744249358, -14.25485535714184, 559.5294583318062;
  -26.82677032660473, -1.725568522692146, 764.3596713823523;
  -0.009053436074062025, 0.008994922899609613, 0.9993966203800188];
tag.p=[573.6374701238916, 793.3442769078887;
  585.1579257300948, 753.3089919770437;
  546.0954589984733, 736.2946806767752;
  535.47387294232, 775.9248796802286]';
tag.c=[559.8672708329213;
  764.8211488765151];
tag.uH=[1.257324566556018, -14.32158728815577, 558.6827737968255;
  -26.4743016828409, -1.668802731669159, 767.0293875609254;
  -0.007925979243104299, 0.009168794339688027, 0.9995116343273696]';
tag.up=[572.7345254501765, 796.5550505936469;
  584.5405278713608, 755.5113274969649;
  545.2031647774534, 738.3328261121387;
  534.2329563093597, 778.9032790866893]';
tag.uc=[558.962, 767.391];
tags{6}=tag;

tag.id=11;
tag.hammingDistance=0;
tag.familyName='Tag36h11';
tag.H=[-4.706054972274565, 2.598826450253183, 470.2081453939581;
  -0.6252185111829109, 25.52906366753843, 871.149941550744;
  0.01328420255245557, 0.01978866492116849, 0.999457840675591];
tag.p=[488.7445345420011, 875.6821762143952;
  466.1883166768052, 850.9922800331836;
  453.3530220239122, 867.8228934355404;
  474.6828239700505, 891.98593328397]';
tag.c=[470.463211410816;
  871.6224998163842];
tag.uH=[-4.634066864393887, 1.930957844188122, 467.0377214065269;
  -0.5155628333031373, 25.42125726839159, 877.9850304457078;
  0.01373530915475197, 0.01902837225977578, 0.9995626902347055]';
tag.up=[485.8721102548341, 882.3777082645763;
  463.1247984573363, 856.9601164112958;
  449.7942407631564, 874.6199918722663;
  471.3123933450503, 899.55503828912]';
tag.uc=[467.246, 878.362];
tags{7}=tag;

tag.id=10;
tag.hammingDistance=0;
tag.familyName='Tag36h11';
tag.H=[6.210310774782274, 18.94498106022843, 588.3388756417235;
  30.71607564596868, 9.73301369478113, 951.087262366584;
  0.01840443576850508, 0.001685839304122402, 0.9995148294199752];
tag.p=[575.0147689343947, 929.768575827313;
  566.4094396967593, 956.5423647346039;
  601.6978188649164, 972.470956979725;
  611.5952888011619, 946.3855977736771]';
tag.c=[588.6244589118705;
  951.5489259108903];
tag.uH=[5.408758150047102, 19.03594339208289, 586.8733501820367;
  30.64499090548462, 9.72348874666938, 960.6614007109828;
  0.01737330386090258, 0.001304602965338783, 0.9996139095693967]';
tag.up=[573.3575889574154, 938.1808893487542;
  564.3953566620252, 966.4310709200022;
  600.335281746255, 983.0505899536208;
  610.5473488975168, 955.4662258076514]';
tag.uc=[587.102, 961.019];
tags{8}=tag;

tag.id=4;
tag.hammingDistance=0;
tag.familyName='Tag36h11';
tag.H=[-15.25122449687368, -21.4493797847722, 718.1084144931021;
  -32.90478306180182, -3.764344133075288, 1014.303862387483;
  -0.01970748909976688, -0.003371809487727414, 0.9995835609809907];
tag.p=[738.0819707222392, 1027.682759522352;
  736.6469671641365, 1001.948178202162;
  697.8032113667039, 1001.157673184486;
  700.7547753398537, 1027.093748817191]';
tag.c=[718.4075874440662;
  1014.726434068249];
tag.uH=[-14.60678822076287, -21.75540584293745, 719.3638485040648;
  -32.9650036734641, -3.680619543944657, 1027.552022951035;
  -0.01867291440139373, -0.003152627273175689, 0.9996733365070303]';
tag.up=[739.8196746703484, 1041.803231766749;
  738.2120449871187, 1014.345192942681;
  698.4733035560042, 1013.35769352274;
  701.5572038195124, 1041.022774870818]';
