% AprilTagFinder log 0
% @ Fri Mar 16 13:46:18 2018

K=[1664.010615128407, 0, 667.9657771371558;
  0, 1668.819944196452, 457.9230104705811;
  0, 0, 1];
distCoeffs=[-0.2237256636237109;
  0.2343996528647796;
  0;
  0;
  0];
tags={};

tag.id=1;
tag.hammingDistance=0;
tag.familyName='Tag36h11';
tag.H=[18.67042538776992, -16.8236683510769, 960.083740262478;
  -5.767445214286483, -5.901242980621385, 273.1877857323058;
  0.0192188514141322, -0.0006875178541838513, 0.9992294335465051];
tag.p=[977.0968081195633, 290.4629609572186;
  976.8843673743676, 268.1895609434338;
  945.1440145742591, 256.9553730007793;
  944.1109683300483, 278.8191128401797]';
tag.c=[960.8241190963626;
  273.3984574120248];
tag.uH=[18.37829203951346, -16.71067116165316, 963.0078509471919;
  -6.091682661574642, -5.726225064161984, 271.4758584622722;
  0.018760463146587, -0.0002323597542873809, 0.9993748721394812]';
tag.up=[980.1202554519751, 288.8251226645771;
  980.0915284677837, 266.2197677465405;
  947.7160898908155, 255.0904939087472;
  946.4836948723023, 277.2801956861528]';
tag.uc=[963.602, 271.648];
tags{1}=tag;

tag.id=2;
tag.hammingDistance=0;
tag.familyName='Tag36h11';
tag.H=[-14.54020720240858, -7.091214356157452, 502.8440697177976;
  7.171557939635678, 8.67112761870459, 331.017351405413;
  0.002495326327869546, -0.01337419167942953, 0.9991788885654035];
tag.p=[519.2529726567304, 312.0362817124447;
  488.0506916357234, 324.632578695391;
  486.9094777458172, 350.9663349352178;
  518.9547438914548, 338.1610417235756]';
tag.c=[503.2573000414058;
  331.2893769009468];
tag.uH=[-14.73045865631982, -6.932175537240346, 502.3485580082671;
  7.102331938234284, 8.830278023528757, 330.6290071589478;
  0.002328816200959085, -0.01315282982088441, 0.9993380593700339]';
tag.up=[518.7362024648828, 311.529332004437;
  487.3286160253315, 324.097627612133;
  486.2676170006679, 350.5871639718843;
  518.5179888613751, 337.8100164261652]';
tag.uc=[502.688, 330.851];
tags{2}=tag;

tag.id=16;
tag.hammingDistance=0;
tag.familyName='Tag36h11';
tag.H=[3.372269784818028, -13.31543644618668, 494.1713325552582;
  -7.821943121417225, 13.28757160662424, 446.5929108272659;
  0.01686561897566212, 0.005946009282613662, 0.999108699678889];
tag.p=[516.35359151809, 451.8371459418321;
  505.7868517605498, 421.2588817077824;
  473.8414068651969, 442.3618230835984;
  483.1905463873267, 473.2924399742249]';
tag.c=[494.6121805506083;
  446.9913143292614];
tag.uH=[3.269542206006694, -13.65575282962716, 493.8308565026229;
  -7.914137863317126, 13.11238307085704, 446.6438579108788;
  0.01675587752366613, 0.00550142584197293, 0.9992846339556912]';
tag.up=[516.0724657398798, 451.8258612723662;
  505.4260889531764, 421.1773233055939;
  473.2497655590025, 442.314396574404;
  482.6798173166809, 473.33492193685]';
tag.uc=[494.191, 446.965];
tags{3}=tag;

tag.id=0;
tag.hammingDistance=0;
tag.familyName='Tag36h11';
tag.H=[5.934919766100199, -30.9956727177514, 911.8979431944186;
  -20.9975950885053, -10.18011064796884, 639.5257846048947;
  0.003234480376787859, -0.01062088795011603, 0.9994675105400443];
tag.p=[930.5805731001461, 666.1378361601083;
  936.3536099561942, 620.4422235757189;
  893.9160191548577, 613.2039780308469;
  887.7400279849168, 659.8369086496027]';
tag.c=[912.383777939606;
  639.8665067755313];
tag.uH=[6.452989636958351, -30.51962959433525, 913.8094348927038;
  -20.82985647096731, -9.7692278107757, 640.9422931673656;
  0.003914487493990156, -0.009659344752199173, 0.9995708441950394]';
tag.up=[932.9172193629804, 667.9904522418873;
  938.4531071108468, 621.7135503043069;
  895.2704603795327, 614.1347977635141;
  889.2963368462305, 661.2667412516762]';
tag.uc=[914.188, 641.209];
tags{4}=tag;

tag.id=6;
tag.hammingDistance=0;
tag.familyName='Tag36h11';
tag.H=[16.61742969327716, 30.10723921216677, 1028.047277997913;
  32.20337274674901, 16.11177650973267, 685.9574889226642;
  0.0214678925233576, 0.01646811266311082, 0.9994110487387424];
tag.p=[1020.642829653556, 663.1917738710551;
  1010.102081330791, 698.9660656475992;
  1036.077504473102, 707.837011153342;
  1047.390672363815, 673.6306331696418]';
tag.c=[1028.653104541229;
  686.3617225248241];
tag.uH=[16.34652839521496, 29.75995505024688, 1033.330211307117;
  32.31986793110912, 15.80925618855296, 689.3062575388591;
  0.02107062395994805, 0.01555958016785176, 0.9995406884282163]';
tag.up=[1025.251014026994, 665.8738772319278;
  1014.794306674898, 702.2718485144258;
  1041.756649555969, 711.6926282465239;
  1053.034620054037, 676.8392854067815]';
tag.uc=[1033.79, 689.618];
tags{5}=tag;

tag.id=3;
tag.hammingDistance=0;
tag.familyName='Tag36h11';
tag.H=[0.6513564046459503, -14.79247981333971, 559.5551881896881;
  -26.57554773575397, -2.456885934763203, 764.3591097430067;
  -0.00872681592657573, 0.008040354295382959, 0.9994075048622096];
tag.p=[573.6424084327946, 793.3169981970468;
  585.1571568331597, 753.3177927334127;
  546.1125190839032, 736.268331438771;
  535.4506122942245, 775.9273979925636]';
tag.c=[559.8869184665921;
  764.8122572867717];
tag.uH=[1.449175557624769, -14.85856660954558, 558.707440702103;
  -26.22201870597238, -2.402902979633681, 767.0267572681114;
  -0.007599141879672137, 0.008213775337347417, 0.9995201824060803]';
tag.up=[572.7396508932035, 796.5270134383663;
  584.5397188648567, 755.5203164989107;
  545.2205288868344, 738.3058748058519;
  534.2093980223943, 778.9060124384251]';
tag.uc=[558.982, 767.381];
tags{6}=tag;

tag.id=11;
tag.hammingDistance=0;
tag.familyName='Tag36h11';
tag.H=[-5.904127212606928, 2.280810266690716, 470.2520435126917;
  -2.802681448104035, 24.9635542903057, 871.2142800556119;
  0.01075420480245195, 0.01913898962703784, 0.9995007918431581];
tag.p=[488.7290092637715, 875.6670321872226;
  466.2089026524374, 851.0083969427779;
  453.3043060183402, 867.865136975059;
  474.6937470558815, 891.9469993471058]';
tag.c=[470.4869144180566;
  871.6494145532633];
tag.uH=[-5.826046559934849, 1.61456322853472, 467.0779338769786;
  -2.71179518389038, 24.85106320054223, 878.0434261302161;
  0.01120183739439318, 0.0183782043730533, 0.9995975890109092]';
tag.up=[485.8564297571577, 882.3621033494151;
  463.1456321497402, 856.976604333465;
  449.7438360382581, 874.6646181645938;
  471.3240454511745, 899.5142160374025]';
tag.uc=[467.27, 878.389];
tags{7}=tag;

tag.id=10;
tag.hammingDistance=0;
tag.familyName='Tag36h11';
tag.H=[7.345929758605111, 18.38817180980127, 588.2890369772085;
  32.57431977530767, 8.849215203613383, 951.0817089225935;
  0.02037290893203866, 0.0007509090129651358, 0.9994778718324726];
tag.p=[575.0013843899376, 929.7842333551595;
  566.4280910308501, 956.5370779792848;
  601.628573316875, 972.4707041371961;
  611.6524850313642, 946.4214390428843]';
tag.c=[588.5963597159202;
  951.5785548897164];
tag.uH=[6.54178450797513, 18.48081289955421, 586.8279606560548;
  32.522713819819, 8.831628837154557, 960.6656451642253;
  0.01934320600900784, 0.0003700367039798878, 0.9995856614916108]';
tag.up=[573.3438484981455, 938.1974213485753;
  564.4144441169213, 966.4253541138146;
  600.264569956291, 983.0506614299911;
  610.6054918137596, 955.503744878687]';
tag.uc=[587.074, 961.05];
tags{8}=tag;

tag.id=4;
tag.hammingDistance=0;
tag.familyName='Tag36h11';
tag.H=[-12.7046707135009, -21.0332943723119, 718.13540275478;
  -29.33143487931989, -3.1540576604388, 1014.328450359807;
  -0.01618073298662347, -0.002784597119195107, 0.9996485656102321];
tag.p=[738.133821856074, 1027.684726570209;
  736.5903540567593, 1001.925108968925;
  697.878186239156, 1001.18256565795;
  700.6667899853002, 1027.107516638675]';
tag.c=[718.3878689571236;
  1014.685045579607];
tag.uH=[-12.05491301157989, -21.33977525131663, 719.3787681988608;
  -29.3442121008442, -3.063724346166661, 1027.558169827293;
  -0.0151450375626863, -0.002567432757186392, 0.9997223204377911]';
tag.up=[739.8728567185088, 1041.805620084446;
  738.1539839892946, 1014.320346983587;
  698.5500283689282, 1013.38434637483;
  701.4670874150238, 1041.037265525663]';
tag.uc=[719.578, 1027.83];
