% AprilTagFinder log 48
% @ Wed Mar  7 16:07:44 2018

K=[1664.010615128407, 0, 667.9657771371558;
  0, 1668.819944196452, 457.9230104705811;
  0, 0, 1];
distCoeffs=[-0.2237256636237109;
  0.2343996528647796;
  0;
  0;
  0];
tags={};

tag.id=2;
tag.hammingDistance=0;
tag.familyName='Tag16h5';
tag.H=[-19.55122951232033, -2.503388152298458, 549.7546775106899;
  -0.04725964647976504, 19.35414308843079, 169.8488740679338;
  0.0025837246049618, -0.002865196465007533, 0.9962605063808379];
tag.p=[573.793485533523, 151.0643745201006;
  531.7977664504199, 150.1907311742971;
  529.8304899560162, 189.9194169291884;
  572.0588326516962, 191.0053128249069]';
tag.c=[551.8181981415779;
  170.4864068986853];
tag.uH=[-19.95960772849567, -1.617047831042427, 549.1709194037394;
  -0.2297713153685898, 20.01571973867644, 167.75631446841;
  0.002245298772785651, -0.001430796526815471, 0.9968132936870094]';
tag.up=[573.0259207091685, 148.5632790174409;
  530.5795699459476, 147.437673498993;
  528.8343154515076, 187.9866859634031;
  571.4460696413869, 189.2999379660615]';
tag.uc=[550.934, 168.298];
tags{1}=tag;

