% AprilTagFinder log 89
% @ Fri Mar 16 13:47:02 2018

K=[1664.010615128407, 0, 667.9657771371558;
  0, 1668.819944196452, 457.9230104705811;
  0, 0, 1];
distCoeffs=[-0.2237256636237109;
  0.2343996528647796;
  0;
  0;
  0];
tags={};

tag.id=1;
tag.hammingDistance=0;
tag.familyName='Tag36h11';
tag.H=[17.15649288401293, -15.762510773605, 960.1133585485915;
  -6.208260303476584, -5.60457616704707, 273.2356098852343;
  0.01768374957594162, 0.0004343126713762084, 0.9992559480713481];
tag.p=[977.1505007504444, 290.5284267117601;
  976.908117638491, 268.2050973643046;
  945.0873827195883, 256.9583759396673;
  944.1835103407986, 278.8569025843815]';
tag.c=[960.828264672024;
  273.4390627472402];
tag.uH=[16.86124970516502, -15.64801907554657, 963.0312533190655;
  -6.529186084190337, -5.431883488835918, 271.5224762983805;
  0.01722732041067576, 0.0008879969463011832, 0.9993950545642505]';
tag.up=[980.1747462743951, 288.8910808728389;
  980.1157354616792, 266.2353364099782;
  947.6582311861901, 255.0940333113141;
  946.5574330405734, 277.31793876283]';
tag.uc=[963.606, 271.69];
tags{1}=tag;

tag.id=2;
tag.hammingDistance=0;
tag.familyName='Tag36h11';
tag.H=[-14.17486410552088, -5.571493730326635, 502.8646932540155;
  7.412173252843687, 9.673378529832158, 331.0538054549838;
  0.003217356188809531, -0.01033312391914754, 0.9992132510770817];
tag.p=[519.3242382190259, 311.9936400565945;
  488.0322109288849, 324.6488692809663;
  486.9665970610222, 350.9124487074049;
  518.9077630743053, 338.1633359290317]';
tag.c=[503.2606330149871;
  331.3144667548505];
tag.uH=[-14.36504425308484, -5.414267361246886, 502.3656004313279;
  7.342816965587907, 9.83103313138294, 330.6631971029855;
  0.003051497091676756, -0.01011175485099491, 0.9993651223964295]';
tag.up=[518.807820243703, 311.4866448346811;
  487.3100277377426, 324.1139588325753;
  486.32507184847, 350.5331653683777;
  518.4707099851049, 337.8121885180784]';
tag.uc=[502.691, 330.877];
tags{2}=tag;

tag.id=16;
tag.hammingDistance=0;
tag.familyName='Tag36h11';
tag.H=[2.924074915392592, -14.4405377536121, 494.2227918820917;
  -8.193002657787748, 12.26851435653166, 446.5876457418818;
  0.01601711373642609, 0.003683268239487371, 0.9991336055888761];
tag.p=[516.3590967996012, 451.8042918850413;
  505.7873132762749, 421.2949495014537;
  473.7831039555656, 442.3322768391325;
  483.2370238605038, 473.2967939845137]';
tag.c=[494.6513550515632;
  446.9749022991465];
tag.uH=[2.820570571314889, -14.78043667982373, 493.8797186273129;
  -8.285916034950366, 12.09274126567135, 446.6359594574178;
  0.01590544448799972, 0.003237462656386345, 0.9993037063511687]';
tag.up=[516.0779966927785, 451.7929469202668;
  505.4265876098158, 421.2134794875589;
  473.1909194758082, 442.2847309364353;
  482.7266750707512, 473.339267024964]';
tag.uc=[494.231, 446.948];
tags{3}=tag;

tag.id=0;
tag.hammingDistance=0;
tag.familyName='Tag36h11';
tag.H=[5.07533008168055, -30.48259667381387, 911.8990200408813;
  -21.5973436564662, -9.807404621499199, 639.5425542600447;
  0.002305043900462266, -0.01006347341652593, 0.9994758580943519];
tag.p=[930.5742449025444, 666.1283385514804;
  936.3662731348492, 620.404313627657;
  893.8955068275948, 613.2168180747785;
  887.7870289114186, 659.8395801434081]';
tag.c=[912.3772351836003;
  639.8779411034768];
tag.uH=[5.591958146507967, -30.00592563678884, 913.8090373322088;
  -21.43063263637513, -9.395949283494518, 640.9581478757541;
  0.002985558323219211, -0.009102574589711226, 0.9995775969716338]';
tag.up=[932.9106865975068, 667.9807525797903;
  938.4657548579067, 621.6752744917524;
  895.2497305197213, 614.1476497709272;
  889.3440457293507, 661.2697762334685]';
tag.uc=[914.181, 641.221];
tags{4}=tag;

tag.id=3;
tag.hammingDistance=0;
tag.familyName='Tag36h11';
tag.H=[0.4866458260181821, -14.79277594592964, 559.5524778985407;
  -26.80334496510774, -2.447763808074942, 764.363487213904;
  -0.009016612785918409, 0.008047186704195151, 0.9994046950122167];
tag.p=[573.643995699249, 793.3177990642587;
  585.1653965449252, 753.3106983839508;
  546.1008487437424, 736.2644342764062;
  535.4549197248583, 775.9404965690538]';
tag.c=[559.8857806963781;
  764.8187876529441];
tag.uH=[1.284845909699156, -14.85911633240416, 558.7051448304536;
  -26.45056825186951, -2.393884977158029, 767.0319202719182;
  -0.007888748426243423, 0.008220318619634608, 0.9995181936290811]';
tag.up=[572.7412516349256, 796.527828073383;
  584.548055911602, 755.5130411875471;
  545.208766548904, 738.3019641181465;
  534.2136723492993, 778.9194099781901]';
tag.uc=[558.981, 767.388];
tags{5}=tag;

tag.id=11;
tag.hammingDistance=0;
tag.familyName='Tag36h11';
tag.H=[-5.219381448882256, 2.329428430176332, 470.232705080368;
  -1.59179122841771, 25.06943975638867, 871.1748018157645;
  0.01217378261977724, 0.01927028030560528, 0.9994820196624388];
tag.p=[488.7439121641654, 875.6858627166927;
  466.2340239302829, 850.9934416907607;
  453.3232400993703, 867.8143520222002;
  474.6589627385408, 891.9682044932098]';
tag.c=[470.4764026062045;
  871.6262870941807];
tag.uH=[-5.143952403568666, 1.662500578867781, 467.0602424273802;
  -1.490315495860551, 24.95754485353233, 878.0058865393063;
  0.01262409111702497, 0.01850937434800192, 0.9995821213955792]';
tag.up=[485.8714340632605, 882.3815560386508;
  463.1714646221158, 856.9607794487594;
  449.7638723254904, 874.6114857685945;
  471.2882025679926, 899.5368060284479]';
tag.uc=[467.259, 878.365];
tags{6}=tag;

tag.id=10;
tag.hammingDistance=0;
tag.familyName='Tag36h11';
tag.H=[6.517237960339331, 18.41218637475875, 588.3208926343884;
  31.21381010532734, 8.918733464762097, 951.0830545942979;
  0.01892558702738152, 0.0007948045431880976, 0.9995062568818985];
tag.p=[575.0148968726668, 929.7444913994061;
  566.4356955590347, 956.5081591774621;
  601.6819888889371, 972.517348981592;
  611.6067261790656, 946.4144990211349]';
tag.c=[588.6115155194115;
  951.552877278964];
tag.uH=[5.714769725563417, 18.5020684491161, 586.8561818800828;
  31.14761426589276, 8.899196133176968, 960.6591975440762;
  0.01789427461202265, 0.0004099553105960624, 0.999607212373669]';
tag.up=[573.3578735922472, 938.1555917125659;
  564.4224210453341, 966.3947736388996;
  600.3188905078086, 983.0997663162123;
  610.5588887218032, 955.4966192938448]';
tag.uc=[587.089, 961.023];
tags{7}=tag;

tag.id=4;
tag.hammingDistance=0;
tag.familyName='Tag36h11';
tag.H=[-13.80733609974325, -20.80917430745639, 718.1234881759518;
  -30.78896109631579, -2.811601828208512, 1014.311042088243;
  -0.017620621168178, -0.002458619935589104, 0.9996248403416161];
tag.p=[738.1945529885272, 1027.66246019865;
  736.5695256104622, 1001.900370066586;
  697.7796422142732, 1001.189204389031;
  700.7596283620502, 1027.100824188342]';
tag.c=[718.3930002485105;
  1014.691713484839];
tag.uH=[-13.16099843585926, -21.11385242777427, 719.371149544835;
  -30.82085978981142, -2.713773668123541, 1027.546966421458;
  -0.01658501568155519, -0.0022390382717021, 0.9997044697428626]';
tag.up=[739.935012306439, 1041.782147207858;
  738.1325381826387, 1014.293912270169;
  698.4492737168847, 1013.391183461878;
  701.5621944582573, 1041.030350576397]';
tag.uc=[719.584, 1027.84];
tags{8}=tag;

tag.id=8;
tag.hammingDistance=0;
tag.familyName='Tag36h11';
tag.H=[-6.268846931610156, 1.258221690016395, 588.434923781101;
  3.024209025388452, 18.99986609360803, 1060.765270533737;
  0.01017616378935009, 0.01330672478927189, 0.999701358632889];
tag.p=[607.902398107368, 1064.045833262095;
  582.9067604020044, 1048.384736886811;
  570.2045356244648, 1058.254511446657;
  594.279041916556, 1073.70029465776]';
tag.c=[588.6107072874214;
  1061.082153558693];
tag.uH=[-6.447769826020992, 0.8130803923784538, 586.2839223068546;
  2.944029431976214, 19.26795547657682, 1077.422172767933;
  0.010419171994755, 0.01296879535311529, 0.9997541188488034]';
tag.up=[606.2462864985552, 1080.758296986348;
  580.6469443175876, 1064.071902784139;
  567.5154825192772, 1074.767428650477;
  592.1812107565671, 1091.231221635511]';
