% AprilTagFinder log 12
% @ Wed Mar  7 16:06:15 2018

K=[1664.010615128407, 0, 667.9657771371558;
  0, 1668.819944196452, 457.9230104705811;
  0, 0, 1];
distCoeffs=[-0.2237256636237109;
  0.2343996528647796;
  0;
  0;
  0];
tags={};

tag.id=1;
tag.hammingDistance=0;
tag.familyName='Tag16h5';
tag.H=[13.49823936451271, -2.452175283548152, 542.0482188674094;
  -7.022270249084887, -14.99258946993331, 209.1788772193473;
  -0.00770703375308621, 0.006397825915784472, 0.9979754202330002];
tag.p=[531.3822907611941, 231.3592448478058;
  567.1463868128408, 220.7091106737529;
  554.9443495419541, 187.790069706929;
  519.8182542103852, 198.8069148210334]';
tag.c=[543.1478650454695;
  209.6032356894218];
tag.uH=[13.76615096388985, -3.192949361808087, 541.4667571744955;
  -6.962121978339272, -15.52731064607157, 207.7227314958426;
  -0.007468747768440793, 0.005285857833013194, 0.9983167395683176]';
tag.up=[530.6211231430498, 230.0966251386984;
  566.6130819179186, 219.4543189764586;
  554.1751654552096, 185.9516399174462;
  518.7707084879164, 196.9747143747616]';
tag.uc=[542.381, 208.078];
tags{1}=tag;

tag.id=0;
tag.hammingDistance=0;
tag.familyName='Tag16h5';
tag.H=[11.98844356218848, -0.9137060398197266, 494.1212446891602;
  -7.549248319564421, -14.09546320337115, 224.1235138083228;
  -0.01026220383201847, 0.009058079892227917, 0.998156728875271];
tag.p=[483.3554424371497, 245.9254078633991;
  517.9858155086775, 235.657070019026;
  506.7402198565132, 203.0977212788275;
  472.9532845736747, 213.8400143003086]';
tag.c=[495.0337260621775;
  224.5373971088353];
tag.uH=[12.32880035156693, -1.591574079948865, 493.1164323257805;
  -7.434180249915183, -14.6219654653274, 222.6271741498784;
  -0.009937106275515944, 0.00804168629245141, 0.9984746389961866]';
tag.up=[482.1943830092202, 244.5921032268765;
  517.1272177616247, 234.3846531331556;
  505.576743779187, 201.2587874716008;
  471.4434777044732, 211.9502985214428]';
tag.uc=[493.874, 222.972];
tags{2}=tag;

tag.id=6;
tag.hammingDistance=0;
tag.familyName='Tag16h5';
tag.H=[12.70177127408986, -2.835991452912675, 558.6169805638497;
  -7.613521816477304, -15.32356389609663, 255.2042066367395;
  -0.009669057624823301, 0.005821896935945363, 0.9984642504145046];
tag.p=[547.4857361332306, 277.4998760546135;
  584.1000418960365, 267.4683532353862;
  571.5594134239615, 233.5241605271818;
  535.6047438506821, 244.0878683226994]';
tag.c=[559.4761958997973;
  255.5967392230553];
tag.uH=[12.93047302658405, -3.442803081402082, 558.3164624539914;
  -7.541327579171205, -15.76579802189891, 254.4207850689398;
  -0.009443769520257661, 0.004915634503331889, 0.9987455404559]';
tag.up=[547.0324500237152, 276.8210640291153;
  583.8098049849988, 266.8092405328055;
  571.1010428885638, 232.4572411140901;
  534.9374015856653, 243.0097471826786]';
tag.uc=[559.02, 254.745];
tags{3}=tag;

tag.id=5;
tag.hammingDistance=0;
tag.familyName='Tag16h5';
tag.H=[15.23132580050086, -1.860313902643171, 509.6168729997763;
  -6.283857358890649, -14.58045817952168, 269.4892597910654;
  -0.004383917411635267, 0.00753599077180299, 0.9986031356288452];
tag.p=[498.513568282254, 291.6804113581926;
  533.817235412632, 281.5349981481936;
  522.0715402373017, 248.1893201269891;
  487.3963402541908, 258.4727390135142]';
tag.c=[510.3297344233332;
  269.8662263075724];
tag.uH=[15.54130250003245, -2.427058660584438, 508.9861964607318;
  -6.16132834920606, -15.01952911122463, 268.6507536933853;
  -0.004045758113578529, 0.006688853310869917, 0.9988588689151359]';
tag.up=[497.7505105806968, 290.9318068021539;
  533.2906310225578, 280.8425813656379;
  521.3124051937452, 247.0980076972629;
  486.3548509039308, 257.3223486860324]';
tag.uc=[509.572, 268.962];
tags{4}=tag;

