% AprilTagFinder log 62
% @ Fri Mar 16 13:46:38 2018

K=[1664.010615128407, 0, 667.9657771371558;
  0, 1668.819944196452, 457.9230104705811;
  0, 0, 1];
distCoeffs=[-0.2237256636237109;
  0.2343996528647796;
  0;
  0;
  0];
tags={};

tag.id=1;
tag.hammingDistance=0;
tag.familyName='Tag36h11';
tag.H=[15.84602607365, -19.13133664589026, 960.1591928957007;
  -6.581183730706266, -6.555461026479474, 273.2647281265081;
  0.01632748779435914, -0.00308037626070229, 0.9992747363603289];
tag.p=[977.09686748107, 290.4597859862584;
  976.8857887721377, 268.2278123832311;
  945.0402322811391, 256.9110818797449;
  944.191355300692, 278.9056947989095]';
tag.c=[960.8560668639544;
  273.463060941402];
tag.uH=[15.54676494026085, -19.02711203436707, 963.0747098425439;
  -6.899712073645471, -6.37670870875215, 271.5508827803187;
  0.01587093665280682, -0.002627382535409841, 0.9994108739709775]';
tag.up=[980.1203415834764, 288.8219024535134;
  980.0926414797254, 266.2586147375907;
  947.6104877993677, 255.0464133435499;
  946.5650647774207, 277.3673321985539]';
tag.uc=[963.634, 271.714];
tags{1}=tag;

tag.id=2;
tag.hammingDistance=0;
tag.familyName='Tag36h11';
tag.H=[-14.14813925051169, -6.638044546995064, 502.8608775281833;
  7.443747012498282, 8.982450746485853, 331.0186565387722;
  0.003318799657978905, -0.01243519522680054, 0.9991879138015305];
tag.p=[519.3343482313269, 312.0015017849514;
  488.0582608573371, 324.6293703954417;
  486.9089604670039, 350.9290469419322;
  518.968242211812, 338.1593352393932]';
tag.c=[503.269575804804;
  331.2876907001126];
tag.uH=[-14.33895231822422, -6.480025333684095, 502.3644982595657;
  7.374103238535511, 9.140880760783752, 330.6297116802875;
  0.003152368272236293, -0.01221450892932811, 0.9993452143109798]';
tag.up=[518.8180280622373, 311.4945954153294;
  487.3362424498674, 324.0944263101529;
  486.2669806554012, 350.5496745117084;
  518.5315698195517, 337.8083395628855]';
tag.uc=[502.7, 330.85];
tags{2}=tag;

tag.id=16;
tag.hammingDistance=0;
tag.familyName='Tag36h11';
tag.H=[3.371406417895825, -13.46537337149459, 494.185733208038;
  -7.799228756431303, 13.1509330596869, 446.5857057073478;
  0.01691341233135093, 0.00566337558244541, 0.9991092754859595];
tag.p=[516.3982832925176, 451.8375036360335;
  505.782949500482, 421.2714612881081;
  473.8165505004333, 442.3446949121919;
  483.2155581486719, 473.2818697137411]';
tag.c=[494.6263089867419;
  446.9838451756258];
tag.uH=[3.267761325527145, -13.80607443618816, 493.8452700635334;
  -7.892067074521879, 12.97531693182082, 446.6365550466361;
  0.01680222131959397, 0.005217903321708456, 0.9992850152309033]';
tag.up=[516.1174052881843, 451.8262262508126;
  505.4221734783958, 421.1899298441813;
  473.2246754874724, 442.297203526917;
  482.7050395801579, 473.3243107071957]';
tag.uc=[494.206, 446.957];
tags{3}=tag;

tag.id=0;
tag.hammingDistance=0;
tag.familyName='Tag36h11';
tag.H=[5.128329234628595, -30.52707410875136, 911.9021161939664;
  -21.572838495132, -9.810865869544353, 639.5571917292746;
  0.002334424018611809, -0.01010532396140663, 0.9994755126524504];
tag.p=[930.5576563465377, 666.1139595079043;
  936.4000686629654, 620.4029561836052;
  893.9187737542449, 613.2607225682584;
  887.7557877969973, 659.873925207782]';
tag.c=[912.380648300149;
  639.8928074105494];
tag.uH=[5.643237418405026, -30.05151991833485, 913.8123940232031;
  -21.40743222329172, -9.399970568665207, 640.9730884303843;
  0.003012479011985452, -0.009145605427353484, 0.9995773458285974]';
tag.up=[932.893650812701, 667.9660080416241;
  938.500186541484, 621.6741314755288;
  895.2735661730151, 614.1921125380745;
  889.3125843158391, 661.3043654725417]';
tag.uc=[914.185, 641.236];
tags{4}=tag;

tag.id=3;
tag.hammingDistance=0;
tag.familyName='Tag36h11';
tag.H=[0.5958589791483275, -14.45922249824095, 559.5394128485389;
  -26.63823418517338, -2.006348927236679, 764.3559389653195;
  -0.008798811389670001, 0.008632046069997136, 0.999401983328303];
tag.p=[573.650163776349, 793.3426521690959;
  585.1439815174313, 753.3053001462083;
  546.0936919506509, 736.2744452893727;
  535.4708360414625, 775.9267724003181]';
tag.c=[559.8742269703206;
  764.8133100754804];
tag.uH=[1.39361687212656, -14.52537210424263, 558.6921266242986;
  -26.28503989935683, -1.950270728975294, 767.0244911546507;
  -0.007671164875856298, 0.008806304938782464, 0.9995157424949909]';
tag.up=[572.7473660450681, 796.5533198492607;
  584.5264787776057, 755.5076114074631;
  545.2014877320232, 738.3122074563721;
  534.2298703810212, 778.9052389378512]';
tag.uc=[558.969, 767.383];
tags{5}=tag;

tag.id=11;
tag.hammingDistance=0;
tag.familyName='Tag36h11';
tag.H=[-5.321461783010005, 2.566433453051344, 470.2182870474791;
  -1.760698410572077, 25.47752960343996, 871.1772924774885;
  0.01197287759604674, 0.01972148758421352, 0.9994758001071412];
tag.p=[488.719144951538, 875.6734017620921;
  466.1870688005977, 850.9790523765228;
  453.3328003988866, 867.8433044277779;
  474.6769215395603, 891.971552205023]';
tag.c=[470.4649047001168;
  871.6342030333308];
tag.uH=[-5.245508981789845, 1.898433179432646, 467.0462302767065;
  -1.659969622779646, 25.36906267653042, 878.0101976255958;
  0.01242350646824156, 0.01896063413778435, 0.9995774994915126]';
tag.up=[485.8462895525902, 882.3688495504309;
  463.1236802757199, 856.9463983781641;
  449.7732809181629, 874.6415108080769;
  471.3065322378579, 899.5400825114309]';
tag.uc=[467.248, 878.374];
tags{6}=tag;

tag.id=10;
tag.hammingDistance=0;
tag.familyName='Tag36h11';
tag.H=[6.500369606972163, 18.57413447985394, 588.3215713811545;
  31.19159647601498, 9.168248718268208, 951.0757080339672;
  0.01891020088800647, 0.001082965033109944, 0.9995065844127721];
tag.p=[575.0274132657293, 929.763539372526;
  566.4294207349338, 956.518928600726;
  601.6637819352993, 972.4725806980855;
  611.6002512796465, 946.3908573008425]';
tag.c=[588.6120017176314;
  951.5452152751361];
tag.uH=[5.698158409829214, 18.66514181209297, 586.856938795426;
  31.12544279350132, 9.152726619455423, 960.6514377341664;
  0.01787947885151859, 0.0007008217446655578, 0.9996075532843179]';
tag.up=[573.3705070143384, 938.1755179078784;
  564.4159341431123, 966.4061870317367;
  600.3005156074075, 983.0524750283653;
  610.5523849136703, 955.4717453040561]';
tag.uc=[587.09, 961.015];
tags{7}=tag;

tag.id=4;
tag.hammingDistance=0;
tag.familyName='Tag36h11';
tag.H=[-12.94893709071666, -19.30359115768186, 718.0950680377821;
  -29.65811184070519, -0.6919519058320138, 1014.325169233028;
  -0.01651271647847604, -0.0003805946557647909, 0.9996470605230874];
tag.p=[738.1385109799847, 1027.677072260659;
  736.5924945299157, 1001.874979753959;
  697.8783242657627, 1001.242789557816;
  700.6841903642412, 1027.084771277324]';
tag.c=[718.3486016174779;
  1014.683291022994];
tag.uH=[-12.30025600438278, -19.60837265833889, 719.3375947531362;
  -29.67541923710959, -0.5703576293375068, 1027.554752495788;
  -0.01547783141273183, -0.0001652688118512065, 0.999720968265591]';
tag.up=[739.8776233639661, 1041.797461910892;
  738.1559131697281, 1014.267014230462;
  698.5503066998276, 1013.448415045238;
  701.4848580573725, 1041.012996673856]';
tag.uc=[719.538, 1027.83];
tags{8}=tag;

tag.id=8;
tag.hammingDistance=0;
tag.familyName='Tag36h11';
tag.H=[-7.2766474521809, 3.609730137043583, 588.4018502893092;
  1.166139400097038, 23.30325272822061, 1060.772239152876;
  0.008445790906367394, 0.01740759584678705, 0.999654097900226];
tag.p=[607.9978796760473, 1064.183703258815;
  582.9413197257155, 1048.393263181357;
  570.1907998963178, 1058.248377044272;
  594.1689261399808, 1073.658812468766]';
tag.c=[588.6054501504547;
  1061.139289461254];
tag.uH=[-7.453004159291529, 3.158454291339344, 586.2567840293866;
  1.05266161583338, 23.64429527888869, 1077.444417190019;
  0.008686294577200177, 0.01707716862427722, 0.9997176527667109]';
tag.up=[606.3437831264181, 1080.906212510823;
  580.6823981146862, 1064.080820092939;
  567.5013991785767, 1074.76094004661;
  592.0681277981689, 1091.18715865635]';
