% AprilTagFinder log 32
% @ Wed Mar  7 16:07:35 2018

K=[1664.010615128407, 0, 667.9657771371558;
  0, 1668.819944196452, 457.9230104705811;
  0, 0, 1];
distCoeffs=[-0.2237256636237109;
  0.2343996528647796;
  0;
  0;
  0];
tags={};

tag.id=28;
tag.hammingDistance=0;
tag.familyName='Tag16h5';
tag.H=[18.94861747528772, 5.57910442241024, 435.9855148160042;
  2.427720026963479, -17.80453708415613, 66.84118932076005;
  0.0001304229610601864, 0.009420710867880487, 0.9814560138601142];
tag.p=[423.3519157812119, 84.59470475682312;
  462.2206027971719, 89.56646393442487;
  464.6921445396031, 51.93138352591903;
  426.563289723532, 47.04426564753894]';
tag.c=[444.2231833714606;
  68.10411101142518];
tag.uH=[19.64873974053866, 4.524422750058189, 432.2379538887375;
  2.797621919844061, -18.65182677497925, 60.79509685039503;
  0.0006833642019560315, 0.007571890007336956, 0.9807992258848911]';
tag.up=[419.5633656611036, 78.81264077397469;
  459.3613933764868, 84.44746898639841;
  461.4408530173552, 45.43768772326564;
  422.3281574283818, 39.83586502070818]';
tag.uc=[440.712, 61.987];
tags{1}=tag;

