% AprilTagFinder log 39
% @ Fri Mar 16 13:46:30 2018

K=[1664.010615128407, 0, 667.9657771371558;
  0, 1668.819944196452, 457.9230104705811;
  0, 0, 1];
distCoeffs=[-0.2237256636237109;
  0.2343996528647796;
  0;
  0;
  0];
tags={};

tag.id=1;
tag.hammingDistance=0;
tag.familyName='Tag36h11';
tag.H=[18.05202247771986, -15.01054557838726, 960.0754004704686;
  -5.944556176140155, -5.401699889159515, 273.1937598707892;
  0.01853906990079725, 0.00123724812709414, 0.9992410555044653];
tag.p=[977.0989061196556, 290.5056252143985;
  976.9759748705728, 268.2138743757091;
  945.1427447514657, 256.9607845819276;
  944.0633397367021, 278.7714420145327]';
tag.c=[960.804597831277;
  273.4012562492919];
tag.uH=[17.7569010613023, -14.89078663376795, 962.9959422398907;
  -6.268234591668301, -5.229569882044177, 271.4811197497321;
  0.01807879030095631, 0.001694439426297425, 0.9993832352206279]';
tag.up=[980.1220649500201, 288.8683715552398;
  980.1852183996, 266.2436390181854;
  947.7147465880744, 255.0960004387017;
  946.4354564493583, 277.2322454144905]';
tag.uc=[963.582, 271.651];
tags{1}=tag;

tag.id=2;
tag.hammingDistance=0;
tag.familyName='Tag36h11';
tag.H=[-14.28315426820379, -6.419717490808963, 502.856328891019;
  7.352092066780201, 9.114651293076891, 331.032611927488;
  0.003020076552240506, -0.01200373143276045, 0.9991950572806554];
tag.p=[519.3118981134879, 312.0139959048669;
  488.05332760594, 324.6538434432936;
  486.9197183180611, 350.9345120093091;
  518.9338400546882, 338.1476256210059]';
tag.c=[503.2614255114113;
  331.2992888779944];
tag.uH=[-14.47327368619237, -6.262117647688871, 502.3591528079841;
  7.282897695291958, 9.272709983116425, 330.6432064569509;
  0.002854359779020906, -0.01178333836175077, 0.9993508232858779]';
tag.up=[518.7954638016579, 311.5070974504038;
  487.3313568629255, 324.1190475478994;
  486.2778496809872, 350.555202113596;
  518.4969114604049, 337.7964707507374]';
tag.uc=[502.692, 330.861];
tags{2}=tag;

tag.id=16;
tag.hammingDistance=0;
tag.familyName='Tag36h11';
tag.H=[2.611731821920968, -14.5034260458451, 494.2418775532364;
  -8.484808832652513, 12.19929636928693, 446.5991824459344;
  0.01537394477598729, 0.003566050453355611, 0.9991443277858296];
tag.p=[516.3551669447384, 451.8289505558553;
  505.8172129583992, 421.3008962537303;
  473.7821538207929, 442.314707930001;
  483.2463418896562, 473.2766580980133]';
tag.c=[494.6651487763628;
  446.9816522259882];
tag.uH=[2.508490497742644, -14.84343490656852, 493.8978024430385;
  -8.57773019793288, 12.02330329224325, 446.6465172457017;
  0.01526214948918034, 0.003119911802871079, 0.9993121898453028]';
tag.up=[516.0740486935973, 451.8176508752894;
  505.4566854696166, 421.219469206014;
  473.189952261833, 442.2671073087982;
  482.7360788020397, 473.3190705254553]';
tag.uc=[494.245, 446.955];
tags{3}=tag;

tag.id=0;
tag.hammingDistance=0;
tag.familyName='Tag36h11';
tag.H=[5.778649327445826, -30.64417529147912, 911.8976808332262;
  -21.11642238504905, -9.913812044279664, 639.5257572775463;
  0.003056370821793554, -0.01023131221432089, 0.9994720057434151];
tag.p=[930.5777059797257, 666.1282722951723;
  936.3726814551302, 620.4069473716565;
  893.9179472927757, 613.2191101928389;
  887.7395797683372, 659.8445672224012]';
tag.c=[912.3794119225477;
  639.8636015841805];
tag.uH=[6.295876020771195, -30.16792830259917, 913.8080905277059;
  -20.94932538217239, -9.502615267431484, 640.9415123513837;
  0.003735725073981869, -0.009270397659578468, 0.999574237289842]';
tag.up=[932.9142150520772, 667.9807147386994;
  938.4723034107474, 621.6779833840106;
  895.2724989321856, 614.150088577901;
  889.2959351185813, 661.27449968668]';
tag.uc=[914.183, 641.206];
tags{4}=tag;

tag.id=6;
tag.hammingDistance=0;
tag.familyName='Tag36h11';
tag.H=[18.55858833329793, 36.06391962674256, 1071.544415296103;
  33.20556084751627, 20.86102531873499, 744.5126824061474;
  0.02267741365349136, 0.02322461789569465, 0.9993127109897973];
tag.p=[1066.614764513352, 724.1854020819205;
  1055.34189645281, 757.7927079195778;
  1077.450285977133, 764.0336823345314;
  1089.202327244864, 732.2707268522499]';
tag.c=[1072.281382506144;
  745.0247297152098];
tag.uH=[18.34746894651456, 35.92249403876571, 1079.37800659832;
  33.45237494892204, 20.68998910282039, 750.0719015763789;
  0.02229645969224261, 0.02243005676047122, 0.9994658349507825]';
tag.up=[1073.704869887365, 728.920967638192;
  1062.5168446401, 763.3468694562664;
  1085.669877010582, 770.1782481957009;
  1097.396968514028, 737.6078257297982]';
tag.uc=[1079.95, 750.467];
tags{5}=tag;

tag.id=3;
tag.hammingDistance=0;
tag.familyName='Tag36h11';
tag.H=[0.6090018638087011, -14.73250825243046, 559.5591858811523;
  -26.6101246301304, -2.381311019278673, 764.3599160685535;
  -0.00876509191235632, 0.008147082847038556, 0.9994063669205405];
tag.p=[573.6687085294476, 793.3320134680213;
  585.1441164581439, 753.3185522752767;
  546.0973540618631, 736.2605647489316;
  535.4794323296928, 775.9267368830036]';
tag.c=[559.8915560297215;
  764.8139349199536];
tag.uH=[1.406487670650943, -14.79799726536484, 558.7115976420758;
  -26.25695888425624, -2.326295801064079, 767.0277595582676;
  -0.007637736963164919, 0.008321689187926275, 0.9995192865581486]';
tag.up=[572.7661657583249, 796.5423038354153;
  584.5265643418785, 755.5211420384048;
  545.2052586138757, 738.2980381067537;
  534.2385708376589, 778.9051463107974]';
tag.uc=[558.987, 767.383];
tags{6}=tag;

tag.id=11;
tag.hammingDistance=0;
tag.familyName='Tag36h11';
tag.H=[-5.004882948695869, 2.574077400999247, 470.2128358086727;
  -1.158443656888033, 25.48406985113248, 871.1735422340321;
  0.01265756025092931, 0.01972315808194907, 0.9994673079272641];
tag.p=[488.7293924265923, 875.6691749752952;
  466.1760159745299, 850.9971517926022;
  453.343921155151, 867.8595545450115;
  474.6906866382253, 891.9887771236569]';
tag.c=[470.4634479579119;
  871.6378568106517];
tag.uH=[-4.931472934480578, 1.906153547641776, 467.0414087805009;
  -1.053089846555108, 25.37576644881623, 878.0078392151977;
  0.01310789848424972, 0.01896231298317178, 0.9995704637203852]';
tag.up=[485.8567971414019, 882.3643315669683;
  463.112178417859, 856.9653203944174;
  449.784451280368, 874.658287938352;
  471.3204014465761, 899.5579130209742]';
tag.uc=[467.246, 878.378];
tags{7}=tag;

tag.id=10;
tag.hammingDistance=0;
tag.familyName='Tag36h11';
tag.H=[6.673639625639588, 18.04819053896764, 588.2998339796151;
  31.49464028612074, 8.303799430932225, 951.0721257450183;
  0.01922003656533615, 0.0001761861656686706, 0.9995009284474904];
tag.p=[575.0181593129028, 929.7717689884953;
  566.4211285038259, 956.5244325369067;
  601.6521524622756, 972.4932141737688;
  611.6273708655845, 946.3762419231281]';
tag.c=[588.5935842935256;
  951.5470157914752];
tag.uH=[5.870364911854524, 18.14107224994557, 586.8354781906768;
  31.43136111879102, 8.280051499532096, 960.649079040629;
  0.01818871204436901, -0.0002054488619374389, 0.9996029985549141]';
tag.up=[573.3610236326801, 938.1842214182848;
  564.4074250996512, 966.4120572857678;
  600.288539204385, 983.0743693334405;
  610.5800796125151, 955.4562431281294]';
tag.uc=[587.071, 961.017];
tags{8}=tag;

tag.id=4;
tag.hammingDistance=0;
tag.familyName='Tag36h11';
tag.H=[-14.90829088750992, -19.41366369568853, 718.0542208470787;
  -32.38721586905709, -0.8674870840410867, 1014.313173702129;
  -0.01920541693556702, -0.0005550497074546222, 0.9995991314630449];
tag.p=[738.0871056967188, 1027.672549119635;
  736.5925928035603, 1001.880506657878;
  697.8008633589369, 1001.244904873428;
  700.7603234335839, 1027.089042353022]';
tag.c=[718.3421816264605;
  1014.7199430011];
tag.uH=[-14.26389517577307, -19.71788372520811, 719.3051815698132;
  -32.44065301334773, -0.7470430333595081, 1027.556704844616;
  -0.01817118635619748, -0.0003387763724181658, 0.999684886051495]';
tag.up=[739.8248845684507, 1041.7923430651;
  738.1560425756509, 1014.272896064011;
  698.471100714386, 1013.450488157325;
  701.5628764524024, 1041.017758212278]';
