% AprilTagFinder log 51
% @ Fri Mar 16 13:46:34 2018

K=[1664.010615128407, 0, 667.9657771371558;
  0, 1668.819944196452, 457.9230104705811;
  0, 0, 1];
distCoeffs=[-0.2237256636237109;
  0.2343996528647796;
  0;
  0;
  0];
tags={};

tag.id=1;
tag.hammingDistance=0;
tag.familyName='Tag36h11';
tag.H=[18.03071852674658, -13.71980663584475, 960.0445747082438;
  -5.942120442782011, -5.020629100789071, 273.2038521067207;
  0.01855250042312447, 0.002539825290070742, 0.9992395730101863];
tag.p=[977.0856744303203, 290.5151575445893;
  976.8952510912387, 268.1918323871684;
  945.1390158493796, 257.0154896571011;
  944.1300391088927, 278.8017130537953]';
tag.c=[960.7751740817585;
  273.4117617897181];
tag.uH=[17.73692349255186, -13.59740639918325, 962.9641745029634;
  -6.264947984117887, -4.851212935171437, 271.4915844918625;
  0.0180943709168196, 0.002995246665703928, 0.999381584326189]';
tag.up=[980.1084320568141, 288.8781443060431;
  980.1026650910821, 266.2219768437573;
  947.7104681432379, 255.1515863897818;
  946.5032895760585, 277.2624128570984]';
tag.uc=[963.551, 271.662];
tags{1}=tag;

tag.id=2;
tag.hammingDistance=0;
tag.familyName='Tag36h11';
tag.H=[-14.28719541100428, -7.082311803310763, 502.8523116217995;
  7.346890913071274, 8.663934665042829, 331.0058423406551;
  0.003031440502403745, -0.0133731002711084, 0.9991774057593956];
tag.p=[519.2787701952743, 312.0248319409012;
  488.0427716406295, 324.6304246685432;
  486.9188905838939, 350.9345908314647;
  518.9980446161579, 338.1482109779254]';
tag.c=[503.2662955780322;
  331.2783500034049];
tag.uH=[-14.47827311566877, -6.922990009049293, 502.3570234596322;
  7.277114315818682, 8.823229864453257, 330.6175826880158;
  0.002864166005483438, -0.01315126679020825, 0.9993369481574963]';
tag.up=[518.7621412500084, 311.5178930789234;
  487.3206152534653, 324.0954286465897;
  486.2770149269786, 350.5552788010532;
  518.5615337682489, 337.7972423594207]';
tag.uc=[502.697, 330.84];
tags{2}=tag;

tag.id=16;
tag.hammingDistance=0;
tag.familyName='Tag36h11';
tag.H=[2.713382692003671, -14.36149400008547, 494.2270800901451;
  -8.403421181386539, 12.3559429921142, 446.5965114820317;
  0.01555345222528272, 0.003843241890413743, 0.9991399769065555];
tag.p=[516.3344319720267, 451.7958912771572;
  505.8137825324638, 421.2663287629455;
  473.7963614974452, 442.3493489346504;
  483.226472961928, 473.3054354621816]';
tag.c=[494.6524926570601;
  446.9809254002051];
tag.uH=[2.610725548974566, -14.70118207840268, 493.8833759334445;
  -8.495847665583144, 12.18042380725537, 446.6442686483456;
  0.01544280966714563, 0.003397945558309297, 0.9993088068483719]';
tag.up=[516.0531938529929, 451.784527007618;
  505.453200220342, 421.1848141872101;
  473.2043055373093, 442.3018621607777;
  482.7160335091985, 473.3479374983856]';
tag.uc=[494.232, 446.954];
tags{3}=tag;

tag.id=0;
tag.hammingDistance=0;
tag.familyName='Tag36h11';
tag.H=[5.247537010078201, -30.52861018425927, 911.9014487593503;
  -21.47907403751629, -9.818799208189294, 639.5510570381163;
  0.002483326320006818, -0.01010623464702879, 0.9994750896090003];
tag.p=[930.5772862762334, 666.1208061764399;
  936.3804925053937, 620.4058029804847;
  893.903741219991, 613.2498322544774;
  887.7679083719396, 659.8651140052316]';
tag.c=[912.3803666943724;
  639.8869403421669];
tag.uH=[5.763633876367859, -30.05257198841911, 913.8116725550717;
  -21.31274764032567, -9.407623236111837, 640.9668625231355;
  0.003162706971383032, -0.009145921887042593, 0.9995769216306449]';
tag.up=[932.9137239499355, 667.9731285482339;
  938.4802558519916, 621.6768786429986;
  895.2582624073614, 614.1810324267337;
  889.324821631011, 661.2955202382906]';
tag.uc=[914.184, 641.23];
tags{4}=tag;

tag.id=3;
tag.hammingDistance=0;
tag.familyName='Tag36h11';
tag.H=[0.523049043703506, -14.64858503361132, 559.554911049146;
  -26.74423000109599, -2.259504904844179, 764.3759634847711;
  -0.008942702714651432, 0.008286600482804021, 0.9994038541344126];
tag.p=[573.6460533061781, 793.3321330787745;
  585.1572356239465, 753.3194967052356;
  546.1132443304349, 736.2942516546176;
  535.4766102657456, 775.9541215942345]';
tag.c=[559.8886863747175;
  764.8319148686894];
tag.uH=[1.321026220599736, -14.71501450998164, 558.7075860528572;
  -26.39133732343756, -2.204884229620688, 767.0447286418014;
  -0.007815016654307111, 0.008459831304699773, 0.9995174271867759]';
tag.up=[572.743261864066, 796.5425377873344;
  584.539791831809, 755.5220560464808;
  545.2211240218425, 738.3322941299618;
  534.2355365728923, 778.9332334329222]';
tag.uc=[558.984, 767.402];
tags{5}=tag;

tag.id=6;
tag.hammingDistance=0;
tag.familyName='Tag36h11';
tag.H=[19.33318611651038, 34.41762027004123, 1090.317770975158;
  33.22282757667184, 18.98460109146603, 779.1215439254282;
  0.02258498306138967, 0.02202648157864728, 0.9993716719360179];
tag.p=[1085.683040272818, 761.3577835590952;
  1075.308421932509, 793.41517187959;
  1095.868828986936, 796.3049818219006;
  1106.715688007039, 765.792182228742]';
tag.c=[1091.003278953221;
  779.6113956443118];
tag.uH=[19.18979658217547, 34.43930719210994, 1099.600325015364;
  33.55921224111209, 18.90063522052928, 786.1733289901917;
  0.02222205581268134, 0.02138637715813613, 0.9995099831395967]';
tag.up=[1094.223843372903, 767.5619242048848;
  1083.981223748586, 800.5581927833049;
  1105.558542368086, 803.9675219733879;
  1116.334856063831, 772.5419164834465]';
tag.uc=[1100.13, 786.552];
tags{6}=tag;

tag.id=11;
tag.hammingDistance=0;
tag.familyName='Tag36h11';
tag.H=[-5.164772824297538, 2.709590517682982, 470.2118169003206;
  -1.452609277727965, 25.73590664256134, 871.1696831278284;
  0.01232215465435654, 0.02000806774259047, 0.999465773375143];
tag.p=[488.728802005947, 875.6646210620873;
  466.1694314145398, 850.9763113796103;
  453.3421689078034, 867.8585535918821;
  474.6913366358006, 891.9790445893125]';
tag.c=[470.4631508415142;
  871.6353339303802];
tag.uH=[-5.090241469472531, 2.040680356974506, 467.0406957619641;
  -1.349427053131579, 25.62954147924805, 878.0043953662928;
  0.01277265261671974, 0.01924709616508052, 0.9995695283430457]';
tag.up=[485.8562449129531, 882.3595936014581;
  463.1056999150552, 856.9437622502353;
  449.7826709873134, 874.6572684458228;
  471.3211859570109, 899.5477341388637]';
tag.uc=[467.246, 878.375];
tags{7}=tag;

tag.id=10;
tag.hammingDistance=0;
tag.familyName='Tag36h11';
tag.H=[6.616888246812062, 18.08474188211143, 588.3097420677548;
  31.3874147428175, 8.387140842713647, 951.0665483270136;
  0.01911304589463199, 0.0002540354792848508, 0.9995032461598077];
tag.p=[575.0304214740923, 929.7606041713121;
  566.4407579012475, 956.503263880766;
  601.6578907352541, 972.4899009582239;
  611.6158886588776, 946.3842651584691]';
tag.c=[588.6021324373884;
  951.5392290931592];
tag.uH=[5.814157634446725, 18.17647467053772, 586.8452875180571;
  31.32312792624571, 8.36342827545511, 960.6425359697179;
  0.01808209254505643, -0.0001289065377409416, 0.9996047955692724]';
tag.up=[573.3735914654436, 938.1724155737051;
  564.4276268992706, 966.3895694699453;
  600.2944152272838, 983.0708346972337;
  610.5683465854174, 955.4647394834175]';
tag.uc=[587.08, 961.009];
tags{8}=tag;

tag.id=4;
tag.hammingDistance=0;
tag.familyName='Tag36h11';
tag.H=[-13.57970631833187, -19.56537363775442, 718.1037470282894;
  -30.4944475198886, -1.047402832907998, 1014.326097906619;
  -0.01733404883063122, -0.0007449095656430697, 0.9996328926985149];
tag.p=[738.1743920700445, 1027.666079680941;
  736.5790299960181, 1001.866956358454;
  697.8309017314684, 1001.253434180829;
  700.7504829755965, 1027.111310091224]';
tag.c=[718.3674649698293;
  1014.698601171916];
tag.uH=[-12.93274327174279, -19.87020051997483, 719.3493169765588;
  -30.52259655463717, -0.9290557861963148, 1027.560269905002;
  -0.01629880285507633, -0.0005289836973203922, 0.9997103786507965]';
