% AprilTagFinder log 2
% @ Wed Mar  7 16:06:14 2018

K=[1664.010615128407, 0, 667.9657771371558;
  0, 1668.819944196452, 457.9230104705811;
  0, 0, 1];
distCoeffs=[-0.2237256636237109;
  0.2343996528647796;
  0;
  0;
  0];
tags={};

tag.id=1;
tag.hammingDistance=0;
tag.familyName='Tag16h5';
tag.H=[10.00628503533188, 3.095219604642954, 478.6566592776777;
  -7.006426737071534, -10.06508146696197, 206.1794871009121;
  -0.009442024355020609, 0.01715803071771586, 0.9983180247665502];
tag.p=[469.9719423021632, 225.3690091048545;
  499.7002626815351, 215.3280564490672;
  488.8086771435233, 187.9737395012474;
  460.2763900125183, 198.1825048913882]';
tag.c=[479.4631043445382;
  206.5268601647514];
tag.uH=[10.31894421389882, 2.447855680894763, 477.3180825963667;
  -6.912586254027627, -10.57473516631419, 204.2697819534807;
  -0.00915608680951247, 0.01621369851177079, 0.9986063542460605]';
tag.up=[468.5056154617614, 223.6467323767452;
  498.5352525894435, 213.6484159675348;
  487.3195920943831, 185.7300247757857;
  458.4584970267385, 195.9090115282828]';
tag.uc=[477.987, 204.559];
tags{1}=tag;

tag.id=0;
tag.hammingDistance=0;
tag.familyName='Tag16h5';
tag.H=[10.47669947721454, 10.66950596169074, 438.4091035181082;
  -6.966167650954631, -5.749374766749976, 220.2275709150773;
  -0.008498697423833688, 0.03489261047227813, 0.9980055354517228];
tag.p=[429.4544120901976, 239.7492042721739;
  459.0506661059625, 229.4233332261059;
  448.6094849327113, 202.5694457383718;
  421.1669286346089, 212.6416699011615]';
tag.c=[439.2852423605777;
  220.66768478934];
tag.uH=[10.84033753619485, 10.03732988589569, 436.6024181910645;
  -6.846051334086209, -6.283590206709652, 218.2677055515711;
  -0.008165131252431394, 0.03404484030628612, 0.998373728221246]';
tag.up=[427.4782694228414, 237.9415647609779;
  457.4611336556169, 227.6847914323561;
  446.6427720625144, 200.2799871722988;
  418.8050812725277, 210.2943449816709]';
tag.uc=[437.318, 218.627];
tags{2}=tag;

tag.id=6;
tag.hammingDistance=0;
tag.familyName='Tag16h5';
tag.H=[9.793082353903564, -8.512580274200015, 492.415271627061;
  -7.621052701445093, -15.93109835548203, 245.0222987675815;
  -0.01080477130442232, -0.006982336708121346, 0.998713165764367];
tag.p=[483.1624567325457, 264.214832748242;
  513.3437454538804, 254.6333345815675;
  503.2956050104959, 225.7765974922107;
  472.9104969722709, 236.1135634768341]';
tag.c=[493.0497449186926;
  245.3380081157268];
tag.uH=[10.08728869092767, -9.051583842063412, 491.4662409083534;
  -7.513747000029434, -16.34408614486128, 243.7912433776953;
  -0.01051265068119982, -0.007809527829017328, 0.9989341185074737]';
tag.up=[482.1067328665712, 263.1082382032513;
  512.5394829871956, 253.5759286323496;
  502.2348802147153, 224.2812237197932;
  471.5579204505011, 234.5754648923873]';
tag.uc=[491.994, 244.055];
tags{3}=tag;

tag.id=5;
tag.hammingDistance=0;
tag.familyName='Tag16h5';
tag.H=[12.08426154692883, -3.127752120629108, 451.3658338833052;
  -6.583088066462924, -13.11544762188961, 258.7824897531208;
  -0.006111546364458508, 0.003690483745908245, 0.9988470632567846];
tag.p=[441.8490043016595, 278.1283237175037;
  471.7458072324105, 268.2535581463968;
  461.9734360752907, 239.9415048499632;
  432.4138326043048, 250.0871034896913]';
tag.c=[451.8868308143262;
  259.0811939811377];
tag.uH=[12.4410444084747, -3.640446989900952, 449.9709584153594;
  -6.445337378654318, -13.53623194760868, 257.4683021024168;
  -0.005740720185046675, 0.002927764414839256, 0.9990480201220583]';
tag.up=[440.3467114758421, 276.9337892977783;
  470.58130843213, 267.1279344405701;
  460.5011382313253, 238.3835163388603;
  430.5686300801937, 248.459015294866]';
tag.uc=[450.405, 257.717];
tags{4}=tag;

