% AprilTagFinder log 109
% @ Wed Mar  7 16:05:48 2018

K=[1664.010615128407, 0, 667.9657771371558;
  0, 1668.819944196452, 457.9230104705811;
  0, 0, 1];
distCoeffs=[-0.2237256636237109;
  0.2343996528647796;
  0;
  0;
  0];
tags={};

tag.id=25;
tag.hammingDistance=0;
tag.familyName='Tag36h11';
tag.H=[44.48268057417555, 2.329873341734958, 446.189946127219;
  -6.041079698154735, -59.10040906154403, 178.4921767603264;
  -0.03434899841969197, -0.001003278153742984, 0.9703965870635637];
tag.p=[397.0945497935501, 242.2410547291048;
  521.1486064023164, 247.1066559225823;
  527.2504142447633, 121.2249373949047;
  402.5307451368985, 124.9651892532607]';
tag.c=[459.8016440653375;
  183.9373500894585];
tag.uH=[46.5149751577075, 0.2528345515745922, 446.0333867917527;
  -5.135924182539734, -61.22627506861377, 176.6711311873751;
  -0.03279032664742673, -0.004539084374526207, 0.9744063121121036]';
tag.up=[394.5255252172679, 240.1954618826649;
  520.3762653929557, 245.9976431603394;
  525.7754965859085, 117.6958136128665;
  398.7730654146823, 120.2516107790358]';
tag.uc=[457.854, 181.374];
tags{1}=tag;

tag.id=24;
tag.hammingDistance=0;
tag.familyName='Tag36h11';
tag.H=[45.35579199881075, 2.534556764656636, 302.6545638761241;
  -3.21494018074495, -55.02048553640395, 177.6224838700693;
  -0.01977543239376724, -0.0009362548790507084, 0.9711995597616623];
tag.p=[256.841744535437, 237.7812634873969;
  362.7574241330598, 240.9046338996469;
  368.805244954565, 125.606082527183;
  262.4476385204663, 127.0828441122777]';
tag.c=[311.6296345422534;
  182.8897903471649];
tag.uH=[48.19170777851811, 1.114517096831856, 298.0173542236014;
  -1.933218996439634, -57.08399239689486, 173.8900661217376;
  -0.01732669883290546, -0.003354727823539457, 0.9742657835358131]';
tag.up=[249.8996019080827, 234.0640023092533;
  359.3829056774213, 238.5051828042128;
  364.1520289490464, 120.4371438415574;
  253.9458478563928, 120.1466960838803]';
tag.uc=[306.01, 178.553];
tags{2}=tag;

