% AprilTagFinder log 11
% @ Fri Mar 16 13:46:22 2018

K=[1664.010615128407, 0, 667.9657771371558;
  0, 1668.819944196452, 457.9230104705811;
  0, 0, 1];
distCoeffs=[-0.2237256636237109;
  0.2343996528647796;
  0;
  0;
  0];
tags={};

tag.id=1;
tag.hammingDistance=0;
tag.familyName='Tag36h11';
tag.H=[18.00417863615504, -16.32057934709252, 960.0884532012541;
  -5.950918442193603, -5.76961444541776, 273.2152941582204;
  0.01846901862248239, -0.0001472037680800789, 0.9992446773885973];
tag.p=[977.0440577112978, 290.4773024758599;
  976.9637593901627, 268.2429300709786;
  945.1687529237557, 256.9805150464436;
  944.0514299779948, 278.7973332423279]';
tag.c=[960.8141778751595;
  273.4218158381738];
tag.uH=[17.70815445319436, -16.20387730158675, 963.0088237594188;
  -6.274733687403395, -5.594954587169972, 271.5028285113553;
  0.0180076518611049, 0.0003104069084965071, 0.9993866599368241]';
tag.up=[980.066094233227, 288.8400892622353;
  980.1724346043748, 266.2732674596881;
  947.741136750461, 255.1158120292409;
  946.4231044325495, 277.2585796400825]';
tag.uc=[963.591, 271.672];
tags{1}=tag;

tag.id=2;
tag.hammingDistance=0;
tag.familyName='Tag36h11';
tag.H=[-12.56390192885045, -4.969521201479899, 502.8157805906741;
  8.492521495873406, 10.02137953189116, 331.1001197711896;
  0.006422710123450984, -0.009223960132523201, 0.9992092916381293];
tag.p=[519.3051191513457, 311.959012157263;
  487.972104867999, 324.7468351272901;
  487.0317552505309, 350.8743468462577;
  518.9401774955506, 338.1879003695557]';
tag.c=[503.2136758519779;
  331.3621305786454];
tag.uH=[-12.75588884813712, -4.811684543824631, 502.3170099522727;
  8.421874330357388, 10.17921190867784, 330.7100054137005;
  0.006256852854855204, -0.009000688168602217, 0.9993622046542464]';
tag.up=[518.7884481698744, 311.4517134321677;
  487.249742311928, 324.2123636582882;
  486.3906842572783, 350.4950605605695;
  518.5034042441104, 337.8369734585004]';
tag.uc=[502.644, 330.924];
tags{2}=tag;

tag.id=16;
tag.hammingDistance=0;
tag.familyName='Tag36h11';
tag.H=[3.16975092312653, -14.62873055009486, 494.214723231848;
  -7.988371692600189, 12.094947302749, 446.5719457370573;
  0.01649767476510706, 0.003297027658660829, 0.9991269266224783];
tag.p=[516.3454141137432, 451.8031360490907;
  505.778186816606, 421.2950805742953;
  473.7908489161816, 442.309308684575;
  483.2169013615178, 473.3165901222113]';
tag.c=[494.6465859973642;
  446.9621765141309];
tag.uH=[3.066395670596488, -14.96837645566941, 493.8722168376881;
  -8.08107068725139, 11.91928348015308, 446.6207726382892;
  0.01638661787321727, 0.002851413845937951, 0.9992982587199007]';
tag.up=[516.0642379702563, 451.7917868961527;
  505.4174024877486, 421.2136021881935;
  473.1987236677743, 442.2616956011904;
  482.7063781504732, 473.3591277543362]';
tag.uc=[494.226, 446.936];
tags{3}=tag;

tag.id=0;
tag.hammingDistance=0;
tag.familyName='Tag36h11';
tag.H=[4.776644673824027, -30.25225204302695, 911.8908685617158;
  -21.82002582489291, -9.636117215430369, 639.5577236824279;
  0.001946670647164116, -0.009805349115522449, 0.9994792866362441];
tag.p=[930.5382189517519, 666.1258584184035;
  936.4027392017935, 620.4058469145796;
  893.9056468685642, 613.240160231876;
  887.7571787811291, 659.8396684490053]';
tag.c=[912.3659497043627;
  639.890923437608];
tag.uH=[5.290992795443206, -29.77551314849848, 913.800182024629;
  -21.65500941599173, -9.224524196251572, 640.9729967771799;
  0.002624832374279025, -0.008844854501557491, 0.9995803478523454]';
tag.up=[932.8739325964077, 667.9779272396673;
  938.5029276977396, 621.6770749200813;
  895.2601415706488, 614.1712763591211;
  889.3137583190908, 661.2696576834883]';
tag.uc=[914.17, 641.234];
tags{4}=tag;

tag.id=6;
tag.hammingDistance=0;
tag.familyName='Tag36h11';
tag.H=[17.15659790066356, 29.06057968197046, 1035.778008096394;
  32.4304642626587, 13.91323107674267, 709.2399259491399;
  0.02097337655911817, 0.01538033313807002, 0.9994589459031034];
tag.p=[1027.469058741768, 688.2905477922342;
  1018.727426233535, 724.0990186233421;
  1044.585794379942, 729.4597311621499;
  1054.148237967765, 694.9858034552052]';
tag.c=[1036.338723408467;
  709.6238708517199];
tag.uH=[16.86727791500016, 28.79763945842672, 1041.622624450487;
  32.55599647423914, 13.63878095327427, 713.2324333758042;
  0.0205069993115235, 0.01455160035263081, 0.999578406941028]';
tag.up=[1032.594424393378, 691.5748512282539;
  1024.030512668507, 728.1232737885986;
  1050.887995517995, 734.003512564673;
  1060.319672013182, 698.7742131835507]';
tag.uc=[1042.05, 713.527];
tags{5}=tag;

tag.id=3;
tag.hammingDistance=0;
tag.familyName='Tag36h11';
tag.H=[0.4590479040524231, -14.3286032080581, 559.5326794072288;
  -26.81737884069793, -1.831469747034989, 764.3603609501662;
  -0.009044572399173178, 0.008864572636436349, 0.9993978881596568];
tag.p=[573.644376930988, 793.3440896598421;
  585.1522338313285, 753.3193396626211;
  546.0902276065627, 736.287371258696;
  535.4775014030179, 775.9174411333481]';
tag.c=[559.8697836330045;
  764.8208686509224];
tag.uH=[1.256726582120043, -14.39486804600919, 558.6858778144837;
  -26.46502262105742, -1.774738329405523, 767.0298707686455;
  -0.007917414861086478, 0.009039015066946817, 0.9995126559210635]';
tag.up=[572.7415088133757, 796.5548244211279;
  584.5347479663093, 755.5219148764488;
  545.1979215678659, 738.3254026853922;
  534.2366770102725, 778.8956310459055]';
tag.uc=[558.965, 767.39];
tags{6}=tag;

tag.id=11;
tag.hammingDistance=0;
tag.familyName='Tag36h11';
tag.H=[-5.91473276391842, 2.092741596020682, 470.2613575882612;
  -2.859963823224793, 24.60381314847717, 871.2107801239031;
  0.01071241774871402, 0.0187190934794787, 0.9995093619701412];
tag.p=[488.7064975182805, 875.6688240525742;
  466.2154622914668, 850.9780304805921;
  453.319892882178, 867.8386219351145;
  474.7009616239782, 891.9704733895145]';
tag.c=[470.4921989538199;
  871.6384390904077];
tag.uH=[-5.834736370032525, 1.42780741748794, 467.0865401176976;
  -2.767859025501334, 24.48825010723505, 878.0377274982213;
  0.01116282991642648, 0.01795789410096565, 0.9996041965569167]';
tag.up=[485.8334296510956, 882.3642212236732;
  463.152690041157, 856.9450001433279;
  449.7601319008209, 874.6368030621619;
  471.3311370676839, 899.5386579825438]';
tag.uc=[467.275, 878.378];
tags{7}=tag;

tag.id=10;
tag.hammingDistance=0;
tag.familyName='Tag36h11';
tag.H=[5.639066992843418, 19.76127772065136, 588.3750302513142;
  29.78876857530424, 11.11784250643134, 951.0875554030422;
  0.01743246778473297, 0.00311769326230786, 0.9995294214712691];
tag.p=[575.0629337069527, 929.7244396442998;
  566.4113103302492, 956.5162825846533;
  601.6936183053072, 972.4674265470576;
  611.5390619140949, 946.409629842403]';
tag.c=[588.652037260943;
  951.5353274974914];
tag.uH=[4.838929245696371, 19.84772877983843, 586.9081992837104;
  29.70808886247726, 11.12062105294719, 960.6577817921295;
  0.01640113430035935, 0.002733760430673607, 0.9996252528894426]';
tag.up=[573.4069560411771, 938.1342213102359;
  564.3974568691211, 966.4035265268742;
  600.3310093508418, 983.0468741035329;
  610.4899544793916, 955.4917630502317]';
tag.uc=[587.131, 961.004];
tags{8}=tag;

tag.id=4;
tag.hammingDistance=0;
tag.familyName='Tag36h11';
tag.H=[-14.21259801324499, -20.73675811239665, 718.1066735739468;
  -31.40920023208795, -2.747506816360675, 1014.305547072445;
  -0.01823095179935586, -0.002391041922838235, 0.9996145225898867];
tag.p=[738.1190710774711, 1027.665876840835;
  736.5821645615341, 1001.900070320165;
  697.8166812349916, 1001.181123575724;
  700.7527770068966, 1027.094084325323]';
tag.c=[718.383594221315;
  1014.69668972445];
tag.uH=[-13.56638587509774, -21.04192301234928, 719.3559903123004;
  -31.44936238032262, -2.650511226912062, 1027.544243212883;
  -0.01719561410006774, -0.002172946897711415, 0.9996967213261825]';
tag.up=[739.8576272854875, 1041.785384873399;
  738.1454718880892, 1014.293659593252;
  698.4871309301003, 1013.382671478693;
  701.5551571452869, 1041.02312836173]';
