% AprilTagFinder log 76
% @ Wed Mar  7 16:05:44 2018

K=[1664.010615128407, 0, 667.9657771371558;
  0, 1668.819944196452, 457.9230104705811;
  0, 0, 1];
distCoeffs=[-0.2237256636237109;
  0.2343996528647796;
  0;
  0;
  0];
tags={};

tag.id=1;
tag.hammingDistance=0;
tag.familyName='Tag36h11';
tag.H=[23.40710006098332, 0.4564402197923763, 350.3167586680702;
  -3.366602968842369, -28.29596362967956, 173.3530080333935;
  -0.01237927460145865, 0.0008568227724797594, 0.9918057139369302];
tag.p=[325.3703319871324, 204.3355121755334;
  381.4418639118185, 202.6246935712693;
  381.706302058272, 144.5403047382322;
  325.7238605823752, 147.6790773300948]';
tag.c=[353.2110712263422;
  174.7852483580441];
tag.uH=[24.67085679747932, -0.4631088011482886, 346.257095793678;
  -2.786253757756256, -29.33459892047877, 169.5710230699512;
  -0.01126162723118565, -0.0006919959505557981, 0.9927936964020383]';
tag.up=[320.5040517735152, 200.7335150011883;
  378.1217071263536, 199.6663700246256;
  377.6773722589052, 140.1296317941023;
  320.055863048517, 142.5410104748232]';
tag.uc=[348.8, 170.818];
tags{1}=tag;

tag.id=0;
tag.hammingDistance=0;
tag.familyName='Tag36h11';
tag.H=[23.48758558757439, 0.009355240820514416, 281.2577610797819;
  -2.758508978080689, -27.78972347849935, 176.311090574733;
  -0.009523014267339603, -0.0009342728648666517, 0.9918259634386498];
tag.p=[257.1736284174935, 206.3880873131375;
  309.931301009395, 204.7749012778359;
  310.5404821510867, 148.5301718277351;
  257.672672628264, 151.217165583686]';
tag.c=[283.5757193778879;
  177.7641411639038];
tag.uH=[24.94532945139569, -0.7478027861038041, 274.7772495539398;
  -2.105985132065151, -28.82011739986742, 171.5686571661656;
  -0.008230687200940253, -0.002160839617814232, 0.9926541165681185]';
tag.up=[249.7997790096897, 201.8729556341427;
  304.5604451478528, 200.9774401483915;
  304.3540983723086, 143.17514277663;
  249.4065335496199, 145.0379899109611]';
tag.uc=[276.841, 172.856];
tags{2}=tag;

tag.id=25;
tag.hammingDistance=0;
tag.familyName='Tag36h11';
tag.H=[22.61159517142847, 1.312451057673903, 350.9246976411262;
  -4.014510628241795, -27.95667867998286, 247.1585724858472;
  -0.01527577308127655, 0.003186499657562682, 0.994973945058911];
tag.p=[324.7071737012959, 277.1720351525159;
  381.1770532865445, 277.6216078334079;
  381.3761214188063, 218.9345193669787;
  325.2553517809587, 220.2569836305703]';
tag.c=[352.6973740205312;
  248.4070801182772];
tag.uH=[23.90348966251123, 0.6515266466444852, 347.6229292563687;
  -3.366745340712177, -28.7626312734509, 244.9780960447988;
  -0.01392464363697166, 0.00214047778071743, 0.9957420211949608]';
tag.up=[320.6399034012171, 275.0303173156931;
  378.569584464494, 275.9823164427419;
  378.2307717065976, 216.3115971270613;
  320.5867381110001, 217.0193498158511]';
tag.uc=[349.137, 246.041];
tags{3}=tag;

tag.id=24;
tag.hammingDistance=0;
tag.familyName='Tag36h11';
tag.H=[24.23710624145145, 0.2495703709007965, 281.443339739938;
  -2.130058947170639, -27.97177065774382, 247.8513965212778;
  -0.007308314787899712, -0.0002578782653181222, 0.9946931895138393];
tag.p=[256.3774084802781, 277.326639152311;
  309.2523837039608, 277.1175178503776;
  309.9196126225025, 220.589212631315;
  257.0076785894387, 221.6232567299938]';
tag.c=[282.9448745672972;
  249.1737142006735];
tag.uH=[25.70757598574208, -0.3022683934660513, 275.8673001339158;
  -1.413349428607104, -28.79385231886242, 244.8919614993564;
  -0.005746676733392035, -0.001093072107125367, 0.995369719026972]';
tag.up=[249.8975294149017, 274.4834036896398;
  304.704358621975, 274.8251364382221;
  304.7558467387559, 217.1663686245828;
  249.8500018285636, 217.5076126730289]';
tag.uc=[277.179, 246.048];
tags{4}=tag;

