% AprilTagFinder log 79
% @ Wed Mar  7 16:05:45 2018

K=[1664.010615128407, 0, 667.9657771371558;
  0, 1668.819944196452, 457.9230104705811;
  0, 0, 1];
distCoeffs=[-0.2237256636237109;
  0.2343996528647796;
  0;
  0;
  0];
tags={};

tag.id=1;
tag.hammingDistance=0;
tag.familyName='Tag36h11';
tag.H=[22.72601845719722, -0.1042680868766633, 328.4222414265621;
  -3.687334848530515, -28.76759009262168, 183.7597916056434;
  -0.01329157651516498, -0.001256197718466287, 0.9923309494587574];
tag.p=[303.7113446342586, 214.7375959578339;
  358.3128787712586, 213.0378358321981;
  359.0202825038975, 154.7427594360627;
  304.2634408237173, 157.989701463979]';
tag.c=[330.9603934107789;
  185.1799459705159];
tag.uH=[24.04967147875964, -0.9320352498947876, 323.7886249038094;
  -3.078890005497529, -29.77589688447701, 179.9408041470939;
  -0.01210889467611071, -0.002644369309074087, 0.9932625723293653]';
tag.up=[298.2587605409684, 211.0973137688674;
  354.5207340264358, 210.0388649425646;
  354.5033663668108, 150.3101336424112;
  298.00071971726, 152.8250421332607]';
tag.uc=[326.016, 181.178];
tags{1}=tag;

tag.id=0;
tag.hammingDistance=0;
tag.familyName='Tag36h11';
tag.H=[23.06136966290313, -0.5633229826661195, 260.2371506660443;
  -2.822047003273679, -28.86375618568808, 186.6443352588724;
  -0.009007865730391073, -0.005582931122235455, 0.9921523205787329];
tag.p=[236.1467387950795, 216.8677735834832;
  287.0981904005446, 215.1109066656478;
  289.2249648580668, 158.5153755635404;
  237.6635834012283, 161.3160859589041]';
tag.c=[262.2955621514297;
  188.1206457794714];
tag.uH=[24.55062586050313, -1.187852729752556, 253.0241014339858;
  -2.160731073729223, -29.83985038567862, 181.859299366967;
  -0.007674031314772599, -0.006613982467630353, 0.9929306130271158]';
tag.up=[227.9982106301898, 212.3190038149936;
  281.0495356582196, 211.254746062017;
  282.4009524388953, 153.1207591061652;
  228.6619119650794, 155.1112417377768]';
tag.uc=[254.857, 183.173];
tags{2}=tag;

tag.id=25;
tag.hammingDistance=0;
tag.familyName='Tag36h11';
tag.H=[22.01616110928756, 4.10308413587216, 328.2445192469182;
  -4.378436144195997, -26.01241376334055, 257.704545781415;
  -0.01611569873119438, 0.01087432549743793, 0.9950189037589221];
tag.p=[302.0466582059121, 288.0204305974456;
  357.5901541163704, 288.5642456618661;
  358.0236503288332, 229.6614025510037;
  303.6484650721974, 230.9867963943512]';
tag.c=[329.8877217376433;
  258.9946229241217];
tag.uH=[23.37836404958555, 3.486494709019484, 324.390392484645;
  -3.695760910124755, -26.81219467999212, 255.4868124245666;
  -0.01468335932954547, 0.009972234612656682, 0.9957741337631425]';
tag.up=[297.3677267071014, 285.8479217243934;
  354.5207276710241, 286.8893903159608;
  354.4091004307313, 226.9994121331714;
  298.4016479900857, 227.7185113990101]';
tag.uc=[325.796, 256.587];
tags{3}=tag;

tag.id=24;
tag.hammingDistance=0;
tag.familyName='Tag36h11';
tag.H=[23.98932062776334, -1.07158627767173, 259.3277455647458;
  -1.990576078058347, -29.5390322170664, 258.7050677030244;
  -0.006384612669104524, -0.00573966495802497, 0.9946481652463869];
tag.p=[234.8197081555946, 288.2823005859847;
  286.1043580677135, 287.9804801354828;
  287.2657687730558, 231.2162200538106;
  235.3747208831757, 232.2497850679841]';
tag.c=[260.7230924721075;
  260.0970642105793];
tag.uH=[25.50686717022826, -1.535684215464098, 252.9961983578424;
  -1.248091522775302, -30.33361424953844, 255.7115450813461;
  -0.00474001221105044, -0.006465959142157061, 0.9952845369142653]';
tag.up=[227.5370717789692, 285.4300719886736;
  280.8757647101634, 285.653561675271;
  281.4371554517178, 227.7452818094457;
  227.4158580384741, 228.0978216310743]';
tag.uc=[254.223, 256.939];
tags{4}=tag;

