% AprilTagFinder log 71
% @ Fri Mar 16 13:46:44 2018

K=[1664.010615128407, 0, 667.9657771371558;
  0, 1668.819944196452, 457.9230104705811;
  0, 0, 1];
distCoeffs=[-0.2237256636237109;
  0.2343996528647796;
  0;
  0;
  0];
tags={};

tag.id=1;
tag.hammingDistance=0;
tag.familyName='Tag36h11';
tag.H=[15.65741243989467, -16.59469080365963, 960.1355227109935;
  -6.626028886321096, -5.854244455859104, 273.2366855677516;
  0.01610339811485974, -0.0004237001606950604, 0.9992830613737675];
tag.p=[977.0938539021315, 290.4798514683866;
  976.9420167023528, 268.2242331887583;
  945.0575752970201, 256.9122953813929;
  944.1646291742829, 278.8163901182355]';
tag.c=[960.8243748183265;
  273.4327200464287];
tag.uH=[15.3572373184931, -16.4824025995161, 963.0479980336509;
  -6.944332673834982, -5.680149437601811, 271.5219025739754;
  0.0156460429021085, 3.010433122163433e-05, 0.9994165096008942]';
tag.up=[980.1170939736344, 288.8422749878156;
  980.1503138864553, 266.2544699026319;
  947.6281880582187, 255.0474956551744;
  946.5384756277333, 277.2770223316679]';
tag.uc=[963.602, 271.683];
tags{1}=tag;

tag.id=2;
tag.hammingDistance=0;
tag.familyName='Tag36h11';
tag.H=[-13.92852483918453, -6.289213056555854, 502.8563442481261;
  7.576658062885112, 9.2037928126563, 331.0413395666987;
  0.003744341201955295, -0.01176099455449018, 0.9991951350055616];
tag.p=[519.3287928019133, 312.0107333170205;
  488.0425768341327, 324.6418172739668;
  486.9341044889016, 350.9174148556618;
  518.9599977761623, 338.1843286068506]';
tag.c=[503.2614017334333;
  331.3079977764864];
tag.uH=[-14.11977724902619, -6.131140909056725, 502.3592225942212;
  7.506627204005069, 9.36216224155128, 330.651999061726;
  0.00357743607466121, -0.01153957882893423, 0.9993509418270184]';
tag.up=[518.8124655126513, 311.5038709713555;
  487.3204619038967, 324.1068982676082;
  486.29230954011, 350.5380577533743;
  518.5233428498218, 337.8334396310435]';
tag.uc=[502.692, 330.87];
tags{2}=tag;

tag.id=16;
tag.hammingDistance=0;
tag.familyName='Tag36h11';
tag.H=[2.883149314626459, -14.11341164668428, 494.2141609216892;
  -8.224136433103594, 12.57806129888277, 446.5934324780409;
  0.01593008906798715, 0.004345276790928185, 0.9991322845618893];
tag.p=[516.36190498963, 451.7917779017666;
  505.7901201847963, 421.2763750388026;
  473.7887717345057, 442.3621474271573;
  483.2350984163509, 473.2892780623918]';
tag.c=[494.6433706107272;
  446.9812850396163];
tag.uH=[2.779796036524151, -14.45345902088712, 493.8712699770326;
  -8.316947290539565, 12.40244107929226, 446.6419786300977;
  0.01581862211974321, 0.003899752651363594, 0.9993028745124748]';
tag.up=[516.0808185967295, 451.7804100783569;
  505.4293950055545, 421.194862409946;
  473.1966530465809, 442.3146965058232;
  482.7247371893652, 473.3317309307332]';
tag.uc=[494.223, 446.955];
tags{3}=tag;

tag.id=0;
tag.hammingDistance=0;
tag.familyName='Tag36h11';
tag.H=[5.592433554018264, -30.44166349103277, 911.8960548831631;
  -21.242387729785, -9.791711812177237, 639.5384144364203;
  0.002861487558345764, -0.01002500748796855, 0.9994748039067184];
tag.p=[930.5678739213919, 666.1503919528936;
  936.3555806692215, 620.4185592321343;
  893.9199213687701, 613.2191830527481;
  887.7684338767499, 659.838642428246]';
tag.c=[912.3752307899808;
  639.8744740103612];
tag.uH=[6.110002002558522, -29.96483377972604, 913.8059008117967;
  -21.07501997195462, -9.380244544593419, 640.953869501759;
  0.003541775533807131, -0.009064061636858776, 0.9995764207196352]';
tag.up=[932.9043771321965, 668.0030959159187;
  938.4549548845187, 621.6896170766615;
  895.2745011511014, 614.1501730833519;
  889.3251714030264, 661.2686963050866]';
tag.uc=[914.179, 641.217];
tags{4}=tag;

tag.id=3;
tag.hammingDistance=0;
tag.familyName='Tag36h11';
tag.H=[0.6749692925358364, -14.37727679114908, 559.5388138926992;
  -26.54657112913212, -1.909692617113652, 764.3403696025767;
  -0.00868064672346002, 0.008775004740011026, 0.9994016382583789];
tag.p=[573.6384921088443, 793.3461999365893;
  585.1554644587543, 753.3036450456566;
  546.1117487497604, 736.2551812102631;
  535.4601607448303, 775.8977155293946]';
tag.c=[559.8738209673012;
  764.7979954631303];
tag.uH=[1.472895610262404, -14.44306416238046, 558.6915658195489;
  -26.19287264546755, -1.853002308752874, 767.0085202951808;
  -0.007552722710112223, 0.008949965860246004, 0.9995153330721921]';
tag.up=[572.7355492477677, 796.5570203718107;
  584.5380659872403, 755.5058774295592;
  545.2198206762624, 738.2924735355616;
  534.2192549648655, 778.8755262828786]';
tag.uc=[558.969, 767.367];
tags{5}=tag;

tag.id=11;
tag.hammingDistance=0;
tag.familyName='Tag36h11';
tag.H=[-5.429956143033087, 2.741449896223696, 470.2196858923775;
  -1.965579296975908, 25.79807269551143, 871.1809152320988;
  0.0117372250849221, 0.02009359729888783, 0.9994712673224695];
tag.p=[488.7230526718686, 875.6852054559151;
  466.1904307295648, 850.9782946479451;
  453.340669346189, 867.8479541193785;
  474.6755031958413, 891.9626054689952]';
tag.c=[470.4684379292574;
  871.6417807246687];
tag.uH=[-5.353233385422056, 2.072438416285028, 467.0482014125898;
  -1.866507343592455, 25.69225098807442, 878.015130808418;
  0.01218781216222891, 0.019333067336564, 0.9995741841131688]';
tag.up=[485.8501477491475, 882.3811038254615;
  463.1271226997011, 856.9455717689498;
  449.7812738050361, 874.646250141911;
  471.3051913051055, 899.5307504058555]';
tag.uc=[467.251, 878.382];
tags{6}=tag;

tag.id=10;
tag.hammingDistance=0;
tag.familyName='Tag36h11';
tag.H=[6.415546028595096, 18.63177595561213, 588.3268266326045;
  31.05470188008621, 9.220096103109908, 951.0787563275979;
  0.01876476400530577, 0.00115260097719317, 0.9995088785257717];
tag.p=[575.0146840400479, 929.779347566967;
  566.4130159233036, 956.5364615977536;
  601.6856565374809, 972.4622655378512;
  611.6153023846765, 946.3766767766899]';
tag.c=[588.6159085453635;
  951.5460810417153];
tag.uH=[5.613547935339336, 18.72411578648596, 586.861934941956;
  30.98721392729191, 9.206039285749242, 960.6540016864558;
  0.01773401274627606, 0.0007722126913449535, 0.9996092764141437]';
tag.up=[573.3574334501105, 938.1922039085454;
  564.3990520725399, 966.4248137614138;
  600.3229039802748, 983.0414509599927;
  610.5677794561186, 955.4567496108822]';
tag.uc=[587.094, 961.016];
tags{7}=tag;

tag.id=4;
tag.hammingDistance=0;
tag.familyName='Tag36h11';
tag.H=[-14.05900494716326, -20.12769646978203, 718.1145246491195;
  -31.16346143480585, -1.862913622048937, 1014.310750779607;
  -0.01799767450497015, -0.001532685618067801, 0.9996203526064875];
tag.p=[738.1648432067766, 1027.656766320113;
  736.5908206327898, 1001.886618652263;
  697.8214536189374, 1001.218646500284;
  700.7736496621164, 1027.090201949492]';
tag.c=[718.3872584993413;
  1014.695977462659];
tag.uH=[-13.41322603767359, -20.43226909264495, 719.3628344811033;
  -31.20057955764313, -1.754245454566392, 1027.54793710875;
  -0.01696290874627396, -0.001315049142924744, 0.9997010325481963]';
tag.up=[739.904514926819, 1041.775895797163;
  738.1542607381762, 1014.279390701376;
  698.4920964129076, 1013.422600529631;
  701.5765337552422, 1041.019032111209]';
tag.uc=[719.578, 1027.84];
tags{8}=tag;

tag.id=8;
tag.hammingDistance=0;
tag.familyName='Tag36h11';
tag.H=[-5.817545172820204, 1.205294522914663, 588.4220859892442;
  3.887889469988839, 18.89664323936138, 1060.762125170813;
  0.01096451587977887, 0.01320824080013127, 0.9996942371852207];
tag.p=[607.9152007313706, 1064.02330774285;
  582.8853052301822, 1048.426321449165;
  570.2008550304349, 1058.288492912287;
  594.293207968337, 1073.690108197371]';
tag.c=[588.6020586114702;
  1061.086565985953];
tag.uH=[-6.000179569267268, 0.7603743461115974, 586.2715750618224;
  3.820279722936825, 19.16296215995991, 1077.420661190768;
  0.01120507731425988, 0.01287011326802578, 0.9997482633263589]';
tag.up=[606.2595568006816, 1080.733992945715;
  580.6246182007689, 1064.116680776444;
  567.5114317714066, 1074.803996199181;
  592.1958506899765, 1091.220155252371]';
