% AprilTagFinder log 63
% @ Fri Mar 16 13:46:40 2018

K=[1664.010615128407, 0, 667.9657771371558;
  0, 1668.819944196452, 457.9230104705811;
  0, 0, 1];
distCoeffs=[-0.2237256636237109;
  0.2343996528647796;
  0;
  0;
  0];
tags={};

tag.id=1;
tag.hammingDistance=0;
tag.familyName='Tag36h11';
tag.H=[16.55303328831465, -19.15564698226549, 960.1579035246327;
  -6.384625070185111, -6.552420495206221, 273.2399145919104;
  0.01706353771866695, -0.003090493578311232, 0.9992621017336749];
tag.p=[977.1350953295228, 290.449749697131;
  976.898983180275, 268.2002973644427;
  945.0474489854786, 256.902723998957;
  944.1748578803304, 278.8988543880504]';
tag.c=[960.866925563175;
  273.4416867384958];
tag.uH=[16.25555312206589, -19.05089975604586, 963.0765093876589;
  -6.704638239480497, -6.373177460740979, 271.5264376163673;
  0.01660667651422944, -0.002636456768414165, 0.9994010307236137]';
tag.up=[980.159589266768, 288.8114181032281;
  980.1064147611135, 266.2305427064276;
  947.617929378069, 255.0378633553736;
  946.5482818278556, 277.3605261836027]';
tag.uc=[963.645, 271.692];
tags{1}=tag;

tag.id=2;
tag.hammingDistance=0;
tag.familyName='Tag36h11';
tag.H=[-14.1051773988695, -6.650110129257175, 502.8507593415335;
  7.484877618060371, 8.981252159875105, 331.030504614079;
  0.003391047717967049, -0.01245236492152508, 0.9991869163045569];
tag.p=[519.3225531849603, 311.9910002139486;
  488.0599898796016, 324.6544666454287;
  486.9033506972585, 350.9621756144169;
  518.9497105631568, 338.1594304701435]';
tag.c=[503.2599518029139;
  331.2998791441133];
tag.uH=[-14.29535135046536, -6.492331113065342, 502.3544372650505;
  7.415712333364976, 9.139552801822822, 330.6416699368179;
  0.003225772010236361, -0.01223214142669246, 0.9993444198582583]';
tag.up=[518.8061143324176, 311.4839810715864;
  487.3380825642529, 324.1197004316242;
  486.2614234205988, 350.5829634345157;
  518.5129183391788, 337.8083824143019]';
tag.uc=[502.69, 330.862];
tags{2}=tag;

tag.id=16;
tag.hammingDistance=0;
tag.familyName='Tag36h11';
tag.H=[3.293692455048402, -13.97639098838047, 494.2000950396474;
  -7.87059889258069, 12.70289787186001, 446.5863392397304;
  0.01676503904893478, 0.004627521076635456, 0.9991165264081636];
tag.p=[516.3858215449044, 451.8187704245864;
  505.7781289729472, 421.2718305975065;
  473.8001874619586, 442.3465152596539;
  483.2220417251258, 473.3229704089781]';
tag.c=[494.6370938496062;
  446.9812353572149];
tag.uH=[3.190084351596303, -14.31660688623473, 493.8587929789348;
  -7.963419503070303, 12.52733037828732, 446.6363636685177;
  0.01665383968502945, 0.004182056412341463, 0.9992904314145398]';
tag.up=[516.104871718679, 451.8074563615003;
  505.4173222487166, 421.190295460282;
  473.2081648577055, 442.2990215854383;
  482.7115579011507, 473.3655235728019]';
tag.uc=[494.216, 446.955];
tags{3}=tag;

tag.id=0;
tag.hammingDistance=0;
tag.familyName='Tag36h11';
tag.H=[5.933791230250541, -30.86950914746485, 911.9062758483741;
  -21.00758510891236, -10.05162215667932, 639.5226791077208;
  0.003217276671538367, -0.01047925819336769, 0.9994691813629434];
tag.p=[930.5781208570935, 666.0982704178645;
  936.3814438552671, 620.398722625283;
  893.9368289941796, 613.2423469004908;
  887.7330676393454, 659.866800291916]';
tag.c=[912.3905897777031;
  639.8623299576128];
tag.uH=[6.450394047990619, -30.39463063335891, 913.817479020546;
  -20.8409361843368, -9.641231751357662, 640.938937422153;
  0.003895426024511046, -0.009519497492554031, 0.9995720861926534]';
tag.up=[932.9143842826943, 667.9502482763326;
  938.4811773309544, 621.6697203131923;
  895.2917739655084, 614.1736571374277;
  889.2894815306074, 661.2969863719909]';
tag.uc=[914.195, 641.205];
tags{4}=tag;

tag.id=3;
tag.hammingDistance=0;
tag.familyName='Tag36h11';
tag.H=[0.6429464251247978, -14.28678204353941, 559.5320189928395;
  -26.57279366218024, -1.777384498311569, 764.3476325163534;
  -0.008718933710978011, 0.008933349559752012, 0.9994001876057701];
tag.p=[573.642930886982, 793.3437735837084;
  585.1418117878231, 753.3015554063242;
  546.0986479068064, 736.2812145924497;
  535.4711837579381, 775.9118278333618]';
tag.c=[559.8678346591987;
  764.8063728579796];
tag.uH=[1.440552253529702, -14.35307285279432, 558.6848439244583;
  -26.21941530771278, -1.720464413342004, 767.0162369411181;
  -0.007591432787083765, 0.009107762526161316, 0.9995141927607324]';
tag.up=[572.7400484742835, 796.5545069310197;
  584.5243048158046, 755.5037961480371;
  545.2064557039554, 738.3190817423989;
  534.2303194827309, 778.8899188883795]';
tag.uc=[558.963, 767.376];
tags{5}=tag;

tag.id=11;
tag.hammingDistance=0;
tag.familyName='Tag36h11';
tag.H=[-5.068338508337489, 2.56888275265939, 470.2090730308128;
  -1.265898787238393, 25.4876384071893, 871.1685496777237;
  0.01253236935253525, 0.01974027058005109, 0.9994683086403202];
tag.p=[488.7413623533642, 875.672666306886;
  466.1798942234474, 851.00141673999;
  453.320785534456, 867.844094524085;
  474.6772493556244, 891.9671271361796]';
tag.c=[470.4592121289836;
  871.631988875029];
tag.uH=[-4.995241640290991, 1.900926384056512, 467.0375584216954;
  -1.162368940233828, 25.37946656762422, 878.0025437581779;
  0.01298143548538841, 0.01897980464654705, 0.9995713164282202]';
tag.up=[485.8689774628764, 882.3678356055457;
  463.1160888240039, 856.9697021628501;
  449.7609744628539, 874.6424903431582;
  471.3069219555898, 899.535454113533]';
tag.uc=[467.242, 878.372];
tags{6}=tag;

tag.id=10;
tag.hammingDistance=0;
tag.familyName='Tag36h11';
tag.H=[7.154054339197275, 18.12432073145771, 588.294878595171;
  32.27057857451739, 8.422759056399283, 951.0649821828905;
  0.02004057768568321, 0.000309777004191073, 0.9994848994283023];
tag.p=[575.0144416311281, 929.7717555202549;
  566.440069693509, 956.5323626745414;
  601.6395797146333, 972.4691471578449;
  611.6485205358601, 946.3774265917978]';
tag.c=[588.5980657953623;
  951.5551287737238];
tag.uH=[6.349836463181989, 18.21761135389874, 586.8328997971922;
  32.21544518656859, 8.400769125072957, 960.6459650157323;
  0.01900985041798466, -7.094438304360091e-05, 0.9995908898761888]';
tag.up=[573.3572350379783, 938.1842312206719;
  564.4267124558037, 966.4202893221309;
  600.2758171968021, 983.048959693135;
  610.6016275044884, 955.4574058954825]';
tag.uc=[587.075, 961.025];
tags{7}=tag;

tag.id=4;
tag.hammingDistance=0;
tag.familyName='Tag36h11';
tag.H=[-14.00027430220485, -20.92066755714875, 718.120397211041;
  -31.09205254040226, -3.01786543045644, 1014.306365231362;
  -0.01792441285044792, -0.002635115829387147, 0.9996193242661424];
tag.p=[738.1463915820564, 1027.678901767765;
  736.5830264217491, 1001.932432033653;
  697.8117765958873, 1001.160962465541;
  700.752746640467, 1027.068378845045]';
tag.c=[718.3938723255874;
  1014.692634094486];
tag.uH=[-13.35414170287109, -21.22436683999812, 719.3690881797241;
  -31.12819175033829, -2.922744945824604, 1027.543691140152;
  -0.0168894631389753, -0.002414208133762406, 0.9997003465865173]';
tag.up=[739.8857146231755, 1041.799461375071;
  738.1465227374018, 1014.328101273707;
  698.482069695268, 1013.36121231971;
  701.5550601765231, 1040.995650561462]';
tag.uc=[719.585, 1027.84];
tags{8}=tag;

tag.id=13;
tag.hammingDistance=0;
tag.familyName='Tag36h11';
tag.H=[-6.778283052171443, 8.481430373006942, 857.7185967073416;
  10.59158719715381, -2.427121468158844, 1059.059348424843;
  0.001922422223012923, -0.005168662645485694, 0.9998856311705573];
tag.p=[853.3428890332287, 1047.613890511691;
  836.622009092699, 1064.650294305887;
  862.3196634673341, 1070.822429918983;
  879.314167653491, 1053.632540242895]';
tag.c=[857.8167041996772;
  1059.180485657157];
tag.uH=[-6.914049158416198, 8.824732509166328, 863.3037066144561;
  11.16928305554005, -2.235272905678831, 1076.71917210129;
  0.001939059021393168, -0.005299250154377459, 0.9999030069071622]';
tag.up=[858.5920463365518, 1064.311637919721;
  841.5562081799008, 1082.400680255868;
  868.216754187381, 1089.419040190059;
  885.5392887441621, 1071.178753623748]';
