% AprilTagFinder log 99
% @ Fri Mar 16 13:47:08 2018

K=[1664.010615128407, 0, 667.9657771371558;
  0, 1668.819944196452, 457.9230104705811;
  0, 0, 1];
distCoeffs=[-0.2237256636237109;
  0.2343996528647796;
  0;
  0;
  0];
tags={};

tag.id=1;
tag.hammingDistance=0;
tag.familyName='Tag36h11';
tag.H=[15.79759163377919, -17.34799752183324, 960.1458957047096;
  -6.601098952940658, -6.077531200931263, 273.2578808019025;
  0.01627017316741458, -0.001229726104207562, 0.9992783060139772];
tag.p=[977.0974494091942, 290.5156597619524;
  976.9008419897434, 268.233830772647;
  945.0633609094988, 256.9007522117674;
  944.2052302056455, 278.8627725703887]';
tag.c=[960.8393276690225;
  273.4552317981377];
tag.uH=[15.49847730728891, -17.23955372434, 963.0597300381669;
  -6.919591815842383, -5.902836635525387, 271.5436596615536;
  0.0158137491151908, -0.0007780833556034324, 0.9994130047406538]';
tag.up=[980.1204924599288, 288.878559220031;
  980.1080186127199, 266.2645926641497;
  947.6341956185964, 255.0357233226756;
  946.5795528942807, 277.3237209224206]';
tag.uc=[963.617, 271.706];
tags{1}=tag;

tag.id=2;
tag.hammingDistance=0;
tag.familyName='Tag36h11';
tag.H=[-14.98747032225226, -6.474114382787419, 502.8770374677136;
  6.895364647973839, 9.091739534494439, 331.0228863365357;
  0.001636929440221294, -0.01211932855665032, 0.999195661052236];
tag.p=[519.312682782434, 312.0160718372362;
  488.0425933664499, 324.6220331550344;
  486.9110907040005, 350.9713117831466;
  518.9465651785463, 338.1428225722523]';
tag.c=[503.2818466586838;
  331.2893552679573];
tag.uH=[-15.17711884786426, -6.316101963091828, 502.379837265881;
  6.826579697413265, 9.250126564023374, 330.6333861996215;
  0.001470681894253045, -0.01189840541742277, 0.9993511351540774]';
tag.up=[518.7962611052299, 311.5091903202935;
  487.3204034911469, 324.0869791716191;
  486.2692593931515, 350.5921724727072;
  518.5097054462179, 337.7916789838804]';
tag.uc=[502.712, 330.851];
tags{2}=tag;

tag.id=16;
tag.hammingDistance=0;
tag.familyName='Tag36h11';
tag.H=[2.979235217909913, -14.23505789311335, 494.2144639550498;
  -8.146865183385552, 12.43204510295986, 446.5988723543138;
  0.0161160079094572, 0.004102361798122273, 0.999131102872132];
tag.p=[516.3588842043238, 451.8418010611246;
  505.7918340378341, 421.3244073079136;
  473.791034646442, 442.3252911808709;
  483.2253422093168, 473.274765268251]';
tag.c=[494.6442589309513;
  446.9872582992435];
tag.uH=[2.875749236893429, -14.57531410361322, 493.8716807566645;
  -8.239772595210766, 12.25607442074361, 446.6475135620045;
  0.01600436618422629, 0.003656265257373502, 0.9993018656706094]';
tag.up=[516.0777884557367, 451.8305258342651;
  505.4311653693353, 421.2430134093667;
  473.1989187787759, 442.27772754323;
  482.7149073082795, 473.3171819240522]';
tag.uc=[494.224, 446.961];
tags{3}=tag;

tag.id=0;
tag.hammingDistance=0;
tag.familyName='Tag36h11';
tag.H=[5.38348747440252, -30.81533035761803, 911.8910274829991;
  -21.39570484985203, -10.02614798607233, 639.5319748673679;
  0.002626246560311199, -0.01040440512014771, 0.9994711488775132];
tag.p=[930.5768328110918, 666.1248836301883;
  936.3833672123287, 620.4062231370046;
  893.8846934027608, 613.2040137105769;
  887.7293786490272, 659.8487527434933]';
tag.c=[912.3735372523022;
  639.8703710313338];
tag.uH=[5.900057439109256, -30.33909767732553, 913.8018820855855;
  -21.22913411237235, -9.614915440183237, 640.9481238154285;
  0.003305811395224742, -0.009442900452896622, 0.9995739172241161]';
tag.up=[932.9132960769002, 667.9772657671914;
  938.4831883052532, 621.6773234293048;
  895.2386946751773, 614.1346603312516;
  889.2856133888477, 661.2786704042309]';
tag.uc=[914.177, 641.213];
tags{4}=tag;

tag.id=3;
tag.hammingDistance=0;
tag.familyName='Tag36h11';
tag.H=[0.03982529643684174, -14.51255148121588, 559.5341945212144;
  -27.39212754906513, -2.073888231808265, 764.3698512605439;
  -0.009781495473245824, 0.008540965878376191, 0.9993935830825741];
tag.p=[573.6431663019124, 793.3328046525551;
  585.1630514676427, 753.3109430836593;
  546.0700304746897, 736.2636751065384;
  535.4949651467339, 775.9414768947968]';
tag.c=[559.8737114114364;
  764.8336593305788];
tag.uH=[0.8383007592310345, -14.57874127804313, 558.6882444001568;
  -27.04174583182201, -2.018042679818416, 767.0408364252527;
  -0.008654100555996363, 0.008715192827377533, 0.9995099210808501]';
tag.up=[572.7403399682827, 796.5432415993624;
  584.5456898968844, 755.5133000300831;
  545.177654882103, 738.3013542081176;
  534.2541956120988, 778.9201528662181]';
tag.uc=[558.969, 767.403];
tags{5}=tag;

tag.id=11;
tag.hammingDistance=0;
tag.familyName='Tag36h11';
tag.H=[-5.221531487639674, 2.348818444007791, 470.2320440897594;
  -1.574706910453484, 25.08282453731165, 871.1828653881342;
  0.01219039163858403, 0.01927922218721694, 0.9994816208523951];
tag.p=[488.738521525791, 875.686191501949;
  466.2082379865894, 850.9990622582695;
  453.3282616340339, 867.8305558208714;
  474.6835090940351, 891.9796876475074]';
tag.c=[470.4759290008034;
  871.6347026423127];
tag.uH=[-5.146477239288377, 1.682254149519464, 467.0595027610381;
  -1.473023401551234, 24.97128684546513, 878.0143743689237;
  0.01264056204840671, 0.01851858964692718, 0.9995818029537729]';
tag.up=[485.8659275988986, 882.3819586865573;
  463.1450635983184, 856.9669210037125;
  449.7688012486801, 874.6282941655027;
  471.3131709411325, 899.5485029062622]';
tag.uc=[467.259, 878.374];
tags{6}=tag;

tag.id=10;
tag.hammingDistance=0;
tag.familyName='Tag36h11';
tag.H=[6.591614524890269, 18.08041841593495, 588.3082226651682;
  31.33530367744999, 8.361369821360327, 951.0715382791648;
  0.01905654299100859, 0.0002333316944470587, 0.999504195353868];
tag.p=[575.0132168442479, 929.7710159538211;
  566.4380777803553, 956.5150321733645;
  601.6723827047142, 972.4911450846323;
  611.6127836747811, 946.3807492048213]';
tag.c=[588.6000533063109;
  951.5433178771641];
tag.uH=[5.789106045416064, 18.17263184463469, 586.8435542521036;
  31.27050575940437, 8.337501783988793, 960.6475370328337;
  0.01802556324559714, -0.0001491772430911826, 0.9996054981703603]';
tag.up=[573.3559915972453, 938.1834623132395;
  564.4248040808548, 966.4020109036453;
  600.3092082780807, 983.0720804534074;
  610.5651964872601, 955.4610488890806]';
tag.uc=[587.077, 961.013];
tags{7}=tag;

tag.id=4;
tag.hammingDistance=0;
tag.familyName='Tag36h11';
tag.H=[-14.56356282265445, -20.05432241780124, 718.0817474541602;
  -31.89852726122013, -1.799179709953223, 1014.314082662803;
  -0.01872021670233039, -0.001443309220889912, 0.9996073713711005];
tag.p=[738.106602857265, 1027.693369574072;
  736.5876694735002, 1001.918164295154;
  697.8081136455252, 1001.197138814235;
  700.7591745474774, 1027.072059165466]';
tag.c=[718.3637976470815;
  1014.712487835629];
tag.uH=[-13.91839336455711, -20.35741628910477, 719.3318322127913;
  -31.9453882132693, -1.689152772840811, 1027.555365104299;
  -0.01768556860861676, -0.001223813109908574, 0.9996912336798276]';
tag.up=[739.8449919546974, 1041.814711462149;
  738.151200237833, 1014.31294283731;
  698.4784062325397, 1013.399689403509;
  701.5616557623858, 1040.999601174788]';
tag.uc=[719.554, 1027.86];
tags{8}=tag;

tag.id=13;
tag.hammingDistance=0;
tag.familyName='Tag36h11';
tag.H=[-6.394597769470871, 8.101893981841995, 857.7181883003551;
  11.01820452135453, -2.938592441685847, 1059.058626626373;
  0.002335742894120408, -0.005636391145466362, 0.9998822646348997];
tag.p=[853.294928663772, 1047.644453515406;
  836.6503114517668, 1064.653212805962;
  862.373407640664, 1070.798639230901;
  879.3283314166703, 1053.625522542143]';
tag.c=[857.819183955168;
  1059.183329962434];
tag.uH=[-6.528140816676496, 8.443933716501768, 863.3039766483777;
  11.60165372731387, -2.754847226571671, 1076.719299021403;
  0.002351342055668218, -0.005766023726402658, 0.9999002679586239]';
