% AprilTagFinder log 78
% @ Wed Mar  7 16:05:45 2018

K=[1664.010615128407, 0, 667.9657771371558;
  0, 1668.819944196452, 457.9230104705811;
  0, 0, 1];
distCoeffs=[-0.2237256636237109;
  0.2343996528647796;
  0;
  0;
  0];
tags={};

tag.id=1;
tag.hammingDistance=0;
tag.familyName='Tag36h11';
tag.H=[22.41399054804539, 1.016462774392347, 334.9754899867025;
  -3.792942816558801, -28.13722715886714, 180.3626463547418;
  -0.0143076525655069, 0.002248877878156453, 0.9921489056820944];
tag.p=[310.2396473901179, 211.4032988196883;
  365.2888509642763, 209.828342136254;
  365.6867179606999, 151.4477818776362;
  310.8716885847683, 154.6718758765392]';
tag.c=[337.6262253259349;
  181.7898959740765];
tag.uH=[23.72302353196836, 0.1458613233851989, 330.5187411780975;
  -3.188531846590752, -29.16836561597848, 176.5502016446557;
  -0.01314805405891094, 0.0008102412541223477, 0.9931053388109956]';
tag.up=[304.9677649105022, 207.7702878633702;
  361.6445371952543, 206.8412138233566;
  361.3145106046722, 147.0148805296401;
  304.7958943862967, 149.5121951556523]';
tag.uc=[332.844, 177.792];
tags{1}=tag;

tag.id=0;
tag.hammingDistance=0;
tag.familyName='Tag36h11';
tag.H=[23.46800254201235, -1.902500141012368, 266.6330895805933;
  -2.535336565751046, -29.63026909619769, 183.451599280324;
  -0.007926352142378388, -0.009858236455270737, 0.9920165165501582];
tag.p=[242.6889670948836, 213.5244295565633;
  293.7814397709879, 211.8284325704956;
  295.8213375199936, 155.2874518661331;
  243.678751332999, 157.9225266799291]';
tag.c=[268.7788813313692;
  184.9279686575142];
tag.uH=[24.93686243722439, -2.528115829674966, 259.6503795241435;
  -1.882666739117502, -30.5974407723225, 178.6797467374476;
  -0.006606648510561766, -0.0109556752267923, 0.9928131826061224]';
tag.up=[234.7877216194292, 208.9837324481026;
  287.935241442852, 207.9834888723982;
  289.198687837281, 149.901776110152;
  234.8979315818265, 151.7138754291925]';
tag.uc=[261.561, 179.992];
tags{2}=tag;

tag.id=25;
tag.hammingDistance=0;
tag.familyName='Tag36h11';
tag.H=[22.10719083454484, 3.334260896755797, 334.8578599496121;
  -4.289969887401008, -26.68862167383279, 254.5187599758926;
  -0.01594699549703077, 0.008264523096069964, 0.995023481421634];
tag.p=[308.581401196163, 284.7268937106944;
  364.2629092219582, 285.2430979069363;
  364.9188156767513, 226.4062430024906;
  310.1197761137063, 227.7395381694164]';
tag.c=[336.5326207891957;
  255.7917121837671];
tag.uH=[23.44572873624562, 2.71457067409172, 331.1694896629013;
  -3.619256576162261, -27.48528768789264, 252.3091550888893;
  -0.01454411412346681, 0.007330897145807641, 0.9957802669612272]';
tag.up=[304.0850074507278, 282.5599716398788;
  361.329285325766, 283.5750928552667;
  361.4483060336886, 223.7549008799473;
  305.052389081626, 224.4799551666662]';
tag.uc=[332.601, 253.394];
tags{3}=tag;

tag.id=24;
tag.hammingDistance=0;
tag.familyName='Tag36h11';
tag.H=[24.44793563489305, 0.2440328082348641, 265.7951739226084;
  -1.5904610080011, -28.2696784179068, 255.2941734137741;
  -0.004785875168128342, -0.001071781117172786, 0.9947104873232663];
tag.p=[240.9663020151104, 284.9923962312729;
  292.6338367304019, 284.5352341723385;
  293.761754275226, 227.9753133246691;
  241.9724790463655, 228.9756885684896]';
tag.c=[267.2085770783966;
  256.651736024984];
tag.uH=[25.93248532629546, -0.2560050811773485, 259.6869648979135;
  -0.8664128865261016, -29.07598867900781, 252.302721836662;
  -0.003176630417208252, -0.001813444287535109, 0.9953526116031988]';
tag.up=[233.9188451306216, 282.1382450698192;
  287.6017461480776, 282.2106172072728;
  288.1287988173121, 224.5138723552044;
  234.26548876295, 224.8336168663725]';
tag.uc=[260.928, 253.497];
tags{4}=tag;

