% AprilTagFinder log 48
% @ Fri Mar 16 13:46:33 2018

K=[1664.010615128407, 0, 667.9657771371558;
  0, 1668.819944196452, 457.9230104705811;
  0, 0, 1];
distCoeffs=[-0.2237256636237109;
  0.2343996528647796;
  0;
  0;
  0];
tags={};

tag.id=1;
tag.hammingDistance=0;
tag.familyName='Tag36h11';
tag.H=[17.24830090054565, -16.44662983694855, 960.1036201530619;
  -6.181129290367932, -5.792034538755733, 273.2317949796685;
  0.01776395942509602, -0.0002931803961245699, 0.9992555138683832];
tag.p=[977.1000862489225, 290.4964282780812;
  976.8860608252867, 268.1994559278375;
  945.0973166813429, 256.9606323507566;
  944.1604408641616, 278.8639860894518]';
tag.c=[960.8189365263005;
  273.435363815923];
tag.uH=[16.95246079730901, -16.33333135229008, 963.0216924779205;
  -6.502558556278634, -5.617869684174596, 271.5188032827883;
  0.01730636482898869, 0.0001610908099048053, 0.9993950280505672]';
tag.up=[980.123347389684, 288.8590355172211;
  980.0931754333262, 266.229804806199;
  947.6683563887739, 255.0962388042998;
  946.5338367082709, 277.3252961720518]';
tag.uc=[963.596, 271.686];
tags{1}=tag;

tag.id=2;
tag.hammingDistance=0;
tag.familyName='Tag36h11';
tag.H=[-13.91817202602727, -5.853554578973333, 502.856097475005;
  7.609739499701832, 9.462913811976737, 331.0591687301282;
  0.003766374998173829, -0.01093716668234463, 0.9992044974246149];
tag.p=[519.3170278881036, 311.9974415275103;
  488.004297179308, 324.690190550622;
  486.963666732911, 350.9274130781319;
  518.9641634587338, 338.1533975157844]';
tag.c=[503.2564392685222;
  331.3227368205526];
tag.uH=[-14.10903479042756, -5.695521129503946, 502.3579702859751;
  7.540032395561195, 9.621079104522192, 330.669240304376;
  0.003600049045865735, -0.01071514273996504, 0.999358298915633]';
tag.up=[518.8005725245407, 311.4904474011396;
  487.2820148881208, 324.1554555259064;
  486.3221617826928, 350.5482008953263;
  518.5274477903562, 337.8023592600125]';
tag.uc=[502.687, 330.885];
tags{2}=tag;

tag.id=16;
tag.hammingDistance=0;
tag.familyName='Tag36h11';
tag.H=[2.55656300431114, -13.97089633869083, 494.2127537236655;
  -8.537765034878076, 12.68622557517322, 446.6101681884717;
  0.01526698311726313, 0.004623797316019042, 0.9991413388509233];
tag.p=[516.3408718143412, 451.8370746330183;
  505.7912857622751, 421.2643065855559;
  473.7813570865813, 442.3399618114013;
  483.2434870079686, 473.2777267769067]';
tag.c=[494.63747971037;
  446.9939845568817];
tag.uH=[2.453428777592364, -14.3109234731199, 493.8689453284767;
  -8.630643256960822, 12.5106141674306, 446.6579554649311;
  0.01515537185439273, 0.004178441076275126, 0.9993101617544087]';
tag.up=[516.0596754952777, 451.8257879466264;
  505.4305566556904, 421.182765639203;
  473.189160448632, 442.2924387968229;
  482.733199966555, 473.3201434920211]';
tag.uc=[494.217, 446.967];
tags{3}=tag;

tag.id=0;
tag.hammingDistance=0;
tag.familyName='Tag36h11';
tag.H=[5.610283848524546, -30.39174009856102, 911.8897283236;
  -21.21858964149117, -9.721322790965191, 639.5379846310778;
  0.002884071425467207, -0.00995274373686425, 0.99947562121666];
tag.p=[930.5811881268463, 666.1186212813642;
  936.3628443223155, 620.402056925264;
  893.8956675506396, 613.2545452951271;
  887.7490921721198, 659.8516574521952]';
tag.c=[912.3681548265862;
  639.8735207293695];
tag.uH=[6.127125310393872, -29.91524985656776, 913.7992469815507;
  -21.05163053179366, -9.30982291729347, 640.9532514556003;
  0.003563501099256259, -0.008992214740808909, 0.9995770113004459]';
tag.up=[932.9176839079586, 667.9709427596517;
  938.4622452659403, 621.6729674721773;
  895.2501012440132, 614.185746846302;
  889.3056361693166, 661.2817515577068]';
tag.uc=[914.172, 641.216];
tags{4}=tag;

tag.id=3;
tag.hammingDistance=0;
tag.familyName='Tag36h11';
tag.H=[0.4581556004879612, -14.68881583753794, 559.5532298041247;
  -26.83848974357348, -2.328657258002655, 764.3677287090853;
  -0.009068279150212974, 0.008221813603071945, 0.999402966482355];
tag.p=[573.6408056508194, 793.3369920546589;
  585.1671601249062, 753.332856145428;
  546.1108801117855, 736.2633772039392;
  535.4676649168716, 775.9249992202584]';
tag.c=[559.8875014085761;
  764.8243544838233];
tag.uH=[1.256268121357228, -14.75443013884904, 558.7060835891627;
  -26.48592783079139, -2.273673297955094, 767.0365486301021;
  -0.007940630655420299, 0.008396294268860186, 0.9995168275444098]';
tag.up=[572.7379330406957, 796.5475532904891;
  584.5497500734441, 755.5356587356396;
  545.2189003052789, 738.3008331660915;
  534.2266724443982, 778.9034422158372]';
tag.uc=[558.983, 767.394];
tags{5}=tag;

tag.id=6;
tag.hammingDistance=0;
tag.familyName='Tag36h11';
tag.H=[20.09803988400999, 34.36325074787101, 1086.660764083398;
  33.46911907326097, 17.95873041651417, 769.9470294954815;
  0.02280701536303065, 0.02164649903614497, 0.9993685435083106];
tag.p=[1080.933320752615, 752.4430531541969;
  1071.828491814299, 785.0420839166892;
  1093.215118487577, 786.8916667960037;
  1102.902345972785, 755.7909977632502]';
tag.c=[1087.347376643101;
  770.4335247460975];
tag.uH=[19.94346395998694, 34.39100108963682, 1095.600009806537;
  33.77928457605308, 17.86094566030954, 776.6026716648723;
  0.02241160668754832, 0.02101975439317795, 0.9995075309025873]';
tag.up=[1089.101913397018, 758.2687270878725;
  1080.18645667968, 791.8118341889916;
  1102.589350929755, 794.1434796754604;
  1112.14867812748, 762.1233840147254]';
tag.uc=[1096.13, 776.979];
tags{6}=tag;

tag.id=11;
tag.hammingDistance=0;
tag.familyName='Tag36h11';
tag.H=[-4.693441972896378, 2.300723152090043, 470.2182685935424;
  -0.5885938511486795, 24.97739560613534, 871.1637381345035;
  0.01332001515713616, 0.01914283423804978, 0.9994699130461293];
tag.p=[488.7358171200962, 875.6657197337432;
  466.1857376546325, 851.0040977454125;
  453.3488680657532, 867.8400109817419;
  474.6999739158778, 892.00856520115]';
tag.c=[470.4676573609275;
  871.6257755867995];
tag.uH=[-4.621759216590435, 1.634633703977592, 467.0465470054933;
  -0.4785117270484352, 24.86504246981589, 877.9965175566484;
  0.01377098357249624, 0.01838188588817409, 0.9995719500468982]';
tag.up=[485.8633938327112, 882.3606600557106;
  463.1220249479833, 856.9724161425933;
  449.7897675248781, 874.6378715256556;
  471.3296586151145, 899.5784775320642]';
tag.uc=[467.25, 878.365];
tags{7}=tag;

tag.id=10;
tag.hammingDistance=0;
tag.familyName='Tag36h11';
tag.H=[7.792106616036031, 18.16969218078379, 588.2615288895189;
  33.33190586740254, 8.521474075019393, 951.0521761745323;
  0.02117068663998961, 0.0004137568849803879, 0.9994618748197208];
tag.p=[575.0206642443834, 929.7676448348877;
  566.4313779882319, 956.5228592053797;
  601.5626486779863, 972.4392892642145;
  611.6645445320446, 946.3952839442394]';
tag.c=[588.5782576705362;
  951.564236851035];
tag.uH=[6.986330349991386, 18.26322173271558, 586.8024178601646;
  33.28802824366914, 8.501551120242912, 960.638888841813;
  0.0201410872700585, 3.404820165223619e-05, 0.9995734270395668]';
tag.up=[573.3636028151284, 938.1798735134203;
  564.4179045438317, 966.4103216144204;
  600.1974012653635, 983.0177369168312;
  610.6178855116143, 955.4761492753275]';
tag.uc=[587.055, 961.035];
tags{8}=tag;

tag.id=4;
tag.hammingDistance=0;
tag.familyName='Tag36h11';
tag.H=[-13.82695425077129, -20.18123466877099, 718.1018989980561;
  -30.82559453106236, -1.953751377096727, 1014.303034995611;
  -0.01764849981412858, -0.001613367140290283, 0.9996263966343588];
tag.p=[738.1673877255978, 1027.671451642485;
  736.5419010524417, 1001.870622430822;
  697.7952479592975, 1001.182375914692;
  700.7724503111315, 1027.089092229495]';
tag.c=[718.370284554142;
  1014.682123652064];
tag.uH=[-13.18016349153258, -20.48455805439497, 719.3486777709012;
  -30.85766715167006, -1.844954728861822, 1027.53779821534;
  -0.01661218972129646, -0.00139403369311255, 0.9997056060915083]';
tag.up=[739.9072045922636, 1041.791611271282;
  738.1041109369149, 1014.262112172785;
  698.465216419188, 1013.383954767962;
  701.5753020304278, 1041.017842788324]';
