% AprilTagFinder log 22
% @ Fri Mar 16 13:46:25 2018

K=[1664.010615128407, 0, 667.9657771371558;
  0, 1668.819944196452, 457.9230104705811;
  0, 0, 1];
distCoeffs=[-0.2237256636237109;
  0.2343996528647796;
  0;
  0;
  0];
tags={};

tag.id=1;
tag.hammingDistance=0;
tag.familyName='Tag36h11';
tag.H=[15.55763779458509, -16.68144660315156, 960.1487397392547;
  -6.679838077399967, -5.861510817744887, 273.2530055627522;
  0.0160246227218611, -0.0005280774520148699, 0.9992828787968432];
tag.p=[977.1151679872792, 290.5044974890926;
  976.9177657101891, 268.1877696970781;
  945.0575250012783, 256.9146067455876;
  944.2160987075156, 278.8876731214714]';
tag.c=[960.8377768818507;
  273.4491017115737];
tag.uH=[15.25685700070287, -16.56965950832925, 963.0613825318416;
  -6.998308468884828, -5.687117181659674, 271.5383572845492;
  0.01556717044512105, -7.461320597399345e-05, 0.9994163169779489]';
tag.up=[980.138735558379, 288.867097572953;
  980.1257817607416, 266.2176457934639;
  947.6281168172923, 255.0498433177758;
  946.5904532262773, 277.3488754113496]';
tag.uc=[963.615, 271.7];
tags{1}=tag;

tag.id=2;
tag.hammingDistance=0;
tag.familyName='Tag36h11';
tag.H=[-14.47035584699359, -6.505133997809082, 502.8635243488003;
  7.213802238589039, 9.060453675648761, 331.0077628654118;
  0.002649099577577823, -0.01218588342965508, 0.9991939236943463];
tag.p=[519.3051131235587, 312.0094437461045;
  488.0514739066117, 324.607226927133;
  486.9242236566905, 350.9114468016663;
  518.9456051889063, 338.1433342497288]';
tag.c=[503.2691977244513;
  331.2747956288285];
tag.uH=[-14.66081813427652, -6.346970087358929, 502.3664447153246;
  7.144350359234571, 9.218915725082446, 330.6183032594358;
  0.002482395196728542, -0.01196472746599764, 0.9993499022627087]';
tag.up=[518.7886156548013, 311.5024906232283;
  487.3293092325524, 324.0721057742236;
  486.2823236913218, 350.5320271728984;
  518.5087406856662, 337.7921905886636]';
tag.uc=[502.7, 330.837];
tags{2}=tag;

tag.id=16;
tag.hammingDistance=0;
tag.familyName='Tag36h11';
tag.H=[3.153307330702828, -13.83278586791119, 494.2006040328412;
  -7.984598915154995, 12.81304936774305, 446.5794778346306;
  0.0164759598579234, 0.004901344191325723, 0.9991212186711318];
tag.p=[516.3725133132626, 451.8064707698829;
  505.7769903310391, 421.275931972878;
  473.8087461476109, 442.3405994590602;
  483.2323956989362, 473.2709572343927]';
tag.c=[494.6352802817523;
  446.9722687189026];
tag.uH=[3.049732296484738, -14.17296084058631, 493.8588750805822;
  -8.077456164441681, 12.63750764597425, 446.6290983190842;
  0.01636454040418478, 0.004456041746412341, 0.9992942686181541]';
tag.up=[516.0914879054271, 451.795131855339;
  505.4161801577653, 421.1944057527051;
  473.2167983583024, 442.2930916572394;
  482.7220205163471, 473.3133600263026]';
tag.uc=[494.215, 446.946];
tags{3}=tag;

tag.id=0;
tag.hammingDistance=0;
tag.familyName='Tag36h11';
tag.H=[5.703968109264697, -30.54610946754572, 911.8940125429639;
  -21.16165341422699, -9.849341065868837, 639.5313551773343;
  0.002983325962283146, -0.0101160899403407, 0.9994733308378154];
tag.p=[930.5885973923012, 666.1417540692369;
  936.371330526062, 620.4186759433024;
  893.8986279596943, 613.217257279816;
  887.7403606356385, 659.834630327238]';
tag.c=[912.3745320733694;
  639.8683541073003];
tag.uH=[6.221485218765192, -30.06904959155506, 913.8040839221253;
  -20.99429681930067, -9.43760789358682, 640.946930765296;
  0.003663285681841748, -0.009154322138347921, 0.9995752470634965]';
tag.up=[932.9254343230825, 667.9944995741764;
  938.4710062625303, 621.6898426601102;
  895.2528979239662, 614.1481105546377;
  889.2966585906298, 661.2644346115632]';
tag.uc=[914.178, 641.211];
tags{4}=tag;

tag.id=6;
tag.hammingDistance=0;
tag.familyName='Tag36h11';
tag.H=[15.33282362086838, 30.53256403251553, 1045.874911601741;
  31.95795284255388, 18.56434842213487, 728.6082958155692;
  0.021257618072386, 0.01793334738151381, 0.9994285231607152];
tag.p=[1041.418882152999, 706.1648329713814;
  1027.845723801234, 739.9649293281435;
  1051.145593957, 750.1598088819979;
  1065.224497719442, 718.0118844205048]';
tag.c=[1046.472946653692;
  729.0249166707082];
tag.uH=[15.08974862971369, 30.22262590054017, 1052.381403873385;
  32.15459401018045, 18.31112902061496, 733.2645644803059;
  0.02091308466834318, 0.01702521957928924, 0.999555146335646]';
tag.up=[1047.267837479632, 710.0527517234494;
  1033.692984853335, 744.5474928815806;
  1058.026090863299, 755.4073044418219;
  1072.163137555272, 722.5546746177852]';
tag.uc=[1052.84, 733.585];
tags{5}=tag;

tag.id=3;
tag.hammingDistance=0;
tag.familyName='Tag36h11';
tag.H=[0.45115154691897, -14.43691931794185, 559.5336251374429;
  -26.83821064249901, -1.944205586415004, 764.3543774906377;
  -0.009064123158797252, 0.008690161525153003, 0.9993989340529402];
tag.p=[573.6496712231901, 793.3169594229424;
  585.1625599666307, 753.2872235486492;
  546.0803007209022, 736.2898641866985;
  535.460680101792, 775.938539059845]';
tag.c=[559.8701440157863;
  764.8140811906733];
tag.uH=[1.249110550664974, -14.5043906678582, 558.6867834207492;
  -26.48575978264164, -1.888962964613474, 767.0236209145296;
  -0.007936599441843111, 0.008862539908759497, 0.9995135427985381]';
tag.up=[572.7469934024004, 796.5269379946036;
  584.545284617063, 755.4890830186996;
  545.1878856813278, 738.3279968180788;
  534.2195151156752, 778.9173658971331]';
tag.uc=[558.965, 767.383];
tags{6}=tag;

tag.id=11;
tag.hammingDistance=0;
tag.familyName='Tag36h11';
tag.H=[-5.269637568861136, 2.583115288446863, 470.2297568687219;
  -1.68125940610018, 25.53045807272328, 871.1784771924059;
  0.01206690183154117, 0.01977470360264309, 0.9994736244897745];
tag.p=[488.735665868832, 875.6730470254355;
  466.215908452991, 850.9738290840305;
  453.3465821335545, 867.850730687863;
  474.6736757258258, 891.9844739457415]';
tag.c=[470.4774046526455;
  871.6372857134049];
tag.uH=[-5.193461962965814, 1.914291049685445, 467.0581493233294;
  -1.579501568884684, 25.42199469257204, 878.0117225220986;
  0.01251822236733905, 0.01901302154500481, 0.9995757583977499]';
tag.up=[485.8631582152171, 882.3682957691312;
  463.1531953173729, 856.9406329931689;
  449.7872890236789, 874.6490644067642;
  471.3030531553687, 899.5536263067145]';
tag.uc=[467.26, 878.377];
tags{7}=tag;

tag.id=10;
tag.hammingDistance=0;
tag.familyName='Tag36h11';
tag.H=[6.635110926613504, 17.50172092693877, 588.2854909562599;
  31.42187792549472, 7.425450534336549, 951.0530859370014;
  0.01913812737094878, -0.0007499771500045989, 0.999502278191297];
tag.p=[575.0081901988012, 929.7651837551922;
  566.4354802128109, 956.5025625745901;
  601.6583963414419, 972.501938092621;
  611.620490046329, 946.3487600147905]';
tag.c=[588.5784392816227;
  951.5266815179556];
tag.uH=[5.831919793675113, 17.5954223651785, 586.8205720456324;
  31.35766079726179, 7.392228416359803, 960.6284335967904;
  0.01810643049716281, -0.001132489109164328, 0.9996037324168792]';
tag.up=[573.3509063102792, 938.1773688975234;
  564.4222417998059, 966.3888678119579;
  600.2948729408088, 983.0835717036209;
  610.5731774717517, 955.4273263981761]';
tag.uc=[587.056, 960.996];
tags{8}=tag;

tag.id=4;
tag.hammingDistance=0;
tag.familyName='Tag36h11';
tag.H=[-14.61413898220565, -19.99408682923352, 718.0909758141902;
  -31.96500462036795, -1.711665967970748, 1014.32644541721;
  -0.01878458177116317, -0.001370022612930964, 0.9996064052928396];
tag.p=[738.113336833783, 1027.694828553567;
  736.5881996561268, 1001.915369830862;
  697.8217298376587, 1001.223106557172;
  700.7830250105432, 1027.097592460554]';
tag.c=[718.3737239096843;
  1014.725836135532];
tag.uH=[-13.96907449530253, -20.29773415657873, 719.3415246387267;
  -32.01271211810931, -1.60099619315416, 1027.568882191006;
  -0.01774981966846926, -0.001151705863745817, 0.9996905070926706]';
tag.up=[739.8519053655589, 1041.816308438196;
  738.1517282757283, 1014.309971937327;
  698.4923890116517, 1013.427345937066;
  701.5861588853668, 1041.026956350187]';
