% AprilTagFinder log 35
% @ Wed Mar  7 16:07:35 2018

K=[1664.010615128407, 0, 667.9657771371558;
  0, 1668.819944196452, 457.9230104705811;
  0, 0, 1];
distCoeffs=[-0.2237256636237109;
  0.2343996528647796;
  0;
  0;
  0];
tags={};

tag.id=28;
tag.hammingDistance=0;
tag.familyName='Tag16h5';
tag.H=[19.48553405024678, 8.570116832857604, 438.489665103125;
  2.439894737631756, -18.21411938765954, 65.74477841196416;
  -0.0005067497470736518, 0.01601536072579198, 0.979242029618642];
tag.p=[425.879196758839, 84.58667250227379;
  466.8077115504915, 89.74447377583846;
  469.0073038867941, 50.23425140186733;
  429.3930968898348, 45.28257493037373]';
tag.c=[447.7847680556474;
  67.13843607955425];
tag.uH=[20.20792741456558, 7.434424482512204, 434.7682908061506;
  2.823362671554844, -19.13682264561666, 59.71530921130452;
  6.201493477001876e-05, 0.0140668282361336, 0.9784807677809193]';
tag.up=[422.15194339727, 78.83864996209968;
  464.0426133511527, 84.68352925998835;
  465.8304064200387, 43.72442367374498;
  425.2061318560555, 38.04071021502062]';
tag.uc=[444.343, 61.0304];
tags{1}=tag;

