% AprilTagFinder log 34
% @ Wed Mar  7 16:07:35 2018

K=[1664.010615128407, 0, 667.9657771371558;
  0, 1668.819944196452, 457.9230104705811;
  0, 0, 1];
distCoeffs=[-0.2237256636237109;
  0.2343996528647796;
  0;
  0;
  0];
tags={};

tag.id=28;
tag.hammingDistance=0;
tag.familyName='Tag16h5';
tag.H=[18.13470736851507, 5.898955704506446, 436.3163371415237;
  2.151605449732366, -18.06096854197629, 69.30543915942205;
  -0.002391845726122881, 0.0101643336225215, 0.9820805465113077];
tag.p=[423.1543303199293, 87.4618674229264;
  462.651691899432, 92.33188580201173;
  465.0690397590212, 53.94343827932848;
  426.367310246723, 49.35758341847696]';
tag.c=[444.2775479989613;
  70.57001526567154];
tag.uH=[18.85449860331394, 4.832405861434854, 432.6924883239305;
  2.537208362009291, -18.92686536633342, 63.36023433895456;
  -0.001830315249630254, 0.008301279473285671, 0.9816364995473498]';
tag.up=[419.399765284607, 81.78026849152218;
  459.8325453390104, 87.31199171906707;
  461.8505842243319, 47.53530029336747;
  422.1605880872119, 42.24362587681065]';
tag.uc=[440.8, 64.5474];
tags{1}=tag;

