% AprilTagFinder log 18
% @ Fri Mar 16 13:46:24 2018

K=[1664.010615128407, 0, 667.9657771371558;
  0, 1668.819944196452, 457.9230104705811;
  0, 0, 1];
distCoeffs=[-0.2237256636237109;
  0.2343996528647796;
  0;
  0;
  0];
tags={};

tag.id=1;
tag.hammingDistance=0;
tag.familyName='Tag36h11';
tag.H=[16.72020163492359, -15.47351814739548, 960.0978589186373;
  -6.331304282732668, -5.520979476299567, 273.2385905681672;
  0.01720382758432883, 0.0007226891189853137, 0.9992650434693297];
tag.p=[977.0850214053929, 290.512261112087;
  976.9089919796269, 268.2050600897608;
  945.0968529890281, 256.9686153950894;
  944.1588678973681, 278.8496168682054]';
tag.c=[960.8040080990838;
  273.4395567561488];
tag.uH=[16.42244116631861, -15.35700846786655, 963.0131957176236;
  -6.651919951644199, -5.348553792519179, 271.5250967999111;
  0.0167456395177356, 0.001177318671846485, 0.9994020855584042]';
tag.up=[980.1077860636522, 288.8752122839835;
  980.1166320988641, 266.2352906313467;
  947.6678142135867, 255.1043497003974;
  946.5323416495614, 277.310744196693]';
tag.uc=[963.581, 271.69];
tags{1}=tag;

tag.id=2;
tag.hammingDistance=0;
tag.familyName='Tag36h11';
tag.H=[-14.72960480057439, -7.340093117499678, 502.8569336877196;
  7.054355887987209, 8.501175870410613, 330.9904548756589;
  0.002130653928994326, -0.01387074011450393, 0.9991729633491869];
tag.p=[519.2599223517859, 312.0297272475112;
  488.0614038333027, 324.6177688526494;
  486.9062463776462, 350.9565000807777;
  518.980065433674, 338.1274288605071]';
tag.c=[503.2731590356124;
  331.2644226943375];
tag.uH=[-14.91972425465772, -7.180857430270825, 502.3620815565691;
  6.985285319977494, 8.660483803925569, 330.602416266045;
  0.001964086742143264, -0.01364953558907999, 0.9993333567885164]';
tag.up=[518.7431782732051, 311.5227566892971;
  487.3393701979625, 324.0827575772273;
  486.2643270774635, 350.5772664264963;
  518.5433791413052, 337.7763006363484]';
tag.uc=[502.704, 330.826];
tags{2}=tag;

tag.id=16;
tag.hammingDistance=0;
tag.familyName='Tag36h11';
tag.H=[3.055275300419052, -14.08625688396153, 494.2146188623424;
  -8.070977588247217, 12.59224556397173, 446.5800869501041;
  0.01627505107203551, 0.004393578009230369, 0.9991267843122323];
tag.p=[516.3691443980258, 451.7912356405584;
  505.788303227511, 421.2793126969385;
  473.8044816959367, 442.344953704716;
  483.2366193506585, 473.2798472458627]';
tag.c=[494.6465519914415;
  446.9703885053146];
tag.uH=[2.951822268574666, -14.42626690025405, 493.8723211033817;
  -8.163779131366853, 12.41666065054534, 446.6291190902735;
  0.01616366748907981, 0.003948152229532931, 0.999298522519518]';
tag.up=[516.0880980576489, 451.7798678888818;
  505.4275691282222, 421.1978054999627;
  473.212497306328, 442.2974572847685;
  482.7262748864582, 473.3222730151879]';
tag.uc=[494.226, 446.944];
tags{3}=tag;

tag.id=0;
tag.hammingDistance=0;
tag.familyName='Tag36h11';
tag.H=[5.044977018532384, -30.68314633294786, 911.9035741954673;
  -21.62924444479614, -9.947157969187089, 639.548474963743;
  0.002266354993679357, -0.01028639537016043, 0.9994735210406973];
tag.p=[930.5684715156901, 666.1331675744873;
  936.3706499751041, 620.4052268492516;
  893.9051828102973, 613.2129085294591;
  887.7870208801885, 659.8610352406711]';
tag.c=[912.3839251348568;
  639.8853611427505];
tag.uH=[5.56153100575167, -30.20717683656494, 913.8143589509745;
  -21.46269775301313, -9.536189970602496, 640.9646312621512;
  0.002946828175232886, -0.009325869824797415, 0.9995759169035108]';
tag.up=[932.9048407387022, 667.9856078326777;
  938.4702214669518, 621.6762284739011;
  895.2595209338897, 614.1437555790179;
  889.3441862702082, 661.2915198369119]';
tag.uc=[914.188, 641.229];
tags{4}=tag;

tag.id=6;
tag.hammingDistance=0;
tag.familyName='Tag36h11';
tag.H=[15.79733106341501, 31.35668466965484, 1044.818031562206;
  31.9763309796024, 17.36723325420622, 725.9250347785724;
  0.02072142103688494, 0.01822519402879821, 0.9994323394018911];
tag.p=[1038.707802261843, 704.4159568455319;
  1027.27750506597, 739.1087122681661;
  1051.612267946226, 746.6143219455921;
  1063.636247083385, 713.5020270709141]';
tag.c=[1045.411470462799;
  726.3373478718942];
tag.uH=[15.53793195369006, 31.09611570758683, 1051.243427346733;
  32.1534853058712, 17.11888190617717, 730.4911346455704;
  0.02032245666793469, 0.01736634013189233, 0.9995584438471451]';
tag.up=[1044.43459372985, 708.2234931013674;
  1033.091808270605, 743.6587973335301;
  1058.453555099499, 751.7623428652947;
  1070.442962416098, 717.8987504636141]';
tag.uc=[1051.7, 730.808];
tags{5}=tag;

tag.id=3;
tag.hammingDistance=0;
tag.familyName='Tag36h11';
tag.H=[0.09117453715450898, -14.78312119931393, 559.5475737620374;
  -27.33008968094725, -2.433954134481867, 764.3735963367933;
  -0.00970866051990924, 0.008052652750347243, 0.999398552359646];
tag.p=[573.6345882586845, 793.3010564875921;
  585.1671540409012, 753.3103180522168;
  546.0883973066702, 736.2716529474783;
  535.4844370390745, 775.9544576549754]';
tag.c=[559.8843148620823;
  764.8336037030039];
tag.uH=[0.8896594041394037, -14.84969329090955, 558.7011986972359;
  -26.97939738470111, -2.380166556590916, 767.0437829820956;
  -0.008581258915635432, 0.008225434139532991, 0.9995139114752475]';
tag.up=[572.7318228396858, 796.5106810649476;
  584.5498298494603, 755.5126461102906;
  545.1961567641423, 738.30938910591;
  534.2434558019329, 778.9335266958276]';
tag.uc=[558.979, 767.403];
tags{6}=tag;

tag.id=11;
tag.hammingDistance=0;
tag.familyName='Tag36h11';
tag.H=[-5.864118137761528, 2.277521034520974, 470.2587817655258;
  -2.799207803459754, 24.93562571554212, 871.2274424807847;
  0.01079757095550739, 0.01911530408346583, 0.9995011494447487];
tag.p=[488.7078272054894, 875.7232806771292;
  466.2276779311518, 850.9954818414715;
  453.3376984992346, 867.8372735799012;
  474.6888842929524, 891.987927141197]';
tag.c=[470.4934877031087;
  871.6622716890084];
tag.uH=[-5.783429777677162, 1.611789819555066, 467.0845936006882;
  -2.706154079122617, 24.82292304396627, 878.056927109048;
  0.01124926042530402, 0.01835490696188927, 0.999597825986222]';
tag.up=[485.8341832702901, 882.4209429736205;
  463.1649594985716, 856.9629729011456;
  449.7783719380218, 874.6351666317528;
  471.3185681984995, 899.5570470352734]';
tag.uc=[467.276, 878.403];
tags{7}=tag;

tag.id=10;
tag.hammingDistance=0;
tag.familyName='Tag36h11';
tag.H=[6.732247337662254, 18.54827380351903, 588.3192212821382;
  31.5998987285021, 9.11846584626001, 951.0798853121587;
  0.01933323976014828, 0.001026371463691138, 0.9994981873616132];
tag.p=[575.0347436640391, 929.7575878670114;
  566.4180892121218, 956.5302439620292;
  601.6522531615536, 972.4868028293253;
  611.6393776493888, 946.398968668671]';
tag.c=[588.6145955253118;
  951.557388836027];
tag.uH=[5.928729159631702, 18.63976501202259, 586.8557663380623;
  31.53775927051839, 9.102979106788005, 960.6581262214592;
  0.01830205932589774, 0.0006446006602295612, 0.999601156572227]';
tag.up=[573.3780155076175, 938.1692195935871;
  564.4042787472482, 966.4182136951067;
  600.2886732571676, 983.0675834110236;
  610.5922244001866, 955.4801311685995]';
tag.uc=[587.092, 961.028];
tags{8}=tag;

tag.id=4;
tag.hammingDistance=0;
tag.familyName='Tag36h11';
tag.H=[-14.98876310049183, -20.06106041418608, 718.0768538940939;
  -32.49680488163773, -1.819769667078021, 1014.311471003692;
  -0.01930348766132672, -0.001460438839255554, 0.9995963073508409];
tag.p=[738.0988129712199, 1027.703756735291;
  736.5895095591339, 1001.916140582188;
  697.7977473386276, 1001.187655442812;
  700.7833462058704, 1027.076945547856]';
tag.c=[718.3668533121755;
  1014.721106455314];
tag.uH=[-14.34415681958794, -20.36372588666609, 719.3289732005641;
  -32.55138495772915, -1.709602348152321, 1027.555970096337;
  -0.01826840903319081, -0.001240395693987793, 0.9996828747695378]';
tag.up=[739.8370605176705, 1041.82577458937;
  738.1530729113588, 1014.310798990948;
  698.4677842417996, 1013.389577000847;
  701.5864350442932, 1041.004886756662]';
