% AprilTagFinder log 39
% @ Wed Mar  7 16:07:41 2018

K=[1664.010615128407, 0, 667.9657771371558;
  0, 1668.819944196452, 457.9230104705811;
  0, 0, 1];
distCoeffs=[-0.2237256636237109;
  0.2343996528647796;
  0;
  0;
  0];
tags={};

tag.id=2;
tag.hammingDistance=0;
tag.familyName='Tag16h5';
tag.H=[-26.90107850884076, -9.613731182225681, 556.8627243207833;
  -0.506045608727451, 23.83528664814008, 170.573776881173;
  0.003536538543865338, -0.016744691555547, 0.9932097943091198];
tag.p=[589.5935536438791, 146.3055545002372;
  532.39285203247, 144.2858802914865;
  530.9663705673195, 197.8598909935239;
  590.1256194628946, 200.3385616459586]';
tag.c=[560.669787502588;
  171.7399263061282];
tag.uH=[-27.48714481601134, -8.386707698656995, 556.6370303558463;
  -0.7605868316215173, 24.76893381919142, 168.6338792615923;
  0.003039640239832784, -0.01480077148011674, 0.9942351077861501]';
tag.up=[588.9535449406297, 143.7608023544397;
  531.1432392037759, 141.3950008542835;
  530.0266048382235, 196.0759532874745;
  589.6774508459182, 198.8555062458467]';
tag.uc=[559.875, 169.621];
tags{1}=tag;

