% AprilTagFinder log 5
% @ Wed Mar  7 16:06:15 2018

K=[1664.010615128407, 0, 667.9657771371558;
  0, 1668.819944196452, 457.9230104705811;
  0, 0, 1];
distCoeffs=[-0.2237256636237109;
  0.2343996528647796;
  0;
  0;
  0];
tags={};

tag.id=1;
tag.hammingDistance=0;
tag.familyName='Tag16h5';
tag.H=[12.24796289117812, 0.7095291880032945, 463.1337742082384;
  -6.241452153853746, -11.37621791894708, 206.5240215092129;
  -0.004711846876784299, 0.01178768824033656, 0.9983775958869749];
tag.p=[454.1263849023281, 226.1084382825206;
  483.4329504615271, 215.5652475912869;
  473.5090145888008, 187.8817501017132;
  444.9753834321458, 198.4370812897023]';
tag.c=[463.886385387868;
  206.8596314260574];
tag.uH=[12.56245256719225, 0.07494374397679271, 461.5632441523089;
  -6.15524421428684, -11.88451561194772, 204.495937387986;
  -0.004429567748225497, 0.01085085065843372, 0.9986443580870319]';
tag.up=[452.4391562481496, 224.2793824450334;
  482.0738390932225, 213.7802470758766;
  471.8053668172456, 185.5159018513033;
  442.9115675242293, 196.0354926848028]';
tag.uc=[462.194, 204.777];
tags{1}=tag;

tag.id=0;
tag.hammingDistance=0;
tag.familyName='Tag16h5';
tag.H=[11.43055129994044, 1.108551667782388, 423.8631534513386;
  -6.346215771723272, -10.87057324217246, 220.6925977567073;
  -0.005876938048918178, 0.01278859214352873, 0.9985181924370106];
tag.p=[414.8057062745851, 239.9231727216116;
  443.1126941972092, 229.8477760026171;
  434.0454562041255, 202.3769330547839;
  406.5550250353608, 212.5164171202575]';
tag.c=[424.4921691580267;
  221.0201070228665];
tag.uH=[11.80025627673189, 0.5193085722034497, 421.7415579347642;
  -6.226264407521163, -11.37035652562427, 218.5825715918981;
  -0.005539987479148946, 0.01193991456346367, 0.9987639192500328]';
tag.up=[412.5675661356167, 237.9958775305013;
  441.2837002339868, 227.9925725001868;
  431.8264411974004, 199.9527717915231;
  403.9018375250836, 210.0256637630154]';
tag.uc=[422.269, 218.857];
tags{2}=tag;

tag.id=6;
tag.hammingDistance=0;
tag.familyName='Tag16h5';
tag.H=[10.54394662739319, 0.1743054781694695, 476.2566506159697;
  -7.325484712684905, -11.7664651517652, 244.700423058837;
  -0.009098131312293487, 0.0106449754139528, 0.998665416859402];
tag.p=[466.8836898934316, 264.5546679505862;
  497.1040977695168, 254.5057977726837;
  486.8715588965276, 225.5605954856115;
  457.4657405914423, 235.9165669331231]';
tag.c=[476.8931041125858;
  245.0274325392879];
tag.uH=[10.85376761968963, -0.3841124147821264, 475.1234728907023;
  -7.214385944128913, -12.21303534738681, 243.370487515667;
  -0.008794512057974045, 0.009820363191923722, 0.9989038936673692]';
tag.up=[465.6373458420852, 263.3561351189352;
  496.1432103028704, 253.3618253447821;
  485.6227112805518, 223.9581961886292;
  455.9011537609873, 234.2664562560191]';
tag.uc=[475.649, 243.641];
tags{3}=tag;

tag.id=5;
tag.hammingDistance=0;
tag.familyName='Tag16h5';
tag.H=[12.48762696969201, -0.4272866085541561, 436.0662334713035;
  -6.043055573368387, -11.75586545676893, 258.4484078380026;
  -0.004256637017444456, 0.009410363758139655, 0.9988082183539921];
tag.p=[426.7136078877376, 278.011452873951;
  455.7530829470294, 268.1455338664463;
  446.3581274389608, 239.6998093241161;
  417.9374585156169, 249.6215148573004]';
tag.c=[436.5865493076623;
  258.7567894304257];
tag.uH=[12.85269010725569, -0.9460888311413478, 434.4399128995796;
  -5.905039399929519, -12.19288236127191, 257.0252031214801;
  -0.003881559656466233, 0.00865600611343721, 0.9990169900350572]';
tag.up=[424.9758683558165, 276.7155498076373;
  454.3836994857763, 266.9209222155183;
  444.6564043007947, 238.0240753357752;
  415.8377914717777, 247.8722578614013]';
tag.uc=[434.873, 257.282];
tags{4}=tag;

