% AprilTagFinder log 71
% @ Wed Mar  7 16:05:44 2018

K=[1664.010615128407, 0, 667.9657771371558;
  0, 1668.819944196452, 457.9230104705811;
  0, 0, 1];
distCoeffs=[-0.2237256636237109;
  0.2343996528647796;
  0;
  0;
  0];
tags={};

tag.id=1;
tag.hammingDistance=0;
tag.familyName='Tag36h11';
tag.H=[23.94800823644893, 2.313335674083004, 505.6799306501246;
  -2.637388258395901, -28.97864855127531, 113.3971341498184;
  -0.01354840015243051, 0.002910326865963265, 0.9832319239276566];
tag.p=[482.3755502061952, 145.907584861169;
  545.4377561338019, 144.541030812021;
  546.9305344774394, 84.08555872138442;
  484.1950433663512, 87.08281284270709]';
tag.c=[514.3038161638567;
  115.3310133552598];
tag.uH=[24.72401212864353, 0.7403251735695922, 504.7945044809001;
  -2.31433934648618, -30.17837418063196, 109.8323201964966;
  -0.01305555432907569, 0.0002854136889246912, 0.9848111609049864]';
tag.up=[480.4485601312546, 142.6679173510831;
  544.3419651095569, 141.7383971151903;
  545.4659322258107, 79.56189138662012;
  481.7348675870188, 82.11830052082252]';
tag.uc=[512.601, 111.535];
tags{1}=tag;

tag.id=0;
tag.hammingDistance=0;
tag.familyName='Tag36h11';
tag.H=[23.85267939418345, 1.581195720643592, 429.6598342443468;
  -2.374811161376552, -28.35892304424583, 116.2056488994729;
  -0.01189530504408566, 0.001285008552076695, 0.9845336786653018];
tag.p=[406.1984689859779, 147.6564062821838;
  465.259435103433, 146.383145305953;
  467.2787589755163, 87.76040934875336;
  408.3217773135584, 90.42825671122782]';
tag.c=[436.4094835504476;
  118.0311566964463];
tag.uH=[24.86146919874913, 0.2585643241161777, 427.1792706535373;
  -1.92207904958792, -29.53126809860587, 111.915221853341;
  -0.01115399323525947, -0.001030927977351339, 0.9858334168605086]';
tag.up=[402.8187314085255, 143.6504832025972;
  463.0554910250138, 142.9958983449927;
  464.5009080505945, 82.63672704325649;
  404.2368029495046, 84.64646838162611]';
tag.uc=[433.345, 113.533];
tags{2}=tag;

tag.id=25;
tag.hammingDistance=0;
tag.familyName='Tag36h11';
tag.H=[23.5857223763089, 2.744353869861916, 508.63358665742;
  -3.025967939716648, -29.04854129851463, 190.2072411621616;
  -0.01525948870568003, 0.003828211808550452, 0.992951212606373];
tag.p=[480.1990431450739, 221.3118535253175;
  543.6849708296397, 222.0329767324735;
  545.0359625319558, 161.1100561188949;
  481.9895873834284, 162.2315759550225]';
tag.c=[512.2442877352657;
  191.5574891770275];
tag.uH=[24.33808596641944, 1.601577849463653, 508.0051808830227;
  -2.667797526669932, -29.99678749743268, 188.4042102360955;
  -0.01459466883992905, 0.001958054633697342, 0.9940439322538835]';
tag.up=[478.8386847310263, 219.597620277688;
  542.9817660887184, 220.6982654847021;
  544.0319513923929, 158.6858800677659;
  480.1984048500929, 159.3836988506332]';
tag.uc=[511.069, 189.547];
tags{3}=tag;

tag.id=24;
tag.hammingDistance=0;
tag.familyName='Tag36h11';
tag.H=[24.20833540495151, 2.123452968771047, 430.813677981042;
  -2.494722061154973, -28.28672033082568, 190.7189230304203;
  -0.01192228964710867, 0.002588736303895378, 0.9932080362890719];
tag.p=[403.4564688290651, 220.9388295837616;
  462.7566607777613, 221.2236463512874;
  464.6379942551277, 162.5588257554605;
  405.5979596498763, 163.6635952823306]';
tag.c=[433.7597585201719;
  192.0231372100092];
tag.uH=[25.21518758214018, 1.165783686541778, 428.9097548580012;
  -2.006332197987173, -29.22025248701673, 188.2740295732555;
  -0.01097754213058413, 0.0009762929691301896, 0.9941983998962911]';
tag.up=[400.8211240525216, 218.5777216620091;
  461.159055236478, 219.3808811640286;
  462.5764140606531, 159.564070465579;
  402.3965368671013, 160.0730299269765]';
tag.uc=[431.438, 189.387];
tags{4}=tag;

