% AprilTagFinder log 30
% @ Fri Mar 16 13:46:27 2018

K=[1664.010615128407, 0, 667.9657771371558;
  0, 1668.819944196452, 457.9230104705811;
  0, 0, 1];
distCoeffs=[-0.2237256636237109;
  0.2343996528647796;
  0;
  0;
  0];
tags={};

tag.id=1;
tag.hammingDistance=0;
tag.familyName='Tag36h11';
tag.H=[18.76829345950609, -13.93041850017537, 960.0374455950882;
  -5.746164794969759, -5.083037881391143, 273.1909361259998;
  0.01929382510795708, 0.002319068562346382, 0.999225483104997];
tag.p=[977.0737211844863, 290.5242238815643;
  976.9099817336142, 268.1831774671912;
  945.1793178096793, 257.0061426162352;
  944.0957472066989, 278.8026067426089]';
tag.c=[960.7815871667566;
  273.4026911294188];
tag.uH=[18.47526709622332, -13.80761090707251, 962.9602600800334;
  -6.071184932767856, -4.913006454995863, 271.4793658491456;
  0.01883369697785283, 0.002775563057499051, 0.9993706581037607]';
tag.up=[980.0961127753467, 288.8874342271729;
  980.1178435818836, 266.2130509448841;
  947.7517053471128, 255.1417457845551;
  946.4682885767229, 277.2635830431786]';
tag.uc=[963.558, 271.653];
tags{1}=tag;

tag.id=2;
tag.hammingDistance=0;
tag.familyName='Tag36h11';
tag.H=[-13.75531635888088, -5.468449501276503, 502.846108463934;
  7.732092098557182, 9.720587420332251, 331.0840092556032;
  0.004083589263487714, -0.01017532323596453, 0.9992106199092204];
tag.p=[519.3162756540486, 311.9771166611846;
  487.9862943989351, 324.7216649440659;
  486.9732611595716, 350.9516269502225;
  518.942168916808, 338.1612540713232]';
tag.c=[503.24335875215;
  331.3455668492421];
tag.uH=[-13.94579212952197, -5.310807438195663, 502.3472764073063;
  7.662661305366028, 9.878444134453936, 330.6937373980421;
  0.003918196684126661, -0.009953274153835862, 0.9993630997329113]';
tag.up=[518.7997450858597, 311.4699806486042;
  487.2639664650385, 324.1870759384605;
  486.3319146960204, 350.5725741581697;
  518.5053329829348, 337.8101939988707]';
tag.uc=[502.674, 330.908];
tags{2}=tag;

tag.id=16;
tag.hammingDistance=0;
tag.familyName='Tag36h11';
tag.H=[2.772589658958133, -14.22550599748184, 494.2298458765733;
  -8.35166522292853, 12.47271550698135, 446.596559565665;
  0.01569772386638581, 0.004103702004887596, 0.9991363085665005];
tag.p=[516.3532629649703, 451.8122626898324;
  505.8005346653951, 421.2520056219741;
  473.8041523257892, 442.3406795297588;
  483.2519646449242, 473.3173926710061]';
tag.c=[494.6570769564605;
  446.9826146208362];
tag.uH=[2.669580438332604, -14.5650927931261, 493.886589750164;
  -8.444321187281634, 12.29735076621394, 446.6446999059373;
  0.01558668566281033, 0.003658741099318296, 0.9993059805089194]';
tag.up=[516.0721316928291, 451.8009316839012;
  505.4398534680775, 421.1704434959968;
  473.2121628931676, 442.2931697540163;
  482.7417293822937, 473.3599165978262]';
tag.uc=[494.237, 446.956];
tags{3}=tag;

tag.id=0;
tag.hammingDistance=0;
tag.familyName='Tag36h11';
tag.H=[5.697608460667682, -30.00391310370927, 911.892327647451;
  -21.16915228094446, -9.465390679624015, 639.5362221123881;
  0.002970591477299438, -0.009535311319077417, 0.9994793037988051];
tag.p=[930.5742197072647, 666.1445715345557;
  936.3712463742445, 620.3968757837935;
  893.9198168156059, 613.2467877802594;
  887.7552375709041, 659.835394806254]';
tag.c=[912.3673938835403;
  639.8693996780614];
tag.uH=[6.214698420730559, -29.52640621134239, 913.80080246647;
  -21.00206820971384, -9.053281526061822, 640.9507241333595;
  0.003650012830996042, -0.008574561234523211, 0.9995795880147059]';
tag.up=[932.9107982378187, 667.9972386629198;
  938.4707725974117, 621.6677818565126;
  895.2745471457184, 614.1780472187208;
  889.3117590234713, 661.2653130431761]';
tag.uc=[914.171, 641.212];
tags{4}=tag;

tag.id=6;
tag.hammingDistance=0;
tag.familyName='Tag36h11';
tag.H=[20.00953429455382, 30.4800394533161, 1046.035008263308;
  34.54092208495486, 15.3689729312429, 726.5776625149232;
  0.02389595906068942, 0.01710640877998673, 0.9993822676173542];
tag.p=[1038.779543213938, 706.0537973056432;
  1029.21239164489, 741.1752132220749;
  1053.960760895351, 746.3466213044096;
  1064.389749158054, 712.6847709091993]';
tag.c=[1046.681577367967;
  727.0267704941078];
tag.uH=[19.76330779321483, 30.26455224257931, 1052.529697791427;
  34.7240984653068, 15.12761224549642, 731.1894255106289;
  0.02345510872839754, 0.01630131385045729, 0.999518753576553]';
tag.up=[1044.531241212425, 709.9025577362538;
  1035.126566006674, 745.8124965851719;
  1060.890786415229, 751.5248828562901;
  1071.214756062432, 717.0708597854627]';
tag.uc=[1053.03, 731.535];
tags{5}=tag;

tag.id=3;
tag.hammingDistance=0;
tag.familyName='Tag36h11';
tag.H=[0.9136764115658069, -14.31616277254313, 559.5442194402569;
  -26.19464668160582, -1.806053126536744, 764.350536458907;
  -0.008237627600184464, 0.008885487978306281, 0.9994048499530664];
tag.p=[573.6597708768691, 793.3373628796949;
  585.1417556800318, 753.3092767677043;
  546.112947284962, 736.3110254527552;
  535.4642456604902, 775.9148363434674]';
tag.c=[559.8774305193075;
  764.8057106134736];
tag.uH=[1.710594738520999, -14.38292097552794, 558.696396644761;
  -25.84006586586224, -1.74970870362291, 767.01804834698;
  -0.007110500670343163, 0.009059045615089885, 0.9995175033265702]';
tag.up=[572.7571041491469, 796.54784106583;
  584.5242187891805, 755.51168028881;
  545.220735375198, 738.3493950401003;
  534.2232779345256, 778.8930479054844]';
tag.uc=[558.973, 767.375];
tags{6}=tag;

tag.id=11;
tag.hammingDistance=0;
tag.familyName='Tag36h11';
tag.H=[-4.47459750928155, 2.707691138064415, 470.1915738462759;
  -0.1922236388183527, 25.73951848146594, 871.1406453870231;
  0.01376486540531597, 0.0200424711632618, 0.9994464132149562];
tag.p=[488.7524662491745, 875.6826137163831;
  466.1939458051007, 851.0224011473739;
  453.3491096191942, 867.8293598426585;
  474.6569172934152, 891.966752890564]';
tag.c=[470.4520098619328;
  871.6231644524022];
tag.uH=[-4.40493287575571, 2.03910733766982, 467.0220074178194;
  -0.08014382374521624, 25.63354766027598, 877.9778217109965;
  0.01421448504884198, 0.01928265984096451, 0.9995535405889239]';
tag.up=[485.8802021688356, 882.3780756587696;
  463.1301915711088, 856.9913211626939;
  449.7901528864363, 874.6267767384169;
  471.2861280355796, 899.5353143396496]';
tag.uc=[467.234, 878.362];
tags{7}=tag;

tag.id=10;
tag.hammingDistance=0;
tag.familyName='Tag36h11';
tag.H=[6.138909593246606, 18.49514368386232, 588.3331652692639;
  30.59875795209626, 9.047765146014676, 951.0809281708853;
  0.01828303394674482, 0.0009409103793737818, 0.9995182408456073];
tag.p=[575.0304923669913, 929.7558991302922;
  566.426769432746, 956.504899803481;
  601.6902288610411, 972.5006637493791;
  611.5903133793194, 946.3984299889889]';
tag.c=[588.616736770632;
  951.5393409591572];
tag.uH=[5.337542502771334, 18.58530210059621, 586.8669346214961;
  30.52637072114917, 9.029990968977282, 960.6536464011092;
  0.01725186966488634, 0.0005570415248743268, 0.999616318909367]';
tag.up=[573.3736938415365, 938.1674732286101;
  564.4133283258046, 966.391398537856;
  600.327386328949, 983.082067150687;
  610.5422273851716, 955.4797609715931]';
tag.uc=[587.095, 961.009];
tags{8}=tag;

tag.id=4;
tag.hammingDistance=0;
tag.familyName='Tag36h11';
tag.H=[-14.33298182771696, -20.68739028445879, 718.1023710923681;
  -31.57798908890853, -2.70042033363641, 1014.312315739897;
  -0.01840413318880338, -0.0023324919709216, 0.9996116683624341];
tag.p=[738.1035946116258, 1027.679207011552;
  736.5808808538053, 1001.926428805926;
  697.8234900598412, 1001.183872367255;
  700.7577617177968, 1027.08184200272]';
tag.c=[718.38134129503;
  1014.706358321673];
tag.uH=[-13.687307647321, -20.99166269969551, 719.3521724222041;
  -31.62061830012218, -2.602413918722641, 1027.552322367237;
  -0.01736942586267991, -0.002113393806880914, 0.9996945717951913]';
tag.up=[739.8418296817363, 1041.79955232456;
  738.1442955521167, 1014.321701771909;
  698.4940997863978, 1013.385611294439;
  701.5602332161358, 1041.010054831962]';
