% AprilTagFinder log 75
% @ Wed Mar  7 16:05:44 2018

K=[1664.010615128407, 0, 667.9657771371558;
  0, 1668.819944196452, 457.9230104705811;
  0, 0, 1];
distCoeffs=[-0.2237256636237109;
  0.2343996528647796;
  0;
  0;
  0];
tags={};

tag.id=1;
tag.hammingDistance=0;
tag.familyName='Tag36h11';
tag.H=[23.85518491252691, 0.3102799857778025, 348.6367527324506;
  -3.227514080140846, -28.43065935015277, 173.7478941824856;
  -0.01124194224902468, 0.0004602406398241839, 0.9917992838470212];
tag.p=[323.6359880558638, 204.8772823267836;
  379.739576104596, 202.9911518542367;
  380.0158370050291, 144.8391173867323;
  323.9575213209612, 148.0264392593777]';
tag.c=[351.5194640796147;
  175.1845328104564];
tag.uH=[25.12048560744557, -0.6052840890385466, 344.5307090210151;
  -2.649976076922407, -29.46986906744087, 169.9533881111898;
  -0.0101186822828295, -0.0010830963102537, 0.9927844676598049]';
tag.up=[318.721232112928, 201.2654600689782;
  376.3821879475843, 200.0215911415144;
  375.9460690730393, 140.4141163344296;
  318.2348185547378, 142.8711968042051]';
tag.uc=[347.065, 171.204];
tags{1}=tag;

tag.id=0;
tag.hammingDistance=0;
tag.familyName='Tag36h11';
tag.H=[23.53072972452185, 0.02639613851839056, 279.4590164514711;
  -2.829677383889029, -27.84912249371926, 176.8336427138627;
  -0.009442683883550275, -0.0008198964307184186, 0.9917992313904992];
tag.p=[255.3753546930156, 207.0854713427691;
  308.1474865529653, 205.3070830452995;
  308.7160749242137, 148.9041114012394;
  255.8467107325343, 151.7501561786467]';
tag.c=[281.7697449308067;
  178.2958053576454];
tag.uH=[24.99259556410599, -0.7299334943195948, 272.9146935455213;
  -2.177924204359978, -28.88288846498757, 172.0784848106842;
  -0.008148416441023669, -0.002039045794508686, 0.9926275101096453]';
tag.up=[247.9349598679489, 202.5620257499144;
  302.7225463234163, 201.4984208867159;
  302.4695767290279, 143.5310074475699;
  247.508860413897, 145.5557729558872]';
tag.uc=[274.973, 173.374];
tags{2}=tag;

tag.id=25;
tag.hammingDistance=0;
tag.familyName='Tag36h11';
tag.H=[22.89977996876934, 1.681089907831816, 349.4169415100745;
  -3.84688081693601, -27.70660023590483, 247.6995716250853;
  -0.01456517408827016, 0.004453486532740831, 0.994964404449969];
tag.p=[323.1955015319341, 277.8426975819443;
  379.7707340952027, 278.252446676633;
  379.7499920252159, 219.4704719440926;
  323.672320332256, 220.7530479717109]';
tag.c=[351.1853689914037;
  248.9531992473814];
tag.uH=[24.1971907315085, 1.013869674736009, 346.0792954293713;
  -3.196718064458035, -28.51875515469675, 245.5140378388978;
  -0.01320356163773883, 0.003407048578673225, 0.9957324783797381]';
tag.up=[319.0892278057456, 275.6979098501123;
  377.137424500176, 276.6107521679819;
  376.5717142576542, 216.8409546137942;
  318.9599076800122, 217.5068557774596]';
tag.uc=[347.591, 246.582];
tags{3}=tag;

tag.id=24;
tag.hammingDistance=0;
tag.familyName='Tag36h11';
tag.H=[23.95255939467583, 0.2578266707019282, 279.7804246055586;
  -2.475201296109838, -27.96547158179585, 248.5795395410475;
  -0.008425474996399954, 5.961215323503042e-05, 0.9946587843647929];
tag.p=[254.7993603662595, 278.1788196288498;
  307.7299244408076, 277.9123095664338;
  308.2155453391543, 221.1704676199061;
  255.2831145695749, 222.3901033443665]';
tag.c=[281.2828167844829;
  249.9143861679107];
tag.uH=[25.43577182673218, -0.2983999772875925, 274.1513704324946;
  -1.753257152752277, -28.79254660566008, 245.6174270508683;
  -0.006857148004102246, -0.000775604367512364, 0.9953388444459113]';
tag.up=[248.2639393375674, 275.3356457479879;
  303.1403966983005, 275.6189117839423;
  303.0014993021396, 217.7390906569669;
  248.0631607309274, 218.2694148076746]';
tag.uc=[275.464, 246.784];
tags{4}=tag;

