% AprilTagFinder log 69
% @ Fri Mar 16 13:46:43 2018

K=[1664.010615128407, 0, 667.9657771371558;
  0, 1668.819944196452, 457.9230104705811;
  0, 0, 1];
distCoeffs=[-0.2237256636237109;
  0.2343996528647796;
  0;
  0;
  0];
tags={};

tag.id=1;
tag.hammingDistance=0;
tag.familyName='Tag36h11';
tag.H=[17.10852910770067, -16.57525815550584, 960.1052925895793;
  -6.212845425735109, -5.858833267654513, 273.2174785452127;
  0.01760084524604973, -0.0004197039359570212, 0.9992579717589504];
tag.p=[977.0844723002097, 290.4957620354521;
  976.9095281138501, 268.2288682697638;
  945.1019261165734, 256.9222263233434;
  944.1359287881497, 278.8025450403582]';
tag.c=[960.8182468632676;
  273.4203641771102];
tag.uH=[16.81259601499173, -16.46309869849289, 963.0230056458124;
  -6.533922140197907, -5.685123607288936, 271.5041228301364;
  0.01714332202705275, 3.363030145355973e-05, 0.9993969837089878]';
tag.up=[980.1073549547013, 288.858485050581;
  980.1169675315926, 266.2594726529686;
  947.6733938843665, 255.0571970240651;
  946.5092935043642, 277.2632107203292]';
tag.uc=[963.595, 271.671];
tags{1}=tag;

tag.id=2;
tag.hammingDistance=0;
tag.familyName='Tag36h11';
tag.H=[-13.43275567735048, -6.647468911552724, 502.825164971867;
  7.88969033594906, 8.98599771349342, 331.028543539476;
  0.004706265071604776, -0.01244955628126152, 0.9991825996624137];
tag.p=[519.3087140781497, 311.9920327184699;
  488.0656560346758, 324.6283219641967;
  486.9132545655638, 350.908248868868;
  518.9374291960794, 338.2034566193167]';
tag.c=[503.2365106655707;
  331.2993477381593];
tag.uH=[-13.62422248649671, -6.489341562015025, 502.3292023976839;
  7.819472654544009, 9.144558823291282, 330.6399790420523;
  0.004539999358708509, -0.01222868922375789, 0.9993411508021837]';
tag.up=[518.7921819063276, 311.4849727556043;
  487.3437014284874, 324.093398953818;
  486.2712485348912, 350.5287781973555;
  518.5006822542741, 337.852602907649]';
tag.uc=[502.667, 330.861];
tags{2}=tag;

tag.id=16;
tag.hammingDistance=0;
tag.familyName='Tag36h11';
tag.H=[2.801397923926552, -13.68000707652447, 494.206636192137;
  -8.307913121079466, 12.96173013914481, 446.5986341470952;
  0.01576331316946086, 0.005214908774505325, 0.9991306646745953];
tag.p=[516.3665940809075, 451.8158906757807;
  505.7924412191709, 421.2516669072125;
  473.8004279539865, 442.3571415606073;
  483.2427713770143, 473.2719736190428]';
tag.c=[494.6366412976565;
  446.9872159239021];
tag.uH=[2.698122498502664, -14.02023097064574, 493.8640014355521;
  -8.400747435636195, 12.78624363564805, 446.6474697851305;
  0.01565186737170114, 0.00476974138794528, 0.9993018729487325]';
tag.up=[516.0855372536962, 451.8045684003019;
  505.4317075748611, 421.1700962388256;
  473.2084126367466, 442.3096808120256;
  482.7324810470965, 473.3143745503003]';
tag.uc=[494.216, 446.961];
tags{3}=tag;

tag.id=0;
tag.hammingDistance=0;
tag.familyName='Tag36h11';
tag.H=[4.69422637604722, -31.15306153310059, 911.9026740207264;
  -21.87331692059342, -10.29184549164494, 639.5626262556874;
  0.001867063510967697, -0.01080388407170446, 0.9994691577348283];
tag.p=[930.5394150516875, 666.1283283973565;
  936.3821836034967, 620.4488405582408;
  893.9070494051437, 613.2030636943209;
  887.7756131889397, 659.8553696041208]';
tag.c=[912.3870076065576;
  639.9023134492475];
tag.uH=[5.209363424704732, -30.67789814991337, 913.8149842175374;
  -21.70782331046598, -9.881576910028405, 640.9799745420632;
  0.002546439702635224, -0.009843113026235141, 0.9995730525666366]';
tag.up=[932.8751730616609, 667.9804459325709;
  938.4822712837843, 621.7204412699448;
  895.2613595540129, 614.1338248159474;
  889.3325719496034, 661.2856984795784]';
tag.uc=[914.191, 641.246];
tags{4}=tag;

tag.id=3;
tag.hammingDistance=0;
tag.familyName='Tag36h11';
tag.H=[-0.1250618561648453, -14.49392337157427, 559.5261379729199;
  -27.62277636945198, -2.049009526629633, 764.3719579573241;
  -0.01008957655092976, 0.008581438060461216, 0.9993900166286666];
tag.p=[573.6299145564111, 793.3312093665436;
  585.1778116951588, 753.3230105614775;
  546.0637823805794, 736.2596597425061;
  535.4858497957408, 775.9315999335979]';
tag.c=[559.8676479283038;
  764.8384967220803];
tag.uH=[0.6736723321434801, -14.56013514010363, 558.680653511607;
  -27.27324674848612, -1.99311447709176, 767.0438340267624;
  -0.008962324821867571, 0.008755760320790376, 0.999507336355401]';
tag.up=[572.7269508779287, 796.5416683879896;
  584.5605300400902, 755.5255650026921;
  545.171367730836, 738.2972941870185;
  534.2450342734262, 778.9100888409641]';
tag.uc=[558.963, 767.408];
tags{5}=tag;

tag.id=11;
tag.hammingDistance=0;
tag.familyName='Tag36h11';
tag.H=[-5.429986911906691, 2.325837410413111, 470.2375423097234;
  -1.988221432913619, 25.04723294085589, 871.1919965537039;
  0.01171856053566669, 0.01919857951655936, 0.9994891754883823];
tag.p=[488.7005555534826, 875.652975737463;
  466.2071060065985, 850.9564016041027;
  453.3487283248509, 867.8625068330181;
  474.6851932088852, 892.0108538185083]';
tag.c=[470.4778739399057;
  871.6372502263584];
tag.uH=[-5.351817494219216, 1.658480159029193, 467.0643277240984;
  -1.887597885755368, 24.9345741022157, 878.02239983641;
  0.01217141778339159, 0.01843585821831455, 0.9995879796278742]';
tag.up=[485.8275397193595, 882.3477757326716;
  463.1444114013239, 856.9226445416292;
  449.7893327156997, 874.6612996197282;
  471.314510677602, 899.5810519257235]';
tag.uc=[467.261, 878.377];
tags{6}=tag;

tag.id=10;
tag.hammingDistance=0;
tag.familyName='Tag36h11';
tag.H=[6.493912534532192, 18.27656276454983, 588.3128414212428;
  31.19060733158024, 8.67693002974303, 951.0797005106216;
  0.01890723358183636, 0.0005680232451539352, 0.9995068857412412];
tag.p=[575.0246721592987, 929.7783217045803;
  566.4217737954436, 956.5231733599172;
  601.662473863493, 972.4873444537233;
  611.6135974453364, 946.3887228305952]';
tag.c=[588.6030899976702;
  951.5489228523868];
tag.uH=[5.691505556073798, 18.36869900414793, 586.8478772463807;
  31.12440600142707, 8.656791822944351, 960.6554769472996;
  0.01787635345745421, 0.00018625896860604, 0.9996076277689747]';
tag.up=[573.3676188931775, 938.1910620609947;
  564.4080933056936, 966.4107234579548;
  600.2991079360121, 983.0681065848946;
  610.5659939071576, 955.4694436003305]';
tag.uc=[587.081, 961.019];
tags{7}=tag;

tag.id=4;
tag.hammingDistance=0;
tag.familyName='Tag36h11';
tag.H=[-14.77821391473385, -20.79851345512491, 718.1038909964885;
  -32.19024406120806, -2.829367426754148, 1014.300256403282;
  -0.01900391214939448, -0.002465061415905419, 0.9995997969944839];
tag.p=[738.1291447716637, 1027.668163150238;
  736.60152332471, 1001.910800662948;
  697.787195003005, 1001.175529344945;
  700.7740459909434, 1027.085364159017]';
tag.c=[718.3913933912605;
  1014.70634493224];
tag.uH=[-14.13343860014284, -21.10314444961273, 719.3559871229822;
  -32.24083367066367, -2.73249401190551, 1027.543132415759;
  -0.01796895589952273, -0.0022456573832835, 0.9996855859316793]';
tag.up=[739.8679699570466, 1041.787884796009;
  738.1653405006048, 1014.30517964231;
  698.4569660359765, 1013.376652791444;
  701.576927440039, 1041.013861798942]';
tag.uc=[719.582, 1027.85];
tags{8}=tag;

tag.id=13;
tag.hammingDistance=0;
tag.familyName='Tag36h11';
tag.H=[-7.592034790696408, 8.339236803425363, 857.710652530455;
  9.574553901593053, -2.578292008003854, 1059.050317829817;
  0.0009626397734962516, -0.005313340056267038, 0.9998864682963345];
tag.p=[853.3476725724494, 1047.615134007416;
  836.6237305954761, 1064.642360420476;
  862.3073947971781, 1070.826999868157;
  879.259965817047, 1053.629650725493]';
tag.c=[857.8080409387608;
  1059.170567268791];
tag.uH=[-7.733884043198167, 8.680476675567135, 863.2951716758469;
  10.13410252250091, -2.389931862626537, 1076.709068331627;
  0.0009780359469309112, -0.005444681045975487, 0.9999036806148723]';
