% AprilTagFinder log 9
% @ Wed Mar  7 16:06:15 2018

K=[1664.010615128407, 0, 667.9657771371558;
  0, 1668.819944196452, 457.9230104705811;
  0, 0, 1];
distCoeffs=[-0.2237256636237109;
  0.2343996528647796;
  0;
  0;
  0];
tags={};

tag.id=0;
tag.hammingDistance=0;
tag.familyName='Tag16h5';
tag.H=[11.66466720492196, 17.2993742720685, 439.3050160932296;
  -6.198283004105837, -2.801776252863262, 221.2172037977359;
  -0.00568500778551143, 0.0504172279554907, 0.9973044344793769];
tag.p=[430.7715136471107, 241.6795908975883;
  460.7621078737301, 231.4281642546829;
  449.378681144179, 203.6561224539434;
  422.3817218352073, 213.2260188764402]';
tag.c=[440.4923921977346;
  221.815120989829];
tag.uH=[12.0283447358739, 16.61936540691532, 437.5950282232422;
  -6.080136025335437, -3.383265305637945, 219.3217800645209;
  -0.00534123318993063, 0.04954614171052642, 0.9978213240805029]';
tag.up=[428.8333275394097, 239.9126004757659;
  459.2118793016377, 229.7336055468968;
  447.4339561045661, 201.3939615444709;
  420.0483123105345, 210.9010377609418]';
tag.uc=[438.555, 219.804];
tags{1}=tag;

tag.id=6;
tag.hammingDistance=0;
tag.familyName='Tag16h5';
tag.H=[11.71622851129923, -12.54292663769217, 494.828773925216;
  -6.636918700483956, -18.51750766118609, 247.5374778959159;
  -0.006893969070535322, -0.01488727611896925, 0.9986101489693285];
tag.p=[485.7503452978511, 267.2424579613213;
  515.682641432385, 257.7162489416691;
  505.7201664357901, 227.6581402062718;
  475.0268709986275, 237.8890393971639]';
tag.c=[495.5174693907644;
  247.8819969448546];
tag.uH=[12.0024798656571, -13.08958798921872, 493.9280535858812;
  -6.534948447698665, -18.93283977350828, 246.3577124951544;
  -0.006604472694505328, -0.01573922001790432, 0.9988446487888694]';
tag.up=[484.7397517205314, 266.1849155800835;
  514.9141255178412, 256.7058804479933;
  504.6962468992151, 226.2049563683157;
  473.7132497195101, 236.3909418267175]';
tag.uc=[494.503, 246.647];
tags{2}=tag;

tag.id=5;
tag.hammingDistance=0;
tag.familyName='Tag16h5';
tag.H=[12.90466251754128, 0.2021377743340861, 453.3558937360507;
  -6.006889811863113, -11.77670892643645, 260.7811676105079;
  -0.004193908588104567, 0.01110253097609892, 0.9987586461626771];
tag.p=[443.8665956459019, 280.8537174689715;
  473.8956061069456, 271.0332790997714;
  463.8340220619629, 241.6281969904489;
  434.545790652961, 251.4768202292885]';
tag.c=[453.9193682857074;
  261.1052916662631];
tag.uH=[13.25494348513291, -0.3323561318359372, 452.0128742661317;
  -5.871783261504664, -12.21767074162449, 259.5126529808186;
  -0.003826116179815248, 0.01032186123767769, 0.9989804970454899]';
tag.up=[442.4107854431747, 279.7034264164739;
  472.7726721082124, 269.9518927524706;
  462.3989248272515, 240.1075904165554;
  432.746007800649, 249.8850186071657]';
tag.uc=[452.479, 259.781];
tags{3}=tag;

