% AprilTagFinder log 73
% @ Fri Mar 16 13:46:44 2018

K=[1664.010615128407, 0, 667.9657771371558;
  0, 1668.819944196452, 457.9230104705811;
  0, 0, 1];
distCoeffs=[-0.2237256636237109;
  0.2343996528647796;
  0;
  0;
  0];
tags={};

tag.id=1;
tag.hammingDistance=0;
tag.familyName='Tag36h11';
tag.H=[18.98129706788367, -13.52640130657572, 960.0251409180653;
  -5.6739517293019, -4.986543053186019, 273.178948082823;
  0.01953449366615981, 0.002725846912596896, 0.9992197798048319];
tag.p=[977.0827803382974, 290.5334975730026;
  976.8750689924525, 268.1928303223965;
  945.1775099811184, 256.9981031072377;
  944.1235052608079, 278.769598129795]';
tag.c=[960.7747567863177;
  273.3922542407842];
tag.uH=[18.69063516947379, -13.4043671264275, 962.9489158328317;
  -5.998546547061354, -4.818214427488784, 271.4675805221407;
  0.0190766150997824, 0.003179940052450414, 0.9993660250471222]';
tag.up=[980.1053206851338, 288.8967660081555;
  980.081967162234, 266.2231732628265;
  947.7499283093399, 255.1335971969175;
  946.496868110032, 277.229912617279]';
tag.uc=[963.551, 271.643];
tags{1}=tag;

tag.id=2;
tag.hammingDistance=0;
tag.familyName='Tag36h11';
tag.H=[-14.64578071539996, -6.838940946964441, 502.8603093109056;
  7.127024777694841, 8.835080788795512, 331.0173942871565;
  0.00230684398601722, -0.01286733453311631, 0.9991853804842393];
tag.p=[519.2841545741725, 312.0144362649125;
  488.0453534926701, 324.6475427309113;
  486.9142913032955, 350.9718431990003;
  518.9647720061727, 338.1317708922342]';
tag.c=[503.2702831052254;
  331.2872673604713];
tag.uH=[-14.83559971985302, -6.680397966853748, 502.3641649622046;
  7.058159241675432, 8.99384106046748, 330.62860565863;
  0.002140966317165522, -0.0126463214014212, 0.9993431335891393]';
tag.up=[518.7675275558431, 311.5074448133723;
  487.3232857457763, 324.112673399472;
  486.2724897039187, 350.592716621309;
  518.5279989241865, 337.7806216576395]';
tag.uc=[502.701, 330.849];
tags{2}=tag;

tag.id=16;
tag.hammingDistance=0;
tag.familyName='Tag36h11';
tag.H=[3.076386679608984, -13.7601905909613, 494.19221687661;
  -8.06620323234908, 12.89891499716674, 446.5925125366214;
  0.01631263151470499, 0.005068255585754475, 0.9991221548362589];
tag.p=[516.3697569574076, 451.8166669949477;
  505.785552654984, 421.2603855600335;
  473.7941908018734, 442.3555891070358;
  483.2132575489681, 473.2950176116956]';
tag.c=[494.6264222892752;
  446.9848960658982];
tag.uH=[2.973067636123311, -14.1005816905706, 493.8503389152833;
  -8.158936594777403, 12.72333699012132, 446.6420923767948;
  0.01620153300010119, 0.004622817082662317, 0.999295051872951]';
tag.up=[516.0887177782098, 451.8053466333956;
  505.4247829050601, 421.1788295869624;
  473.2021181415479, 442.3081205522637;
  482.7027141225232, 473.3374964759333]';
tag.uc=[494.206, 446.958];
tags{3}=tag;

tag.id=0;
tag.hammingDistance=0;
tag.familyName='Tag36h11';
tag.H=[4.671110921363295, -31.34119608326534, 911.9056261422353;
  -21.88684412588715, -10.40666157214186, 639.5568266030737;
  0.001850315913921849, -0.01099443731296197, 0.9994668861944779];
tag.p=[930.5626294358215, 666.114416006717;
  936.3894439549216, 620.4380346830128;
  893.8858849348865, 613.1973761407794;
  887.7697852804765, 659.8645898998927]';
tag.c=[912.3920349321061;
  639.8979650423634];
tag.uH=[5.186390605589918, -30.86629297494179, 913.8185489502191;
  -21.72125483998267, -9.996456829940003, 640.9745476084494;
  0.002530039771775202, -0.01003334772566108, 0.9995713876030501]';
tag.up=[932.8987253690997, 667.9665139719405;
  938.4895969558529, 621.709556005415;
  895.2398664074425, 614.1279644639249;
  889.3267224418473, 661.295002166235]';
tag.uc=[914.196, 641.241];
tags{4}=tag;

tag.id=3;
tag.hammingDistance=0;
tag.familyName='Tag36h11';
tag.H=[-0.1764912498973059, -14.34103281292133, 559.5243011466911;
  -27.68138592598036, -1.841614456266473, 764.3753828550201;
  -0.01016089029303482, 0.008850694056604996, 0.9993870589270024];
tag.p=[573.6418504673105, 793.3452191868048;
  585.1725768201524, 753.3191420396223;
  546.0569195188701, 736.26832756326;
  535.5071544763666, 775.9389307337054]';
tag.c=[559.867466912597;
  764.8441872718425];
tag.uH=[0.6221587496767461, -14.40726771007457, 558.6791270911717;
  -27.3321730233055, -1.784716932568051, 767.0478552160165;
  -0.009033739252196514, 0.009025410233799592, 0.9995049959124682]';
tag.up=[572.738949170909, 796.5559967464775;
  584.5552652535655, 755.5216350951437;
  545.1643927617408, 738.3061667168735;
  534.2665488654475, 778.9174634038691]';
tag.uc=[558.962, 767.414];
tags{5}=tag;

tag.id=11;
tag.hammingDistance=0;
tag.familyName='Tag36h11';
tag.H=[-5.421063280565909, 2.322351543174998, 470.2270923663139;
  -1.927234798408656, 25.03363445496473, 871.194875464142;
  0.01178633490540218, 0.01921383412765783, 0.9994875165091955];
tag.p=[488.7268845970835, 875.6835884513026;
  466.1851798113599, 850.9908589195621;
  453.3080668335344, 867.8427580142363;
  474.688031981372, 891.9876361810634]';
tag.c=[470.4681995515326;
  871.6415773824493];
tag.uH=[-5.344999220815136, 1.655850559156931, 467.0537700506408;
  -1.828326495331114, 24.92164954425661, 878.0258648223751;
  0.01223631975173608, 0.01845288111782779, 0.9995866232346361]';
tag.up=[485.8540773480933, 882.3793764008797;
  463.1216116211513, 856.9586782890219;
  449.7479752630286, 874.6412645097629;
  471.3176999093035, 899.5567535059953]';
tag.uc=[467.251, 878.381];
tags{6}=tag;

tag.id=10;
tag.hammingDistance=0;
tag.familyName='Tag36h11';
tag.H=[6.489303668157675, 18.57747018417679, 588.3173497627464;
  31.19543149473182, 9.140266115756667, 951.0794403838795;
  0.018905238571472, 0.001076845308433127, 0.9995064861604842];
tag.p=[575.0245472180408, 929.7815762965686;
  566.4105250900765, 956.5528769782132;
  601.6586567427435, 972.4632204116725;
  611.6114035983578, 946.3634583744943]';
tag.c=[588.6078358757985;
  951.5490430055808];
tag.uH=[5.686523616287575, 18.67025398757431, 586.8526299431583;
  31.12916135705273, 9.125884160783327, 960.655423101175;
  0.01787390305964155, 0.0006972475909634339, 0.9996074651849322]';
tag.up=[573.3674707225417, 938.1944813045031;
  564.3963887431404, 966.4421590936802;
  600.2953273723596, 983.0425937321177;
  610.5638591963102, 955.4428434302632]';
tag.uc=[587.085, 961.019];
tags{7}=tag;

tag.id=4;
tag.hammingDistance=0;
tag.familyName='Tag36h11';
tag.H=[-15.66406445776256, -20.61158639365104, 718.077517978411;
  -33.45173951798014, -2.577355504261612, 1014.311247252707;
  -0.02023916534264879, -0.002218141031795866, 0.9995762520250707];
tag.p=[738.090410662373, 1027.696530747739;
  736.6116745137545, 1001.916994043374;
  697.7675237614103, 1001.190445221655;
  700.7978624022063, 1027.111270413222]';
tag.c=[718.3819308668417;
  1014.741241798996];
tag.uH=[-15.0205230377118, -20.91611825988869, 719.3335947238431;
  -33.51886291941772, -2.477474745705595, 1027.561948171193;
  -0.01920387243640037, -0.001999110986099237, 0.9996677361298006]';
tag.up=[739.8284047703997, 1041.818002352938;
  738.1757620141854, 1014.311823487411;
  698.4368843769498, 1013.392475831218;
  701.6013966895708, 1041.041615657425]';
tag.uc=[719.573, 1027.89];
tags{8}=tag;

tag.id=13;
tag.hammingDistance=0;
tag.familyName='Tag36h11';
tag.H=[-6.769447679577226, 8.985159672530971, 857.7228988745358;
  10.57204025529884, -1.766054794585123, 1059.084419302995;
  0.001920857110496705, -0.004564947331756972, 0.9998887943243576];
tag.p=[853.3457605925087, 1047.624920870604;
  836.6350785823925, 1064.635887736027;
  862.3145425885231, 1070.840888269393;
  879.2781128334508, 1053.697577835293]';
tag.c=[857.8182931374025;
  1059.202208600245];
tag.uH=[-6.905401765021749, 9.328894365861215, 863.3078839302705;
  11.14820674217614, -1.56558786868329, 1076.745316123022;
  0.001937196799087639, -0.004698750501858939, 0.9999055942373863]';
tag.up=[858.5951703025867, 1064.32352487739;
  841.5695175969468, 1082.385339868448;
  868.2117333613813, 1089.438864156096;
  885.5030197696249, 1071.248097186491]';
