% AprilTagFinder log 41
% @ Fri Mar 16 13:46:31 2018

K=[1664.010615128407, 0, 667.9657771371558;
  0, 1668.819944196452, 457.9230104705811;
  0, 0, 1];
distCoeffs=[-0.2237256636237109;
  0.2343996528647796;
  0;
  0;
  0];
tags={};

tag.id=1;
tag.hammingDistance=0;
tag.familyName='Tag36h11';
tag.H=[19.41971026910642, -16.08573298444699, 960.0746829805158;
  -5.561772648240182, -5.689209542787938, 273.1862155277046;
  0.01997433939326133, 9.211442396418203e-05, 0.99921464346981];
tag.p=[977.1153292284811, 290.4945346624754;
  976.9239383091647, 268.1920246118227;
  945.1844666102678, 256.9803698252181;
  944.0811130735362, 278.821341430978]';
tag.c=[960.8292765272341;
  273.4009327355885];
tag.uH=[19.1286533428266, -15.9691643857597, 963.001693019722;
  -5.888011442853729, -5.515006209487256, 271.4751100174548;
  0.01951433848787565, 0.0005490593916527513, 0.9993630425286308]';
tag.up=[980.1389801735136, 288.856993007707;
  980.1320711273763, 266.2219125420973;
  947.7571850452557, 255.1155286164741;
  946.4532112226351, 277.2826846367489]';
tag.uc=[963.607, 271.651];
tags{1}=tag;

tag.id=2;
tag.hammingDistance=0;
tag.familyName='Tag36h11';
tag.H=[-13.83539394715284, -6.422193269572245, 502.8356069048222;
  7.632619973250578, 9.120186266255505, 331.0298048550622;
  0.003909180428075991, -0.01201516105102593, 0.9991916823664621];
tag.p=[519.3034922459119, 312.0001268372441;
  488.0451047855918, 324.6350474437912;
  486.9185569312005, 350.9107340391968;
  518.9319184769457, 338.1759541082523]';
tag.c=[503.2423865998546;
  331.2975985459156];
tag.uH=[-14.02639855534832, -6.264213477456829, 502.3386805929762;
  7.562751747424822, 9.278542948640009, 330.6405889829197;
  0.003742845246480224, -0.01179414354110257, 0.999348242558962]';
tag.up=[518.786951371531, 311.4931042661913;
  487.3229873332068, 324.1000918823401;
  486.2766050589831, 350.5312930782849;
  518.495057801192, 337.8249413891812]';
tag.uc=[502.673, 330.86];
tags{2}=tag;

tag.id=16;
tag.hammingDistance=0;
tag.familyName='Tag36h11';
tag.H=[2.911424134459848, -13.52014580128383, 494.1907839953254;
  -8.235425477660515, 13.10190930676707, 446.5926996225753;
  0.0159565562556369, 0.005536181111620412, 0.9991255893183527];
tag.p=[516.3487547034694, 451.8324183888672;
  505.7940617919259, 421.2342773957957;
  473.8128345185627, 442.3388955965209;
  483.2170471140445, 473.2755807278405]';
tag.c=[494.6232878816406;
  446.983546810427];
tag.uH=[2.808576533554838, -13.8603566070668, 493.8486045133532;
  -8.327946557242207, 12.92657572961896, 446.6420247446874;
  0.01584595036972083, 0.005091356021815358, 0.9992979312440967]';
tag.up=[516.0676014101045, 451.8211242083403;
  505.4333220971146, 421.1526658623403;
  473.2209230041327, 442.2913845111274;
  482.7065436289953, 473.318003431476]';
tag.uc=[494.203, 446.957];
tags{3}=tag;

tag.id=0;
tag.hammingDistance=0;
tag.familyName='Tag36h11';
tag.H=[4.781665480163295, -30.57093162091176, 911.8999497579358;
  -21.81062979068837, -9.851881999360975, 639.5544543343799;
  0.001976549882934721, -0.01015728345174918, 0.9994755481383838];
tag.p=[930.5645515453207, 666.1169868233595;
  936.3817341033919, 620.3933237839008;
  893.8921808059149, 613.2302253677011;
  887.7851907949955, 659.8659738135738]';
tag.c=[912.3784483336628;
  639.890045860161];
tag.uH=[5.29718831469626, -30.0950447027706, 913.8103667937472;
  -21.64479197413081, -9.440837598830459, 640.9704234777718;
  0.002656416315548763, -0.00919710568910421, 0.9995776005362836]';
tag.up=[932.9007069503593, 667.9691412526755;
  938.4814364936221, 621.6642590481866;
  895.2464315861963, 614.1611697528741;
  889.3423635620441, 661.296512080336]';
tag.uc=[914.183, 641.233];
tags{4}=tag;

tag.id=6;
tag.hammingDistance=0;
tag.familyName='Tag36h11';
tag.H=[19.78231598353878, 30.23518772157032, 1074.718661274849;
  34.06421052719118, 17.29645193831796, 746.9285016797293;
  0.02395935331232788, 0.01799617067587479, 0.9993936501392202];
tag.p=[1070.253136554239, 726.4885533757276;
  1058.595072754917, 759.6270651089384;
  1080.075917784644, 766.5912491015786;
  1092.347747035308, 734.9892790446577]';
tag.c=[1075.370712156451;
  747.3816764551973];
tag.uH=[19.58380328816509, 30.04649540582369, 1082.705218425089;
  34.32530966834635, 17.10032047746115, 752.5997308999134;
  0.02358934719849596, 0.01719446944009703, 0.9995276062914376]';
tag.up=[1077.530121999074, 731.3466417569705;
  1065.933667694439, 765.2950574316868;
  1088.458595257296, 772.8698286250765;
  1100.731046047975, 740.4624837058689]';
tag.uc=[1083.21, 752.95];
tags{5}=tag;

tag.id=3;
tag.hammingDistance=0;
tag.familyName='Tag36h11';
tag.H=[0.2365908150282001, -14.88408736105519, 559.5532211714353;
  -27.13214194835694, -2.587139391525117, 764.3738523605768;
  -0.009428602813660739, 0.007881625764716004, 0.9994021000615851];
tag.p=[573.6562736788018, 793.3401926827203;
  585.1528925492631, 753.3193902586886;
  546.0769926001628, 736.2337017448859;
  535.4833689521889, 775.9509083289385]';
tag.c=[559.887978159096;
  764.8311448549834];
tag.uH=[1.035088272059083, -14.94923840006967, 558.7063311126007;
  -26.78060609740121, -2.532650433738131, 767.0432474848666;
  -0.008300650362858363, 0.008056524555471527, 0.9995165016276349]';
tag.up=[572.7535548534538, 796.5507641906252;
  584.5354121110942, 755.5219640119492;
  545.1848427793088, 738.2707622858152;
  534.2423978805275, 778.929895702662]';
tag.uc=[558.983, 767.401];
tags{6}=tag;

tag.id=11;
tag.hammingDistance=0;
tag.familyName='Tag36h11';
tag.H=[-5.402742894152023, 2.34135993135406, 470.2286766908516;
  -1.911836796878763, 25.08141792428084, 871.1903162280421;
  0.01180327174741538, 0.01925770044292724, 0.9994866559926652];
tag.p=[488.7210940083439, 875.669397543302;
  466.1991426683892, 850.977456455164;
  453.3194594331671, 867.8491637813183;
  474.6779993234393, 891.9921777025768]';
tag.c=[470.470189743386;
  871.6377662519142];
tag.uH=[-5.326098022941459, 1.67418301018445, 467.0555377542668;
  -1.812136600345113, 24.96941982361661, 878.0212798906571;
  0.01225413880815492, 0.0184959228378461, 0.9995859615205549]';
tag.up=[485.8483235600013, 882.3646559729311;
  463.1360299311381, 856.9445980645708;
  449.7595515466947, 874.6477865653098;
  471.3073812693106, 899.5616235742284]';
tag.uc=[467.253, 878.377];
tags{7}=tag;

tag.id=10;
tag.hammingDistance=0;
tag.familyName='Tag36h11';
tag.H=[7.215376264508768, 18.27714408034669, 588.3089269644498;
  32.3635336365931, 8.703391939013443, 951.0563796225916;
  0.02014116819874992, 0.0005745525701389077, 0.999482748823971];
tag.p=[575.0259157564518, 929.7303934065233;
  566.4565224067436, 956.4958826540992;
  601.649057123425, 972.4806836792592;
  611.6550942230429, 946.4036834467777]';
tag.c=[588.6133879315838;
  951.5485692390791];
tag.uH=[6.411143325654507, 18.36808837823814, 586.8476335002778;
  32.30930792546847, 8.682692195226773, 960.637466408932;
  0.01911057308501892, 0.0001909064405866178, 0.9995893332675625]';
tag.up=[573.3691931690133, 938.1407131188411;
  564.4437811217776, 966.3816630794697;
  600.2854392803926, 983.06112288541;
  610.6082216108608, 955.4850337635371]';
tag.uc=[587.091, 961.018];
tags{8}=tag;

tag.id=4;
tag.hammingDistance=0;
tag.familyName='Tag36h11';
tag.H=[-13.16965136508989, -21.7796793953194, 718.1503580357704;
  -29.93842835494177, -4.225166143705937, 1014.311199972084;
  -0.01678859826373989, -0.003837151824204357, 0.9996352612346472];
tag.p=[738.1441419778618, 1027.653495365432;
  736.5686709038744, 1001.939955776141;
  697.8492236251468, 1001.162495679333;
  700.7205650914468, 1027.096696313701]';
tag.c=[718.4123908842357;
  1014.681293574329];
tag.uH=[-12.52177802194045, -22.08608053411097, 719.3966706933924;
  -29.95942000540396, -4.147180448146536, 1027.544025202872;
  -0.01575361479705789, -0.00361835476802586, 0.9997123709001239]';
tag.up=[739.8832687546872, 1041.772284597746;
  738.1318698553827, 1014.33603226522;
  698.5203659253385, 1013.362929046497;
  701.5221588343311, 1041.025837476907]';
