% AprilTagFinder log 90
% @ Wed Mar  7 16:05:46 2018

K=[1664.010615128407, 0, 667.9657771371558;
  0, 1668.819944196452, 457.9230104705811;
  0, 0, 1];
distCoeffs=[-0.2237256636237109;
  0.2343996528647796;
  0;
  0;
  0];
tags={};

tag.id=1;
tag.hammingDistance=0;
tag.familyName='Tag36h11';
tag.H=[33.22713167835686, 0.5405859210536779, 336.5180375220992;
  -3.916703151470925, -40.88431266043776, 116.947848905694;
  -0.01648840049849695, -0.001149105549949039, 0.96930194253854];
tag.p=[306.7567319921605, 163.8893499993142;
  387.0220539683903, 161.343275654974;
  389.0927735906459, 75.81121068249182;
  308.5707567359328, 81.2277978534045]';
tag.c=[347.1756557515813;
  120.6516192461299];
tag.uH=[35.0768610532014, -1.034867733834879, 331.865977269881;
  -3.11609894081416, -42.64253420042636, 111.6452578470927;
  -0.01513910590505292, -0.003976259233645923, 0.971164756742563]';
tag.up=[300.6781890999958, 158.941256254327;
  383.3488368204175, 157.4656244464738;
  384.2657121129547, 69.19717086697869;
  301.1137052404161, 73.41178639207442]';
tag.uc=[341.787, 114.987];
tags{1}=tag;

tag.id=0;
tag.hammingDistance=0;
tag.familyName='Tag36h11';
tag.H=[31.21001706565453, 1.148250517614487, 241.2807851784685;
  -4.060755780670798, -38.87217211738108, 121.9949169970989;
  -0.01779130457765562, 0.0005826382598844178, 0.9714348668779845];
tag.p=[211.3223933401605, 166.8223574598494;
  284.7064074101036, 164.5291810612046;
  286.7653944118153, 82.8545569725824;
  213.3937549930817, 88.08115244543596]';
tag.c=[248.3756692344194;
  125.5821889419807];
tag.uH=[33.42527031657452, -0.04604080684655788, 232.5360042231104;
  -3.113726387735349, -40.59445363023987, 115.0176943202409;
  -0.01620272851587009, -0.00139977015137976, 0.9724078501840087]';
tag.up=[201.116026037264, 160.3160107302943;
  277.8038292462218, 159.2450993132721;
  278.4500780558934, 74.67299948393378;
  201.6628655910309, 78.53684764577355]';
tag.uc=[239.202, 118.316];
tags{2}=tag;

tag.id=24;
tag.hammingDistance=0;
tag.familyName='Tag36h11';
tag.H=[32.99487776935025, 1.856610902148282, 242.483103493619;
  -2.882148912285635, -39.19173349760674, 225.4723530640387;
  -0.01300423218250497, 0.002578404606185199, 0.9870160955618807];
tag.p=[208.1641146272053, 268.23239455603;
  281.6676406291106, 269.4800506253516;
  283.9825474988431, 187.7946941171627;
  210.7970315610949, 188.6724592551894]';
tag.c=[245.6728969101361;
  228.4383750962882];
tag.uH=[35.28749168484259, 1.06437216082676, 235.2908419033944;
  -1.801615736824535, -40.51611710017506, 221.6857361213911;
  -0.01072060132420282, 0.001454120565193335, 0.9883540322660059]';
tag.up=[199.3887880337237, 264.6121442566243;
  276.0867552129451, 266.7575975069235;
  277.4196201636125, 183.1777411500096;
  200.9576788503009, 182.8775505554581]';
tag.uc=[238.122, 224.335];
tags{3}=tag;

tag.id=25;
tag.hammingDistance=0;
tag.familyName='Tag36h11';
tag.H=[32.09279075079518, 1.976775233335295, 340.3547666382363;
  -5.034431280808032, -40.91559487061447, 226.0454501052051;
  -0.02223787610122461, 0.002773470684943349, 0.9882775735451897];
tag.p=[303.9321642329003, 269.9058706842129;
  384.5985376256485, 271.915080606825;
  386.4773363325575, 185.8928324659389;
  306.1700813025021, 187.6703501832554]';
tag.c=[344.3918750653237;
  228.7266818109872];
tag.uH=[34.02688652277372, 0.9810036723975389, 336.9113897962816;
  -4.096035554423112, -42.20144912436526, 223.5895176434471;
  -0.0203487331974941, 0.001159827741913651, 0.9899456768978553]';
tag.up=[299.1370674735749, 267.4292851554903;
  382.0193675802787, 270.2220617464483;
  383.0881330044325, 182.6175093940271;
  300.4287948236184, 183.3817476314465]';
tag.uc=[340.394, 225.895];
tags{4}=tag;

