% AprilTagFinder log 38
% @ Wed Mar  7 16:07:37 2018

K=[1664.010615128407, 0, 667.9657771371558;
  0, 1668.819944196452, 457.9230104705811;
  0, 0, 1];
distCoeffs=[-0.2237256636237109;
  0.2343996528647796;
  0;
  0;
  0];
tags={};

tag.id=19;
tag.hammingDistance=0;
tag.familyName='Tag16h5';
tag.H=[2.156197963868335, 32.53613037625725, 412.0562200660707;
  27.9650189174657, 9.949646290459302, 346.9277232060983;
  0.01118321909082222, 0.02068076760092134, 0.9976526932351084];
tag.p=[390.7313154204926, 319.9592787786428;
  386.2513793417503, 369.3176094677558;
  433.9400780159659, 373.808793890903;
  439.295086413124, 326.5772443336228]';
tag.c=[413.0257181283075;
  347.7439850145734];
tag.uH=[2.358299856076281, 33.38849845033074, 410.6383939556018;
  28.28314182008503, 10.45943453120882, 346.3826571344755;
  0.01156008677087425, 0.02181557237146437, 0.9980501865908623]';
tag.up=[388.6170620402166, 318.9071358225362;
  384.2933228708335, 368.7017574554005;
  432.7820347877625, 373.3925665309527;
  438.0252099909852, 325.8478421918924]';
tag.uc=[411.457, 347.066];
tags{1}=tag;

