% AprilTagFinder log 27
% @ Wed Mar  7 16:07:33 2018

K=[1664.010615128407, 0, 667.9657771371558;
  0, 1668.819944196452, 457.9230104705811;
  0, 0, 1];
distCoeffs=[-0.2237256636237109;
  0.2343996528647796;
  0;
  0;
  0];
tags={};

tag.id=28;
tag.hammingDistance=0;
tag.familyName='Tag16h5';
tag.H=[16.39991873890474, 3.799300822976715, 440.0681135459376;
  2.228735965923209, -17.19776382493996, 69.61010647475537;
  -0.002752790073556998, 0.005627319833348542, 0.9842389277161098];
tag.p=[427.8419869912024, 86.18524832356599;
  463.8670299440482, 91.23922911872135;
  466.2760188527324, 55.35440551632088;
  430.6460781304866, 50.55676425878839]';
tag.c=[447.1151273879194;
  70.72480524244561];
tag.uH=[17.0694824308543, 2.814544241093798, 436.5315369854976;
  2.595146657308767, -17.98488365085057, 63.69796562430077;
  -0.002223683687076082, 0.003889908713401014, 0.9838585492926616]';
tag.up=[424.1832381395182, 80.5211068840344;
  461.0599718140433, 86.19606886546029;
  463.1010711222935, 49.0172752152223;
  426.5667449912434, 43.55446889546005]';
tag.uc=[443.704, 64.7445];
tags{1}=tag;

