% AprilTagFinder log 23
% @ Fri Mar 16 13:46:25 2018

K=[1664.010615128407, 0, 667.9657771371558;
  0, 1668.819944196452, 457.9230104705811;
  0, 0, 1];
distCoeffs=[-0.2237256636237109;
  0.2343996528647796;
  0;
  0;
  0];
tags={};

tag.id=1;
tag.hammingDistance=0;
tag.familyName='Tag36h11';
tag.H=[18.52000799705793, -14.7330121450181, 960.0528344231175;
  -5.818198057471926, -5.320456427788903, 273.1863236811988;
  0.0190447280668805, 0.001500260226387285, 0.9992308731334515];
tag.p=[977.0916832291218, 290.5170929413057;
  976.9177265980207, 268.1896098997778;
  945.1487005455251, 256.9659462514829;
  944.0894865040559, 278.7897070136243]';
tag.c=[960.791805213667;
  273.3966003517524];
tag.uH=[18.22679057734793, -14.613377863572, 962.9751137500716;
  -6.142577376229594, -5.149244089466827, 271.4743173660447;
  0.01858529196127067, 0.001956075111744903, 0.9993751531695845]';
tag.up=[980.1145731245122, 288.8800588184611;
  980.125725109708, 266.2195156255366;
  947.7207843160805, 255.1011906702204;
  946.4619985542398, 277.2505566016031]';
tag.uc=[963.569, 271.647];
tags{1}=tag;

tag.id=2;
tag.hammingDistance=0;
tag.familyName='Tag36h11';
tag.H=[-13.17223283993803, -5.461561020974967, 502.8213601685213;
  8.107653437053548, 9.709566755816875, 331.0745283570377;
  0.005251239823961864, -0.01015424362659085, 0.999206595522098];
tag.p=[519.3209529917031, 311.9752150311436;
  487.9802819328589, 324.7276686986449;
  486.9614978160675, 350.8905644668974;
  518.9382546157935, 338.154163065845]';
tag.c=[503.2206176599453;
  331.337412944164];
tag.uH=[-13.36367270521092, -5.304195016227287, 502.3228157844356;
  8.037504509103739, 9.867196253142128, 330.6844542180055;
  0.005085455158639714, -0.009932553353761576, 0.9993600411143099]';
tag.up=[518.8044486209487, 311.4680821748212;
  487.2579216439038, 324.1930977019064;
  486.319860658134, 350.5111480535504;
  518.5013731895524, 337.8030548679217]';
tag.uc=[502.651, 330.9];
tags{2}=tag;

tag.id=16;
tag.hammingDistance=0;
tag.familyName='Tag36h11';
tag.H=[3.244088330170723, -14.24022339354212, 494.2130767639642;
  -7.897463914707742, 12.45783173971853, 446.574761951212;
  0.0166744148605508, 0.004077613596105749, 0.9991211544101126];
tag.p=[516.3789396307768, 451.7869405327383;
  505.7707888029975, 421.2828920413951;
  473.801007633434, 442.3443398208821;
  483.240746688246, 473.3081916495706]';
tag.c=[494.6477957978487;
  446.9675774354638];
tag.uH=[3.140321397244158, -14.58007692502662, 493.8713030826634;
  -7.99037744231066, 12.282305716603, 446.624255803254;
  0.01656287506008858, 0.003632234801269931, 0.999293940316639]';
tag.up=[516.0979469485305, 451.7755662552703;
  505.4099452724234, 421.2013768858997;
  473.2089914259064, 442.2968398262129;
  482.7304233574285, 473.3506949144796]';
tag.uc=[494.227, 446.941];
tags{3}=tag;

tag.id=0;
tag.hammingDistance=0;
tag.familyName='Tag36h11';
tag.H=[5.563255548417626, -30.97052591887326, 911.9031264546097;
  -21.26091028249888, -10.14245804202853, 639.5331948126633;
  0.002820579292989587, -0.01057900601025812, 0.9994691191319388];
tag.p=[930.5845542923532, 666.1221348662729;
  936.3868226640337, 620.4306045003341;
  893.9057155123198, 613.2129371393877;
  887.7359201926178, 659.8435756622522]';
tag.c=[912.3874955202397;
  639.8728910885332];
tag.uH=[6.079900972557253, -30.49458310579402, 913.8146237788535;
  -21.09422734896622, -9.731488355083918, 640.9497485645436;
  0.003499717563916986, -0.009617484349667086, 0.9995723280051505]';
tag.up=[932.9211458737557, 667.9745398107634;
  938.4868751825622, 621.7020192713045;
  895.2600612786689, 614.1437874186834;
  889.2922150003168, 661.273469290233]';
tag.uc=[914.192, 641.216];
tags{4}=tag;

tag.id=6;
tag.hammingDistance=0;
tag.familyName='Tag36h11';
tag.H=[18.85761656119211, 30.94153563317964, 1045.715895706724;
  34.41892210105252, 18.84550194528413, 728.5945555456706;
  0.02462533211667386, 0.01830539148482501, 0.999344160604131];
tag.p=[1041.303587947825, 706.1069045786267;
  1027.810354734134, 739.9766729137917;
  1051.080731678613, 750.1466181715597;
  1065.230629327689, 718.0299544051447]';
tag.c=[1046.402167472075;
  729.0727101514409];
tag.uH=[18.63657697325873, 30.63371812510535, 1052.238921940809;
  34.63177600297128, 18.59370737231999, 733.2639673626331;
  0.02428132705705494, 0.01739600708336555, 0.999488867604718]';
tag.up=[1047.147541180198, 709.9917912099762;
  1033.656536403857, 744.5590316706343;
  1057.9584513937, 755.3926469263083;
  1072.169792234043, 722.5733325748557]';
tag.uc=[1052.77, 733.633];
tags{5}=tag;

tag.id=3;
tag.hammingDistance=0;
tag.familyName='Tag36h11';
tag.H=[0.3984468906976133, -14.21800512275922, 559.5277908053156;
  -26.90739801792136, -1.642641014087012, 764.3602830468421;
  -0.009155083739099089, 0.009073656786443436, 0.9993949133113327];
tag.p=[573.6477452642259, 793.3257548341983;
  585.1651419948826, 753.2827226855164;
  546.0831260886101, 736.3157348111024;
  535.474324655594, 775.9499664472748]';
tag.c=[559.8665586073589;
  764.8230673040536];
tag.uH=[1.196456145219799, -14.28606418673295, 558.6813431377219;
  -26.55522572855838, -1.586561149329411, 767.0303813825917;
  -0.008027599763023786, 0.009245643267097911, 0.9995103604216116]';
tag.up=[572.7450034583449, 796.5359795720534;
  584.5479058236092, 755.4844775102551;
  545.1906014285572, 738.3543544958208;
  534.2332503463606, 778.9289894507499]';
tag.uc=[558.961, 767.393];
tags{6}=tag;

tag.id=11;
tag.hammingDistance=0;
tag.familyName='Tag36h11';
tag.H=[-4.572084519179833, 2.453633979122201, 470.2070472481534;
  -0.3761673125017899, 25.3069855487621, 871.1539325870552;
  0.01356657844617583, 0.01951717754847039, 0.9994590923876862];
tag.p=[488.7598844887209, 875.6671269253325;
  466.2077192900248, 850.995019609686;
  453.3357598102996, 867.8426781292385;
  474.6649746723783, 892.0115780058168]';
tag.c=[470.4615234674977;
  871.6254014017595];
tag.uH=[-4.501076166535995, 1.785290788624998, 467.0363066187884;
  -0.2646233631580653, 25.19669598472204, 877.9887245576703;
  0.01401754453390081, 0.01875520715325692, 0.9995634285041022]';
tag.up=[485.8879464164195, 882.3618578563065;
  463.1445816139705, 856.962730111284;
  449.7763177495119, 874.64081999579;
  471.2938193469521, 899.5820586633903]';
tag.uc=[467.244, 878.365];
tags{7}=tag;

tag.id=10;
tag.hammingDistance=0;
tag.familyName='Tag36h11';
tag.H=[6.737552957397351, 18.57637032998203, 588.3156406132554;
  31.6073351802898, 9.160699875938404, 951.0772603529888;
  0.01934544587887402, 0.001065225309032375, 0.99949776580087];
tag.p=[575.0272068987208, 929.7530631395042;
  566.4072429944432, 956.5189154157509;
  601.651620524233, 972.4846461095916;
  611.6426075978221, 946.40646160683]';
tag.c=[588.6112613186826;
  951.5551638986574];
tag.uH=[5.934181679644881, 18.66774069398345, 586.8521887993739;
  31.54538751205082, 9.145605125520609, 960.6554960419418;
  0.01831457137111457, 0.0006832182758074479, 0.9996008330903727]';
tag.up=[573.3703637947988, 938.164515639603;
  564.3932836684912, 966.4063353270575;
  600.2880377137875, 983.0653039526462;
  610.5954859710697, 955.4880099319506]';
tag.uc=[587.089, 961.025];
tags{8}=tag;

tag.id=4;
tag.hammingDistance=0;
tag.familyName='Tag36h11';
tag.H=[-14.36775627756068, -20.4355663717039, 718.113379568967;
  -31.60429700907904, -2.320912892853047, 1014.306198517216;
  -0.01843121868609449, -0.00198255423449182, 0.9996119360335607];
tag.p=[738.1350250379594, 1027.65194957088;
  736.5828348102011, 1001.891387598359;
  697.8261220868588, 1001.207953146633;
  700.7904539697986, 1027.093838827264]';
tag.c=[718.3921616806879;
  1014.69996701116];
tag.uH=[-13.72245799403083, -20.74049173524205, 719.3633475784616;
  -31.6472269654062, -2.218389185680284, 1027.545731717999;
  -0.01739648470176922, -0.001765101105157522, 0.9996947467374047]';
tag.up=[739.8739112502585, 1041.770581686616;
  738.1461125670276, 1014.2844235754;
  698.4968460181705, 1013.411235231548;
  701.5937611304843, 1041.022963077396]';
