% AprilTagFinder log 26
% @ Wed Mar  7 16:07:32 2018

K=[1664.010615128407, 0, 667.9657771371558;
  0, 1668.819944196452, 457.9230104705811;
  0, 0, 1];
distCoeffs=[-0.2237256636237109;
  0.2343996528647796;
  0;
  0;
  0];
tags={};

tag.id=28;
tag.hammingDistance=0;
tag.familyName='Tag16h5';
tag.H=[11.56515472754038, 4.542915076961234, 420.8050655304181;
  1.834620223785953, -13.4894065653785, 33.63277549713458;
  -0.004733549105010951, 0.008967966422397562, 0.9625918605977903];
tag.p=[422.2818934245051, 47.2553974054924;
  450.8711753719699, 51.59374056300233;
  451.9044892708758, 22.73209743836756;
  423.8304140934536, 18.75332677215894]';
tag.c=[437.1583458737009;
  34.9398087329015];
tag.uH=[11.97728384932883, 3.629422706839712, 411.1829805229629;
  2.135742863716542, -14.00515197338153, 25.98268044689903;
  -0.004266243597516978, 0.007374666916960345, 0.9495767982000503]';
tag.up=[417.9370754194858, 39.99291029253868;
  447.3006504754065, 44.91089924584855;
  447.97342058142, 14.81413402598884;
  419.0971927565678, 10.23884000760665]';
tag.uc=[433.024, 27.3626];
tags{1}=tag;

