% AprilTagFinder log 30
% @ Wed Mar  7 16:07:34 2018

K=[1664.010615128407, 0, 667.9657771371558;
  0, 1668.819944196452, 457.9230104705811;
  0, 0, 1];
distCoeffs=[-0.2237256636237109;
  0.2343996528647796;
  0;
  0;
  0];
tags={};

tag.id=28;
tag.hammingDistance=0;
tag.familyName='Tag16h5';
tag.H=[17.96111924987567, 3.174641288387019, 439.0846752997031;
  2.330777265123191, -18.59043406480006, 73.56830564132423;
  -0.002360213734886425, 0.003737098698364768, 0.983759654299644];
tag.p=[425.4440609171767, 91.43886196385691;
  464.2412148091285, 96.64841625265386;
  467.1641112634078, 58.1733054836378;
  428.6459676478772, 53.18656743424968]';
tag.c=[446.3332820985582;
  74.78280423453513];
tag.uH=[18.67867583394461, 2.145183370005101, 435.6835501478821;
  2.717723815826941, -19.4171594172321, 67.8124221490968;
  -0.001794923312060861, 0.001902966581384901, 0.9836099999148371]';
tag.up=[421.7978116952246, 85.92887068481474;
  461.5020359641954, 91.79089826667769;
  464.042211408866, 51.95832444540019;
  424.5529279717878, 46.26443957846425]';
tag.uc=[442.956, 68.9444];
tags{1}=tag;

