% AprilTagFinder log 72
% @ Wed Mar  7 16:05:44 2018

K=[1664.010615128407, 0, 667.9657771371558;
  0, 1668.819944196452, 457.9230104705811;
  0, 0, 1];
distCoeffs=[-0.2237256636237109;
  0.2343996528647796;
  0;
  0;
  0];
tags={};

tag.id=1;
tag.hammingDistance=0;
tag.familyName='Tag36h11';
tag.H=[23.98775083260202, 1.493257514109215, 501.564514248174;
  -2.5288041145272, -29.14120987765683, 113.7656509620696;
  -0.01284472358067051, 0.001229804028540591, 0.9833674522995626];
tag.p=[478.4843625073044, 146.1690870799986;
  540.6611295899861, 144.8252155250634;
  542.3659880821418, 84.48204064647696;
  480.2986344864862, 87.37675669807983]';
tag.c=[510.0479104482122;
  115.6898682135894];
tag.uH=[24.76828658139689, -0.05949542946528633, 500.6025385152042;
  -2.202404389529591, -30.3319489947256, 110.1746943022939;
  -0.01234150276056873, -0.001373448082321992, 0.984927095964508]';
tag.up=[476.4980019014637, 142.9009263828188;
  539.5125574983404, 142.0003745144711;
  540.8381755078326, 79.93945491641978;
  477.7687947690796, 82.38162213861762]';
tag.uc=[508.285, 111.869];
tags{1}=tag;

tag.id=0;
tag.hammingDistance=0;
tag.familyName='Tag36h11';
tag.H=[23.16262670229557, 0.5491249963341875, 425.7608804390939;
  -2.536165681928744, -28.66787837336841, 116.6040423692496;
  -0.01272001538731947, -0.001613105853867646, 0.9846338491750198];
tag.p=[402.4648868750439, 147.9609344470763;
  460.5670001388324, 146.6171599865963;
  463.2302328524835, 88.01394851656354;
  404.8718255302072, 90.85932145145627]';
tag.c=[432.4052852700724;
  118.4237597224053];
tag.uH=[24.16824126753995, -0.7419290085901266, 423.1882947038886;
  -2.08162134667908, -29.82220806362538, 112.2765911159393;
  -0.01199037208153498, -0.003900293708672528, 0.9859205230061403]';
tag.up=[399.0010086819286, 143.9169899059841;
  458.2836404647304, 143.1898339647418;
  460.3738389459093, 82.85311533420736;
  400.703365051994, 85.04356448966467]';
tag.uc=[429.259, 113.89];
tags{2}=tag;

tag.id=25;
tag.hammingDistance=0;
tag.familyName='Tag36h11';
tag.H=[23.21800425817325, 3.316928633449771, 504.1139830590959;
  -3.092853081357872, -28.8103655692182, 190.4012964242003;
  -0.01545053274944746, 0.004809270977095441, 0.9929804081297805];
tag.p=[475.8556580529431, 221.5023068368524;
  538.7107626915148, 222.1797378751415;
  540.1891168833049, 161.3476143767093;
  477.8856008362146, 162.5318280989148]';
tag.c=[507.6776731260636;
  191.747284100811];
tag.uH=[23.97796988389105, 2.188098896722698, 503.4266577409327;
  -2.72935225413643, -29.75769316664359, 188.5711986798514;
  -0.01477757560876681, 0.002959447787831932, 0.9940682022174051]';
tag.up=[474.4403206896133, 219.7605190699578;
  537.9672349607686, 220.8236461114034;
  539.1347944636632, 158.9004844502057;
  476.0347602133442, 159.6555576186854]';
tag.uc=[506.451, 189.71];
tags{3}=tag;

tag.id=24;
tag.hammingDistance=0;
tag.familyName='Tag36h11';
tag.H=[23.82184263456953, 0.1524017635804621, 426.5572327774078;
  -2.556518396073262, -29.16626780390384, 191.1043594671309;
  -0.01227874447918884, -0.002225196173146749, 0.9932352215829294];
tag.p=[399.4912607011212, 221.1158938914862;
  457.9282607534959, 221.4383310760188;
  460.3219350945696, 162.8450795151976;
  401.5671300208056, 163.9553984816396]';
tag.c=[429.4624510975346;
  192.4059430379099];
tag.uH=[24.83569792019915, -0.7812893540602307, 424.5679867339816;
  -2.063460372181873, -30.08485204976984, 188.6240578926433;
  -0.01132868236919056, -0.003820923167082542, 0.9942140846603725]';
tag.up=[396.7742636522087, 218.7193750507113;
  456.2617840564831, 219.5620176716471;
  458.1908318500404, 159.8166172701241;
  398.2766499414453, 160.3243944142494]';
tag.uc=[427.065, 189.736];
tags{4}=tag;

