% AprilTagFinder log 1
% @ Wed Mar  7 16:06:14 2018

K=[1664.010615128407, 0, 667.9657771371558;
  0, 1668.819944196452, 457.9230104705811;
  0, 0, 1];
distCoeffs=[-0.2237256636237109;
  0.2343996528647796;
  0;
  0;
  0];
tags={};

tag.id=1;
tag.hammingDistance=0;
tag.familyName='Tag16h5';
tag.H=[5.108237237977381, -0.7650533404089886, 491.3337121844602;
  -9.46099910597616, -11.58290242298637, 211.6394249312773;
  -0.02012659638693521, 0.009760085878617368, 0.9983001947918193];
tag.p=[482.8061893269132, 230.6840557317722;
  513.424272102317, 220.7335249697784;
  501.7309400089117, 192.9233980320695;
  472.1519331149619, 203.7737752634011]';
tag.c=[492.170305833628;
  211.9997832670077];
tag.uH=[5.425190268051331, -1.401076101326119, 490.2030295215791;
  -9.35197289619782, -12.0683281767248, 209.9164761596643;
  -0.01984217214574171, 0.008818594169364683, 0.9985957889266696]';
tag.up=[481.5417094507909, 229.1322101658122;
  512.4395023034959, 219.2221054849841;
  500.4414458674188, 190.8677792842752;
  470.5547856380014, 201.700817593786]';
tag.uc=[490.895, 210.216];
tags{1}=tag;

tag.id=0;
tag.hammingDistance=0;
tag.familyName='Tag16h5';
tag.H=[11.83292011991753, 12.18231739106047, 450.3982675998938;
  -6.628492553285172, -5.033079113924931, 226.2020893679045;
  -0.006185748042531627, 0.03802789110220374, 0.9979262505838805];
tag.p=[441.3518727490622, 246.214236609988;
  471.8914953317336, 235.5077129467906;
  460.6992291075179, 208.3386118907784;
  432.5212663996732, 218.5863002198156]';
tag.c=[451.3342216785745;
  226.6721506078781];
tag.uH=[12.18348898985893, 11.55057412269725, 448.8478911705714;
  -6.514676242390134, -5.56089618580908, 224.4482033952212;
  -0.005851132685317196, 0.03717904692181568, 0.9983173221997672]';
tag.up=[439.6213010730895, 244.5974902387212;
  470.5215912851002, 233.9537732189206;
  458.9709642439685, 206.2574851935078;
  430.4205811121997, 216.4508879122563]';
tag.uc=[449.609, 224.831];
tags{2}=tag;

tag.id=6;
tag.hammingDistance=0;
tag.familyName='Tag16h5';
tag.H=[14.45704501858014, -7.227736304062551, 506.4861701404866;
  -5.76030908521011, -15.03607513725903, 250.581837812714;
  -0.002204806544718432, -0.003144350982929092, 0.9988126548736469];
tag.p=[497.1876596582329, 270.2534777599488;
  528.3018650288304, 259.9220127183779;
  517.0954747983957, 231.2973291964003;
  485.8347055832519, 241.8203970396273]';
tag.c=[507.0882589133382;
  250.8797186239229];
tag.uH=[14.72956493977282, -7.769932840178123, 505.7065225342194;
  -5.669134117081746, -15.44454468668456, 249.4959486146973;
  -0.00191845893673772, -0.003964136825832983, 0.9990179653900545]';
tag.up=[496.3103793001546, 269.2894268775101;
  527.6475158395136, 258.9943443579027;
  516.2054023281469, 229.9603312794702;
  484.677212303787, 240.4470052257703]';
tag.uc=[506.207, 249.745];
tags{3}=tag;

tag.id=5;
tag.hammingDistance=0;
tag.familyName='Tag16h5';
tag.H=[13.003304106532, 0.7064917941839565, 464.2893894989479;
  -6.47464147943262, -10.85559514633784, 265.0793966073547;
  -0.004398621990333711, 0.01280809353926572, 0.9987948915128304];
tag.p=[454.9537831591427, 285.1512426782491;
  485.5256139713705, 274.5146659945742;
  474.5801377851583, 245.9770519941564;
  444.8738801726363, 256.5925497887154]';
tag.c=[464.8495836774949;
  265.399231473692];
tag.uH=[13.33494897151808, 0.18203940686523, 463.1210968375495;
  -6.349051833588729, -11.2796922177717, 263.9342555436385;
  -0.004047064962375465, 0.01204725600595095, 0.9990147790438599]';
tag.up=[453.6764709663134, 284.1152283137218;
  484.5516300331611, 273.5355132764806;
  473.3136961764263, 244.5890627850478;
  443.2724434041123, 255.1473247189268]';
tag.uc=[463.583, 264.198];
tags{4}=tag;

