% AprilTagFinder log 54
% @ Wed Mar  7 16:05:42 2018

K=[1664.010615128407, 0, 667.9657771371558;
  0, 1668.819944196452, 457.9230104705811;
  0, 0, 1];
distCoeffs=[-0.2237256636237109;
  0.2343996528647796;
  0;
  0;
  0];
tags={};

tag.id=0;
tag.hammingDistance=0;
tag.familyName='Tag36h11';
tag.H=[21.64587812524173, 4.406488522904739, 499.7463528677533;
  -0.7956557443326366, -25.49371281815875, 29.38071030665363;
  -0.0116761388634321, 0.004890351957138741, 0.8852644343933491];
tag.p=[531.0171724742967, 62.40688869292401;
  595.1271627786213, 62.25267111611287;
  598.5332950550142, 3.518971978437058;
  535.0304029005911, 5.192384849429245]';
tag.c=[564.5164692629019;
  33.18862609315999];
tag.uH=[21.73146494298136, 2.469830769344596, 487.0508967965057;
  -0.53590071579545, -26.06511329145863, 23.25097240017406;
  -0.01122564370566007, 0.001775109328458272, 0.8651628081344958]';
tag.up=[529.144556157335, 56.99865583735328;
  594.2048737802174, 57.24265816906467;
  597.3973686208458, -3.915150259990583;
  532.7439352110515, -2.594511253226699]';
tag.uc=[562.979, 26.8759];
tags{1}=tag;

tag.id=24;
tag.hammingDistance=0;
tag.familyName='Tag36h11';
tag.H=[28.31787385525667, 5.180829985743784, 549.5542468981162;
  -0.4444902941057683, -28.40797633620645, 106.0623277510205;
  -0.006034691492858275, 0.005841954324803056, 0.9816395802832756];
tag.p=[525.6045598465407, 137.4112381343776;
  590.5477209058412, 138.2047189367737;
  594.0749158542733, 78.66942734833773;
  529.8526477967373, 78.60852158944536]';
tag.c=[559.8330160439631;
  108.0460994863447];
tag.uH=[28.96756200501985, 3.487026685028968, 549.3353513689904;
  -0.1953408976134638, -29.61196897569434, 102.6035241079981;
  -0.00569128051302489, 0.003074725745833869, 0.9832850095397736]';
tag.up=[524.2236705742431, 134.3023066677363;
  589.8856867287109, 135.4706741111498;
  593.2098160041866, 74.22920006978643;
  528.0915738740658, 73.77190063928521]';
tag.uc=[558.692, 104.355];
tags{2}=tag;

