% AprilTagFinder log 68
% @ Fri Mar 16 13:46:43 2018

K=[1664.010615128407, 0, 667.9657771371558;
  0, 1668.819944196452, 457.9230104705811;
  0, 0, 1];
distCoeffs=[-0.2237256636237109;
  0.2343996528647796;
  0;
  0;
  0];
tags={};

tag.id=1;
tag.hammingDistance=0;
tag.familyName='Tag36h11';
tag.H=[16.7143618093183, -17.56813822786462, 960.1262496877772;
  -6.324345879109306, -6.110303582013374, 273.2227378126526;
  0.01721950174661479, -0.00142648694276437, 0.9992638513319529];
tag.p=[977.131187233597, 290.4584220130178;
  976.9124048394311, 268.2051835846632;
  945.0430860303061, 256.9196830758044;
  944.1432640800832, 278.8413208922074]';
tag.c=[960.8335660376306;
  273.4240185397126];
tag.uH=[16.41762626643141, -17.45843760383393, 963.0434062938122;
  -6.644393135250519, -5.933943631748491, 271.5090337136135;
  0.01676283976145777, -0.0009719929273718869, 0.999401911530869]';
tag.up=[980.1555159363757, 288.8202440505696;
  980.1201295691109, 266.2353852104615;
  947.6133280765827, 255.0551233051926;
  946.5164818149535, 277.3024559890526]';
tag.uc=[963.611, 271.674];
tags{1}=tag;

tag.id=2;
tag.hammingDistance=0;
tag.familyName='Tag36h11';
tag.H=[-12.97561796825689, -6.550417375820148, 502.8129445229293;
  8.199347682637839, 9.032398754321909, 331.0380743532488;
  0.005614163162585742, -0.01227516437392257, 0.9991805185419417];
tag.p=[519.3054468412978, 311.9838679887287;
  488.0566913318995, 324.6630745712768;
  486.9293759367666, 350.8946823805391;
  518.947025901251, 338.1984149729266]';
tag.c=[503.2253283487364;
  331.3095764079923];
tag.uH=[-13.16742187696727, -6.392277620750628, 502.3171877666935;
  8.128895868251497, 9.190899272223854, 330.6497097784559;
  0.005448212141846196, -0.01205414759835685, 0.9993395819224902]';
tag.up=[518.7888636999893, 311.4767407644511;
  487.3347864493777, 324.1283545045293;
  486.2874696658797, 350.5151887841795;
  518.5103268597445, 337.8475623744116]';
tag.uc=[502.655, 330.872];
tags{2}=tag;

tag.id=16;
tag.hammingDistance=0;
tag.familyName='Tag36h11';
tag.H=[3.159379716042407, -13.44378810160675, 494.1927973872089;
  -7.96808756445168, 13.17349219480088, 446.5802854508916;
  0.01649526939701512, 0.005708518055199066, 0.9991165471797639];
tag.p=[516.3994438085407, 451.8058305878172;
  505.7870055010452, 421.2667750609868;
  473.8066721994875, 442.3545431943612;
  483.229010782417, 473.2447278022107]';
tag.c=[494.6297794608464;
  446.975166922685];
tag.uH=[3.055608984968424, -13.78456231029271, 493.8516390858616;
  -8.061087646061354, 12.99779162267468, 446.6304609433864;
  0.01638353490548743, 0.005262883564673589, 0.9992908228273716]';
tag.up=[516.118567559655, 451.7944944915913;
  505.4262511644644, 421.1852360546586;
  473.2147122926365, 442.3070774397081;
  482.7186195860274, 473.2870586808655]';
tag.uc=[494.209, 446.949];
tags{3}=tag;

tag.id=0;
tag.hammingDistance=0;
tag.familyName='Tag36h11';
tag.H=[5.976075561114384, -30.85364543421826, 911.8953191973249;
  -20.96956814619707, -10.07849117214582, 639.5204724153206;
  0.003269855322378359, -0.01047870436223247, 0.9994692285813572];
tag.p=[930.5585468633933, 666.1201298017957;
  936.3485828809972, 620.4287002472711;
  893.9364783808943, 613.2184914791584;
  887.741959577044, 659.8335308493993]';
tag.c=[912.3795842035732;
  639.8600918640121];
tag.uH=[6.493525923795666, -30.37803894652158, 913.8062682206787;
  -20.80224152371865, -9.667888469645229, 640.9365761766902;
  0.003948906839050683, -0.00951824895140725, 0.9995720959633096]';
tag.up=[932.8946110000259, 667.9722821833213;
  938.4478922940092, 621.6998313216732;
  895.2912870470593, 614.1495664474116;
  889.298273365097, 661.2633314917161]';
tag.uc=[914.184, 641.203];
tags{4}=tag;

tag.id=3;
tag.hammingDistance=0;
tag.familyName='Tag36h11';
tag.H=[0.2726896686657021, -14.59502683749933, 559.5390766295543;
  -27.08020654050159, -2.191220512452205, 764.3626521278875;
  -0.009381855154330035, 0.00839535989691241, 0.9993986014120564];
tag.p=[573.6405067497632, 793.3285709903544;
  585.1612455849499, 753.3186179259039;
  546.0838626652979, 736.2603283188548;
  535.4741543278145, 775.9245013316871]';
tag.c=[559.875785136159;
  764.8226153687976];
tag.uH=[1.070848090735655, -14.66098798975543, 558.6924516606691;
  -26.72866868315991, -2.135806675951676, 767.0323519805498;
  -0.008254472711430432, 0.008569658397689712, 0.9995135945516149]';
tag.up=[572.7376719404016, 796.5389070333579;
  584.543839352132, 755.5211433888369;
  545.191638274357, 738.29786887579;
  534.2332435573644, 778.9028894490748]';
tag.uc=[558.971, 767.392];
tags{5}=tag;

tag.id=11;
tag.hammingDistance=0;
tag.familyName='Tag36h11';
tag.H=[-5.092731428414493, 2.605699886479207, 470.2185620772672;
  -1.335363615456406, 25.5547461747617, 871.1739518198725;
  0.01246842273864385, 0.01980902582722768, 0.9994678101610469];
tag.p=[488.7410094116062, 875.6854936640345;
  466.1903508595061, 850.9834585838443;
  453.3401307920434, 867.8434204621529;
  474.685140790202, 891.9910181436101]';
tag.c=[470.4689408671397;
  871.6378286155089];
tag.uH=[-5.018243405691295, 1.937318300089179, 467.0472580809313;
  -1.231245158052574, 25.44687718189753, 878.0081983645118;
  0.01291939488810158, 0.01904809779012087, 0.9995709737544978]';
tag.up=[485.8684749941861, 882.3812038971075;
  463.1269801326234, 856.9509338748577;
  449.7807814487935, 874.6415360039559;
  471.3147008277478, 899.5603235180909]';
tag.uc=[467.252, 878.378];
tags{6}=tag;

tag.id=10;
tag.hammingDistance=0;
tag.familyName='Tag36h11';
tag.H=[5.756439126773409, 18.03135899854524, 588.3298532289285;
  29.98668003122149, 8.278540596099623, 951.0677646830895;
  0.01762251106216169, 0.0001492009654705283, 0.9995304719157116];
tag.p=[575.0313398456132, 929.7625662742525;
  566.42359010434, 956.5115895570466;
  601.7068094570586, 972.506498978979;
  611.5782221762195, 946.3396443507999]';
tag.c=[588.6062203799838;
  951.5145274763481];
tag.uH=[4.955362566866683, 18.12337609360802, 586.86163795075;
  29.90756539153355, 8.253330299690761, 960.6362094125629;
  0.01659002996126026, -0.0002336361105958027, 0.9996253256753945]';
tag.up=[573.3745148099499, 938.1744705333738;
  564.4100325727294, 966.3984830535409;
  600.3442899342808, 983.0881617144582;
  610.5301407786934, 955.4178955458872]';
tag.uc=[587.084, 960.983];
tags{7}=tag;

tag.id=4;
tag.hammingDistance=0;
tag.familyName='Tag36h11';
tag.H=[-14.46951759138938, -20.51399148661643, 718.0990024435301;
  -31.74464096605131, -2.430222210761503, 1014.31285025926;
  -0.01855899057501548, -0.002067482481806042, 0.9996089904928643];
tag.p=[738.145789307647, 1027.691891622831;
  736.5787805656984, 1001.913249573921;
  697.781095370942, 1001.180276078301;
  700.7717539152305, 1027.090598289028]';
tag.c=[718.3798958125279;
  1014.709611364285];
tag.uH=[-13.82402871129554, -20.81743908162892, 719.3491997926607;
  -31.78912426893467, -2.327384105166038, 1027.553685421298;
  -0.01752338316040268, -0.001847090442096144, 0.9996925064098559]';
tag.up=[739.8851680783722, 1041.813346798538;
  738.1420772863594, 1014.307666293304;
  698.4507394225997, 1013.381688573095;
  701.5745923493186, 1041.019450888935]';
tag.uc=[719.57, 1027.86];
tags{8}=tag;

tag.id=13;
tag.hammingDistance=0;
tag.familyName='Tag36h11';
tag.H=[-7.364735163439476, 8.150554355388197, 857.7044263400921;
  9.844744550278802, -2.799704892238236, 1059.055203824558;
  0.00121773162316695, -0.005526720804087825, 0.9998851247397241];
tag.p=[853.3396036374897, 1047.616341883528;
  836.6425504717341, 1064.641530088185;
  862.3049658077451, 1070.83748334748;
  879.2507851135321, 1053.638002706641]';
tag.c=[857.8029666791549;
  1059.176877043986];
tag.uH=[-7.505824343231851, 8.489558411956672, 863.2890621366739;
  10.40775080362998, -2.615995052739772, 1076.714578358536;
  0.001232036321519689, -0.005659136954863425, 0.9999025785029634]';
