% AprilTagFinder log 52
% @ Fri Mar 16 13:46:35 2018

K=[1664.010615128407, 0, 667.9657771371558;
  0, 1668.819944196452, 457.9230104705811;
  0, 0, 1];
distCoeffs=[-0.2237256636237109;
  0.2343996528647796;
  0;
  0;
  0];
tags={};

tag.id=1;
tag.hammingDistance=0;
tag.familyName='Tag36h11';
tag.H=[15.26413995245305, -17.04774564490852, 960.1654109149702;
  -6.746805165550996, -5.954313626524557, 273.2607208158943;
  0.01569778496301659, -0.0009202230946210477, 0.9992900866085014];
tag.p=[977.0815428288872, 290.4603368895269;
  976.9361044795028, 268.2016520071236;
  945.0866583328825, 256.9449902234554;
  944.2148052948695, 278.8857222432372]';
tag.c=[960.8475294433102;
  273.4548500759334];
tag.uH=[14.9618024776118, -16.93568273344516, 963.0769078745961;
  -7.064792841761077, -5.778749506396029, 271.5457034377288;
  0.01523936026189344, -0.0004654841741891727, 0.9994221742240562]';
tag.up=[980.1046358476867, 288.8225839969188;
  980.1444562951746, 266.2315830036251;
  947.6576065534014, 255.0804461974395;
  946.5891482646711, 277.3469080455191]';
tag.uc=[963.625, 271.705];
tags{1}=tag;

tag.id=2;
tag.hammingDistance=0;
tag.familyName='Tag36h11';
tag.H=[-13.60355854458232, -6.470263904657332, 502.8360020758838;
  7.756551727423155, 9.076234893132487, 331.0356871483057;
  0.004343501858265615, -0.01213072101641544, 0.999189844079014];
tag.p=[519.2867281843612, 312.0258762574702;
  488.0577383452498, 324.6309628453444;
  486.9486599000878, 350.8851651433029;
  518.938832060931, 338.2009638828255]';
tag.c=[503.2437079455748;
  331.3040951226162];
tag.uH=[-13.7951761134666, -6.31180658907162, 502.3393623549395;
  7.686150036824563, 9.23487170114236, 330.6466767909342;
  0.004176361904714793, -0.01190900596117824, 0.9993468681306933]';
tag.up=[518.7701585499036, 311.5189720916196;
  487.3357211927251, 324.0960276344065;
  486.3068935520894, 350.5056801081759;
  518.502087141958, 337.8501011880993]';
tag.uc=[502.674, 330.866];
tags{2}=tag;

tag.id=16;
tag.hammingDistance=0;
tag.familyName='Tag36h11';
tag.H=[2.78602477400954, -14.27568016181808, 494.2189631679507;
  -8.321438637359606, 12.42273985866529, 446.6028898632363;
  0.01573279613267589, 0.004008787036438817, 0.9991367534076376];
tag.p=[516.3478786939478, 451.8110790092659;
  505.7874309389059, 421.2832539986724;
  473.785034435049, 442.3532966642778;
  483.2399226980625, 473.3046753262017]';
tag.c=[494.6459646113272;
  446.9887513796892];
tag.uH=[2.68277823345353, -14.61549982684477, 493.8755808983108;
  -8.414237221499155, 12.24714258302791, 446.6509952512808;
  0.01562135928764609, 0.003563347829750378, 0.9993063127686042]';
tag.up=[516.0667173923077, 451.7997450003999;
  505.4266949544653, 421.2017555808478;
  473.192877579824, 442.3058166071104;
  482.7295941818347, 473.3471691191075]';
tag.uc=[494.225, 446.962];
tags{3}=tag;

tag.id=0;
tag.hammingDistance=0;
tag.familyName='Tag36h11';
tag.H=[5.418347715768302, -30.29471817895258, 911.8967346423253;
  -21.34270838767915, -9.662777178870238, 639.539256333236;
  0.002678882018759714, -0.00984882892483979, 0.9994774281121938];
tag.p=[930.5871433763032, 666.1168136335854;
  936.3685656983636, 620.4112023682246;
  893.8966811990574, 613.2512172809943;
  887.7693093233154, 659.830157720995]';
tag.c=[912.3735153926485;
  639.8736363073186];
tag.uH=[5.934925606211787, -29.8176944880751, 913.8060398478609;
  -21.17586718277708, -9.250971311809556, 640.9543462920401;
  0.003358456761844703, -0.008887898930970233, 0.9995784922172005]';
tag.up=[932.9237407658474, 667.9691575763359;
  938.4681379334291, 621.6822610560389;
  895.2511108080411, 614.1823918951441;
  889.3260008994243, 661.2601036010944]';
tag.uc=[914.177, 641.217];
tags{4}=tag;

tag.id=3;
tag.hammingDistance=0;
tag.familyName='Tag36h11';
tag.H=[0.129303106340215, -14.67846169733779, 559.5407003975961;
  -27.28142399482627, -2.302042945035342, 764.3794377668414;
  -0.009640007519204651, 0.008250954851691483, 0.9993971983794507];
tag.p=[573.6388348541104, 793.3391409765127;
  585.17046976385, 753.3320009498198;
  546.0792521065288, 736.2624984416403;
  535.4755482380976, 775.9441712507546]';
tag.c=[559.8781958813836;
  764.8404848505711];
tag.uH=[0.9278467461050768, -14.74435689323341, 558.6943051265442;
  -26.93052798456186, -2.247033627446883, 767.0499466275273;
  -0.008512428727094491, 0.008425226074775229, 0.9995127227328283]';
tag.up=[572.7359301788042, 796.5497697224141;
  584.5530912078647, 755.5347728429758;
  545.1869717390916, 738.3001056384708;
  534.2345264111098, 778.9230415059559]';
tag.uc=[558.973, 767.41];
tags{5}=tag;

tag.id=6;
tag.hammingDistance=0;
tag.familyName='Tag36h11';
tag.H=[18.93765197582253, 36.7093072773537, 1091.45461516927;
  32.96415257686927, 20.73038826959284, 781.9168611138616;
  0.02229005563538454, 0.02417218786068598, 0.9993307695699619];
tag.p=[1087.041525218528, 764.2421806793193;
  1076.429321439572, 796.1819743774191;
  1096.872478674723, 799.0217868357114;
  1107.882517776049, 768.7506777294573]';
tag.c=[1092.185538967194;
  782.440494102209];
tag.uH=[18.7999511529151, 36.75801443895727, 1100.85716787827;
  33.3090838874034, 20.66795470504778, 789.1018515696777;
  0.02193766762361427, 0.0235372872847158, 0.9994780586505851]';
tag.up=[1095.696892081005, 770.5687333545927;
  1085.206508764451, 803.450584592317;
  1106.666186856998, 806.8104780943827;
  1117.61587323086, 775.6278794613728]';
tag.uc=[1101.42, 789.508];
tags{6}=tag;

tag.id=11;
tag.hammingDistance=0;
tag.familyName='Tag36h11';
tag.H=[-3.91072153131446, 2.098413188886976, 470.1844561864967;
  0.8917121906252353, 24.60108009943745, 871.1207997068345;
  0.01499246989529985, 0.01870293212554832, 0.9994546418692326];
tag.p=[488.7312956001575, 875.609543792227;
  466.1592113293458, 851.0332765442413;
  453.3437815871596, 867.8445084519494;
  474.6911440207707, 892.0068730051329]';
tag.c=[470.4410150190837;
  871.5961317440265];
tag.uH=[-3.845536331962747, 1.433651044005435, 467.0135866385155;
  1.012691710907005, 24.48583648357095, 877.954497860313;
  0.01544187704457733, 0.01794177819555109, 0.9995588860670244]';
tag.up=[485.8594008743293, 882.302183187333;
  463.0945893007552, 857.0030247348022;
  449.7845036135902, 874.6426213616667;
  471.3206469397232, 899.5768182587422]';
tag.uc=[467.224, 878.334];
tags{7}=tag;

tag.id=10;
tag.hammingDistance=0;
tag.familyName='Tag36h11';
tag.H=[7.259575862715446, 19.19788378754072, 588.3298794329468;
  32.42405017482458, 10.14740923598151, 951.0849461232602;
  0.02019357991582309, 0.002122177459417864, 0.9994794941384912];
tag.p=[575.0033475902744, 929.7453973494834;
  566.4498684409222, 956.572875439777;
  601.6737092606666, 972.4613654859133;
  611.6397372768156, 946.4037570675464]';
tag.c=[588.636268060769;
  951.5802492206756];
tag.uH=[6.45514912696425, 19.28834769770471, 586.8695639653542;
  32.37037627361607, 10.14218512905782, 960.6687271485583;
  0.01916246112626957, 0.001741020343843164, 0.999587250134525]';
tag.up=[573.3460979602371, 938.1566176662247;
  564.4364255740036, 966.4629806125184;
  600.3107079073174, 983.0405568839344;
  610.5925717580278, 955.4851729756479]';
tag.uc=[587.114, 961.052];
tags{8}=tag;

tag.id=4;
tag.hammingDistance=0;
tag.familyName='Tag36h11';
tag.H=[-13.74003097027019, -20.69350970716986, 718.1313060520208;
  -30.71091387175465, -2.65627127728408, 1014.32354755082;
  -0.01755252367938785, -0.002309696324328101, 0.9996266390148502];
tag.p=[738.1785882917194, 1027.662758088834;
  736.5874735042013, 1001.914998270217;
  697.8185287281913, 1001.216561213613;
  700.7579308292086, 1027.105676825391]';
tag.c=[718.3995284076783;
  1014.70239783771];
tag.uH=[-13.09373332426075, -20.99878494630645, 719.3788657826577;
  -30.74211672759161, -2.5575984171717, 1027.559764945884;
  -0.01651775129660214, -0.002091493619492501, 0.9997058254654653]';
tag.up=[739.9186427599142, 1041.782377817048;
  738.150983160243, 1014.309572738104;
  698.4891007126399, 1013.420375436531;
  701.5604675636736, 1041.035533420359]';
