% AprilTagFinder log 83
% @ Wed Mar  7 16:05:45 2018

K=[1664.010615128407, 0, 667.9657771371558;
  0, 1668.819944196452, 457.9230104705811;
  0, 0, 1];
distCoeffs=[-0.2237256636237109;
  0.2343996528647796;
  0;
  0;
  0];
tags={};

tag.id=1;
tag.hammingDistance=0;
tag.familyName='Tag36h11';
tag.H=[23.86323421689982, 0.3807553497901225, 316.4706512585418;
  -3.424802738600964, -29.46380252711773, 175.0958586344018;
  -0.01337362568073356, -0.000257890519998061, 0.9910950209032243];
tag.p=[290.851939209421, 207.0060421611029;
  347.6076999601854, 205.6637204439514;
  348.5701913023688, 145.4859978756611;
  291.7596437024931, 148.4318485395623]';
tag.c=[319.3141369735966;
  176.6690932165414];
tag.uH=[25.29661880295433, -0.4831352699907032, 311.3544482421919;
  -2.768917221377741, -30.54349131860602, 170.8961536667986;
  -0.01211710872930817, -0.001703298462273419, 0.992099990309622]';
tag.up=[284.8310559894101, 202.9999792374717;
  343.4309573923624, 202.3748315728867;
  343.6076596168837, 140.6315833393167;
  284.8658267352116, 142.760554975407]';
tag.uc=[313.867, 172.275];
tags{1}=tag;

tag.id=0;
tag.hammingDistance=0;
tag.familyName='Tag36h11';
tag.H=[23.87120804558409, 0.6334908099214067, 246.6711089813205;
  -2.794913365093938, -28.53633593831134, 177.6762840367031;
  -0.010277121533202, 0.0001972208224740095, 0.9908345641719102];
tag.p=[221.9634323616904, 208.8165779126946;
  275.3159708142227, 207.4928195608192;
  276.4970873345829, 149.2167615261001;
  223.1413206145313, 151.7362528916044]';
tag.c=[248.952870540478;
  179.319828416761];
tag.uH=[25.49307830901095, -0.08259222091934917, 238.7407033531364;
  -2.075606244841829, -29.61883364908544, 172.4158674245111;
  -0.00885256136788481, -0.0008891173825237395, 0.9916374424971026]';
tag.up=[213.0181172071921, 203.820336138753;
  268.7054842346814, 203.2766824598641;
  269.002973037189, 143.3070170837631;
  213.2523705747705, 144.9293754725774]';
tag.uc=[240.787, 173.89];
tags{2}=tag;

tag.id=24;
tag.hammingDistance=0;
tag.familyName='Tag36h11';
tag.H=[24.43671249056685, 0.9303963619752651, 245.8063094948925;
  -2.248142786120856, -28.72817066279421, 251.6689335027475;
  -0.008696854720708386, 0.001135956221204845, 0.9938136951894214];
tag.p=[220.1366022581849, 282.2572579062913;
  273.6970097030278, 282.6772001695268;
  274.9532566676135, 223.7688154543395;
  221.4923202624205, 224.3707363602445]';
tag.c=[247.3364079049461;
  253.2355256533059];
tag.uH=[26.0887217615192, 0.408620564973697, 238.8395325686331;
  -1.441853145937216, -29.6012254185701, 248.3661425280212;
  -0.006937001366633933, 0.0004047757146462692, 0.9944986023458185]';
tag.up=[212.1118606701727, 279.1094677459627;
  267.9579637825484, 280.1262911557728;
  268.5569123577932, 219.9579168826519;
  212.7647617338587, 219.8053112260275]';
tag.uc=[240.191, 249.758];
tags{3}=tag;

tag.id=25;
tag.hammingDistance=0;
tag.familyName='Tag36h11';
tag.H=[23.47588203003452, 0.8740417025341495, 316.2771705985852;
  -3.928666955056372, -29.54669455694108, 251.7660111131909;
  -0.01526180985986174, 0.001154849867368589, 0.9944474804996325];
tag.p=[289.4511541921031, 282.8219887525402;
  346.4911368114709, 283.6148236064902;
  347.4579365085759, 222.6681903225521;
  290.5190901372531, 223.7174853789482]';
tag.c=[318.0431111753439;
  253.1717522042472];
tag.uH=[24.94393053283735, 0.2629383279253306, 312.0065543976528;
  -3.197362340071358, -30.38549538589518, 249.321618130607;
  -0.01372731808834509, 0.0001995175383502822, 0.9952467424956055]';
tag.up=[284.2905894151136, 280.4347093442512;
  343.0957805109365, 281.773812446468;
  343.4779962517797, 219.7468885301334;
  284.7128986190619, 220.114745759986]';
tag.uc=[313.528, 250.53];
tags{4}=tag;

