% AprilTagFinder log 19
% @ Fri Mar 16 13:46:24 2018

K=[1664.010615128407, 0, 667.9657771371558;
  0, 1668.819944196452, 457.9230104705811;
  0, 0, 1];
distCoeffs=[-0.2237256636237109;
  0.2343996528647796;
  0;
  0;
  0];
tags={};

tag.id=1;
tag.hammingDistance=0;
tag.familyName='Tag36h11';
tag.H=[17.46833206805063, -16.51570083619769, 960.0908381095377;
  -6.137061089764213, -5.843644491248683, 273.2278770465784;
  0.01801513197825692, -0.0003613923555869169, 0.999247887061016];
tag.p=[977.1229885393427, 290.556523153583;
  976.8583181403891, 268.2074618020917;
  945.0702448726927, 256.9050580807343;
  944.1674417228191, 278.8554177834362]';
tag.c=[960.8134783585614;
  273.4335299424001];
tag.uH=[17.17435020797972, -16.40516911069875, 963.0103233230062;
  -6.458726480619294, -5.670610108728459, 271.5153307338181;
  0.01755904005624536, 9.002416063385748e-05, 0.9993889516589809]';
tag.up=[980.1463337579228, 288.9197938439694;
  980.0646640636185, 266.2381890120437;
  947.6411885065463, 255.040036454738;
  946.5410466370367, 277.3165576950405]';
tag.uc=[963.59, 271.684];
tags{1}=tag;

tag.id=2;
tag.hammingDistance=0;
tag.familyName='Tag36h11';
tag.H=[-14.82386698911321, -6.752606854527938, 502.8714286174056;
  7.015770100953176, 8.90642311934087, 331.013868528802;
  0.001963368640096312, -0.01266158036026643, 0.9991882987410302];
tag.p=[519.3137021124672, 312.0070146937701;
  488.0584955712038, 324.6388979860403;
  486.8991212894255, 350.9757622301524;
  518.9535938815643, 338.1240238476033]';
tag.c=[503.2799415796001;
  331.2827711712367];
tag.uH=[-15.01327962194232, -6.594732760774006, 502.3749951817272;
  6.947200478099489, 9.064766773754437, 330.6248551446819;
  0.001797944085222147, -0.01244141540476432, 0.9993453775434848]';
tag.up=[518.7972564083976, 311.5000746516519;
  487.3365154762119, 324.1040198234952;
  486.2571986268222, 350.5966098013014;
  518.516726365962, 337.7728023265557]';
tag.uc=[502.71, 330.845];
tags{2}=tag;

tag.id=16;
tag.hammingDistance=0;
tag.familyName='Tag36h11';
tag.H=[3.465126761823755, -14.10309538426604, 494.1977434007822;
  -7.715131922680557, 12.58655158722519, 446.5651259355809;
  0.0170823644675119, 0.004359127980959885, 0.9991131071459426];
tag.p=[516.3653157501561, 451.7812521413065;
  505.7793869210421, 421.2770623511985;
  473.8205824269616, 442.3443349131287;
  483.206017653112, 473.3086007192992]';
tag.c=[494.6364329184941;
  446.9615329251708];
tag.uH=[3.361859612881551, -14.44299885297455, 493.8567383270019;
  -7.807595774800046, 12.41115477942752, 446.6153704984509;
  0.01697191448202866, 0.003913988515832053, 0.9992876235638015]';
tag.up=[516.0842467029083, 451.7698652487717;
  505.418593257007, 421.1955411712992;
  473.228743819922, 442.2968443653704;
  482.6954085412082, 473.3511209228054]';
tag.uc=[494.216, 446.935];
tags{3}=tag;

tag.id=0;
tag.hammingDistance=0;
tag.familyName='Tag36h11';
tag.H=[5.86006051811076, -30.43012700484843, 911.8952760142573;
  -21.0610619776255, -9.771872573633225, 639.5254684263999;
  0.003149275584423889, -0.01000131248600499, 0.999473971125495];
tag.p=[930.5784954688347, 666.1443683562455;
  936.3642772896252, 620.4039525974559;
  893.9206146207912, 613.2168884128581;
  887.7464567241365, 659.839023398736]';
tag.c=[912.3752117200046;
  639.8620543426842];
tag.uH=[6.377872724953791, -29.95326667735884, 913.80503536117;
  -20.8935409693197, -9.360299234528954, 640.9407704468235;
  0.00382918416843292, -0.00904023805671644, 0.9995755784301845]';
tag.up=[932.9151562121658, 667.9970686975902;
  938.4637184547034, 621.6748955358407;
  895.2751915102531, 614.1478598427163;
  889.3028745258293, 661.2689292374057]';
tag.uc=[914.179, 641.205];
tags{4}=tag;

tag.id=6;
tag.hammingDistance=0;
tag.familyName='Tag36h11';
tag.H=[19.73662282644388, 27.43860349971686, 1045.278063330783;
  34.87400646514708, 15.43939884984214, 727.1773559104012;
  0.02491136915863618, 0.01472219779231217, 0.9993954100526039];
tag.p=[1039.948445730099, 705.2415716048843;
  1027.725761420842, 739.5239361484453;
  1051.417538717218, 748.2859269888603;
  1064.469675608264, 715.4653100803503]';
tag.c=[1045.910410250697;
  727.6172659949735];
tag.uH=[19.50805425694045, 27.13478455855799, 1051.747718122612;
  35.07727245446686, 15.17374921742566, 731.7903070978875;
  0.02453434342882594, 0.01384221683679148, 0.9995276652914881]';
tag.up=[1045.731286305757, 709.0863846330036;
  1033.562155450094, 744.0923540744423;
  1058.278241877509, 753.4810883587795;
  1071.339332760996, 719.9273779376077]';
tag.uc=[1052.24, 732.13];
tags{5}=tag;

tag.id=3;
tag.hammingDistance=0;
tag.familyName='Tag36h11';
tag.H=[0.1951158791571715, -14.88446348529271, 559.5600013442295;
  -27.19112188714119, -2.581220421620891, 764.3827171184048;
  -0.009523434897778743, 0.007866599734155677, 0.9994018325812444];
tag.p=[573.642052612165, 793.315202211073;
  585.1656588125243, 753.3237555778027;
  546.1021154186054, 736.2706670652044;
  535.4885690343792, 775.9627550389388]';
tag.c=[559.8949122386576;
  764.8402196183343];
tag.uH=[0.9935682090036847, -14.95050746563196, 558.713248304691;
  -26.83984538123589, -2.527649038677901, 767.0523954376127;
  -0.008395819213518761, 0.00803989571013596, 0.9995163921757151]';
tag.up=[572.7392999356541, 796.5251708621134;
  584.5482706441313, 755.526372296883;
  545.21001247589, 738.3083111015333;
  534.2475838046901, 778.9420043084226]';
tag.uc=[558.99, 767.41];
tags{6}=tag;

tag.id=11;
tag.hammingDistance=0;
tag.familyName='Tag36h11';
tag.H=[-5.408982850714236, 2.984544119367512, 470.2190568977526;
  -1.933424592306767, 26.26885871961825, 871.181017291819;
  0.01176864948240388, 0.02062742267267403, 0.9994600599351166];
tag.p=[488.7406641147757, 875.6872284206337;
  466.2072784553382, 850.9768211082729;
  453.3525591584274, 867.8694864226029;
  474.6639338118143, 891.9632075263477]';
tag.c=[470.4730841653428;
  871.6516569440251];
tag.uH=[-5.332316335223476, 2.313283375008704, 467.0487907998067;
  -1.834077044575328, 26.16648197190624, 878.0177577625757;
  0.01221922312227132, 0.01986632160506498, 0.9995655367487141]';
tag.up=[485.8681032826963, 882.3830151287037;
  463.1443463472992, 856.9438418020967;
  449.7931627139037, 874.6685179207152;
  471.29334910314, 899.5315225821118]';
tag.uc=[467.256, 878.392];
tags{7}=tag;

tag.id=10;
tag.hammingDistance=0;
tag.familyName='Tag36h11';
tag.H=[7.163151452507399, 18.70924461742715, 588.3074829072409;
  32.29338670481852, 9.390504404320252, 951.0718413238665;
  0.02006736403678672, 0.001297817048840368, 0.9994833298693702];
tag.p=[575.0175349845778, 929.7322121519991;
  566.4225487114832, 956.5155628436722;
  601.6366506746571, 972.4809526383973;
  611.6499905912792, 946.4218564322871]';
tag.c=[588.6116009399889;
  951.5634857543538];
tag.uH=[6.35881070839813, 18.79966957574209, 586.8460954127544;
  32.23848430127118, 9.3772529306476, 960.6538039603821;
  0.01903670925315167, 0.000914893818996015, 0.9995899515941772]';
tag.up=[573.3606407214322, 938.1426773900828;
  564.4089400853319, 966.4026846139645;
  600.2727685842889, 983.0614683063695;
  610.602948174957, 955.504194501555]';
tag.uc=[587.089, 961.034];
tags{8}=tag;

tag.id=4;
tag.hammingDistance=0;
tag.familyName='Tag36h11';
tag.H=[-13.95971691955923, -19.82988959838758, 718.099766388863;
  -31.02441230946452, -1.472127988695539, 1014.317232498381;
  -0.01784841229180152, -0.001130901052716972, 0.9996236410460048];
tag.p=[738.1574632843075, 1027.695598451211;
  736.5606105334864, 1001.891145364061;
  697.8168746204425, 1001.199583238799;
  700.7780725091119, 1027.085752133687]';
tag.c=[718.3701314201057;
  1014.699123599158];
tag.uH=[-13.31321089100705, -20.13240023561916, 719.3470641343093;
  -31.05929149066118, -1.357230895909693, 1027.553732534793;
  -0.01681254939664397, -0.0009113008792676127, 0.9997034816886543]';
tag.up=[739.8971595857612, 1041.817374382075;
  738.123366001407, 1014.284049247473;
  698.4873706460808, 1013.402309891225;
  701.5810540881324, 1041.014286905164]';
