% AprilTagFinder log 100
% @ Wed Mar  7 16:05:47 2018

K=[1664.010615128407, 0, 667.9657771371558;
  0, 1668.819944196452, 457.9230104705811;
  0, 0, 1];
distCoeffs=[-0.2237256636237109;
  0.2343996528647796;
  0;
  0;
  0];
tags={};

tag.id=0;
tag.hammingDistance=0;
tag.familyName='Tag36h11';
tag.H=[39.29969094793679, 1.402174138408814, 228.768321271701;
  -3.467649027390332, -46.77663731236128, 51.57286702339176;
  -0.01388632321935202, -0.001316674883819622, 0.8737822543303954];
tag.p=[211.5518290888739, 114.5318812482236;
  309.6399614043963, 110.1723948858787;
  313.8559246611138, 1.547417636757501;
  215.3442711501839, 9.323473795864938]';
tag.c=[261.8138788444643;
  59.02256170550584];
tag.uH=[41.00482247627163, -0.3854260661627561, 215.9164577185199;
  -2.390549929114923, -48.16038120906281, 42.22121043782354;
  -0.01222044857263041, -0.004645810811171492, 0.8576953766743868]';
tag.up=[200.307108245041, 106.0717160738992;
  302.7638418564359, 103.4992089175515;
  304.9632203089948, -9.913469972600296;
  201.7943451853054, -4.106048286977114]';
tag.uc=[251.874, 49.2605];
tags{1}=tag;

tag.id=25;
tag.hammingDistance=0;
tag.familyName='Tag36h11';
tag.H=[42.10093965201546, 3.603690928054015, 381.3464949711887;
  -6.092724153340915, -54.50673290709263, 190.986474687592;
  -0.03122394675708687, 0.003777122051768909, 0.9753882702866742];
tag.p=[334.6929780053215, 250.874678204231;
  446.4583769700032, 254.5765011105275;
  450.5036967651046, 137.5475439278787;
  339.3238952364003, 141.1064630407392]';
tag.c=[390.9689162646051;
  195.8055889184105];
tag.uH=[44.44158134483499, 1.963530373221152, 379.4262906380692;
  -5.01399647982616, -56.45336013609182, 188.6358217654043;
  -0.02922504638439882, 0.001002345014075536, 0.9786806463134122]';
tag.up=[330.6577892156562, 248.367785618168;
  444.8664596881406, 253.1151015265297;
  447.9431350023973, 133.7752027089625;
  334.0038009995503, 135.9777987379063]';
tag.uc=[387.799, 192.806];
tags{2}=tag;

tag.id=24;
tag.hammingDistance=0;
tag.familyName='Tag36h11';
tag.H=[43.72643799245037, 2.407445640504887, 250.0469753425929;
  -2.899383244565636, -51.55463153770336, 191.0545906979139;
  -0.01487933267804484, 0.001568898245625689, 0.9743061917323974];
tag.p=[206.4698854873348, 248.5869506202619;
  304.1849414171344, 250.2561431850112;
  308.2020463937326, 142.1448272565106;
  210.675802416383, 143.7281925252722]';
tag.c=[256.6410615722236;
  196.0929657628502];
tag.uH=[46.69064528946372, 1.234001912084331, 243.1798893946376;
  -1.569465259132477, -53.48902293855308, 186.762786349894;
  -0.01218651624517195, -0.0002222076820952357, 0.9767143586131708]';
tag.up=[197.3493010937906, 244.4498234323007;
  299.1851626762952, 247.4019840697406;
  301.8256487664727, 136.5480227814572;
  199.9897747504216, 136.3860361197761]';
tag.uc=[249.086, 191.284];
tags{3}=tag;

