% AprilTagFinder log 25
% @ Wed Mar  7 16:07:32 2018

K=[1664.010615128407, 0, 667.9657771371558;
  0, 1668.819944196452, 457.9230104705811;
  0, 0, 1];
distCoeffs=[-0.2237256636237109;
  0.2343996528647796;
  0;
  0;
  0];
tags={};

tag.id=2;
tag.hammingDistance=0;
tag.familyName='Tag16h5';
tag.H=[-2.461338317864749, -5.337628756659192, 524.7483164732553;
  -1.581664875541154, 11.29692033359031, 14.05042324998648;
  0.01423253391800089, -0.008439553988338759, 0.8943624968534959];
tag.p=[599.3310297110144, 4.878816692863111;
  575.3595509707302, 1.277855884968506;
  574.2889564435344, 26.40174872119414;
  598.6896502220172, 30.89285849966309]';
tag.c=[586.7288916064796;
  15.70998705716979];
tag.uH=[-2.547030958417882, -4.128133749132809, 481.0446867086283;
  -1.672611847523282, 10.91077431782666, 7.209706917160194;
  0.0129142222340048, -0.006531385899899731, 0.8216620283620814]';
tag.up=[598.2149722016028, -2.488054950469177;
  573.8047737766296, -6.388815153654036;
  572.8695993401491, 19.86349556965973;
  597.6806178696321, 24.67300675606845]';
tag.uc=[585.455, 8.77456];
tags{1}=tag;

