% AprilTagFinder log 47
% @ Fri Mar 16 13:46:33 2018

K=[1664.010615128407, 0, 667.9657771371558;
  0, 1668.819944196452, 457.9230104705811;
  0, 0, 1];
distCoeffs=[-0.2237256636237109;
  0.2343996528647796;
  0;
  0;
  0];
tags={};

tag.id=1;
tag.hammingDistance=0;
tag.familyName='Tag36h11';
tag.H=[17.69366230390303, -14.63149745326437, 960.0736291010501;
  -6.046705004433509, -5.28706827140669, 273.2033912644086;
  0.01818761088209302, 0.001587113325305928, 0.9992476975389858];
tag.p=[977.0677602213212, 290.5002713575872;
  976.916426735055, 268.1933736228139;
  945.1566259956103, 256.9812129744705;
  944.1317996537206, 278.801006101069]';
tag.c=[960.7964386263625;
  273.4090775863405];
tag.uH=[17.39807313511902, -14.51161079698211, 962.9923855108327;
  -6.369397316881959, -5.116098143603701, 271.4905069435852;
  0.01772829950270462, 0.002042529704237472, 0.9993882888409289]';
tag.up=[980.0901961872188, 288.8631918954784;
  980.1243587343147, 266.2233509863701;
  947.7287465734544, 255.1166256895105;
  946.5050915975249, 277.2616827402355]';
tag.uc=[963.573, 271.659];
tags{1}=tag;

tag.id=2;
tag.hammingDistance=0;
tag.familyName='Tag36h11';
tag.H=[-13.57214942144529, -5.745512332351374, 502.8404828103126;
  7.817298610861065, 9.510630925954027, 331.0677837521708;
  0.004428596441404417, -0.01074176733539193, 0.9992056639317122];
tag.p=[519.2922563749112, 312.0178790780587;
  487.9983676659461, 324.7064623373838;
  486.984063679636, 350.8896640189913;
  518.9520333457677, 338.1597347319526]';
tag.c=[503.2402246717826;
  331.3309718936868];
tag.uH=[-13.76353389213438, -5.587392573042829, 502.3421921854101;
  7.747134015756496, 9.668750911725271, 330.6778074308228;
  0.004261867618216938, -0.01051939582905929, 0.9993593061328033]';
tag.up=[518.7756979262541, 311.5109392549025;
  487.2760927535015, 324.1718156981851;
  486.3426216453313, 350.5103125023395;
  518.5152570400419, 337.8086948895339]';
tag.uc=[502.671, 330.893];
tags{2}=tag;

tag.id=16;
tag.hammingDistance=0;
tag.familyName='Tag36h11';
tag.H=[2.642947790285596, -13.83452369667246, 494.215358097097;
  -8.443295582634789, 12.80966657627658, 446.6105489636381;
  0.0154658280743511, 0.004895736526925339, 0.999137098030621];
tag.p=[516.366538334571, 451.8341160618322;
  505.7830971744114, 421.2682559807088;
  473.7855966811717, 442.3516542857012;
  483.2630296955597, 473.2744548970567]';
tag.c=[494.6421858133734;
  446.9962629192161];
tag.uH=[2.539375898256663, -14.17466660289164, 493.8720694941907;
  -8.536419492485297, 12.63405701082637, 446.6587795276918;
  0.01535368113704429, 0.004450368956238632, 0.9993068902003828]';
tag.up=[516.0854838876578, 451.8228276750047;
  505.4223190664036, 421.1867168608879;
  473.1934441395267, 442.3041694284924;
  482.7529047875721, 473.3168535851326]';
tag.uc=[494.222, 446.97];
tags{3}=tag;

tag.id=0;
tag.hammingDistance=0;
tag.familyName='Tag36h11';
tag.H=[5.517310823204165, -30.66619196181932, 911.9065105067597;
  -21.28609251848627, -9.938041757285466, 639.5409471282219;
  0.002794788553001182, -0.01027069445771444, 0.9994725386614443];
tag.p=[930.5892438704783, 666.1364690751291;
  936.3500362446204, 620.4141305524403;
  893.9119348660183, 613.224675130151;
  887.7906972634389, 659.8584166250046]';
tag.c=[912.3877597758129;
  639.8784582763373];
tag.uH=[6.03520024933977, -30.19007411074898, 913.8172051279562;
  -21.11847554576568, -9.526992412210642, 640.9569649713849;
  0.003475826651303471, -0.009310082879341075, 0.9995748293257702]';
tag.up=[932.9260487786022, 667.989137604932;
  938.4492745550972, 621.6850977303311;
  895.2664326577278, 614.1556746388155;
  889.3478984446572, 661.2888916267141]';
tag.uc=[914.192, 641.222];
tags{4}=tag;

tag.id=3;
tag.hammingDistance=0;
tag.familyName='Tag36h11';
tag.H=[0.4466412415005054, -14.52703731736047, 559.5447711258262;
  -26.86022116308028, -2.092820751811661, 764.3626125410758;
  -0.009083461757280979, 0.008506617999694148, 0.9994004977756229];
tag.p=[573.6381649629966, 793.3336301796809;
  585.1623074484173, 753.2973765162878;
  546.1067855728982, 736.2756855705226;
  535.4730954225678, 775.9462382305604]';
tag.c=[559.880420683411;
  764.821124506468];
tag.uH=[1.245058040925267, -14.59362391320196, 558.6978423317494;
  -26.50755775219256, -2.037573973581979, 767.0317534706793;
  -0.00795533525591666, 0.00867996058051111, 0.9995148337703937]';
tag.up=[572.7352798313343, 796.5441138817154;
  584.544991244696, 755.4994506927608;
  545.2147011492004, 738.3134021359047;
  534.2320304945922, 778.9251761548808]';
tag.uc=[558.976, 767.391];
tags{5}=tag;

tag.id=6;
tag.hammingDistance=0;
tag.familyName='Tag36h11';
tag.H=[18.98468265764668, 33.80403383162194, 1085.369804910906;
  32.65457320237496, 17.38605726864746, 766.1849463516952;
  0.02170340478748051, 0.02105519532824297, 0.999402782766972];
tag.p=[1079.378422142219, 748.6005025357983;
  1070.495866769536, 781.4136162655388;
  1092.113505733578, 783.2045882999207;
  1101.561069644177, 751.8528079736728]';
tag.c=[1086.018393811075;
  766.6427986426213];
tag.uH=[18.8121258853128, 33.81935638811139, 1094.17011441355;
  32.94618326873054, 17.27703017468503, 772.6789168862014;
  0.02129766521177286, 0.02042329256097224, 0.9995344530021121]';
tag.up=[1087.411569359733, 754.2762033557109;
  1078.72741686438, 788.0288462704426;
  1101.363247333332, 790.2982736817524;
  1110.671099435173, 758.0284036454627]';
tag.uc=[1094.67, 773.032];
tags{6}=tag;

tag.id=11;
tag.hammingDistance=0;
tag.familyName='Tag36h11';
tag.H=[-4.97849867909603, 2.431629185529565, 470.2251369075011;
  -1.114684303618489, 25.22630702241045, 871.1708478903575;
  0.01271735277488445, 0.01942828735432803, 0.9994721642844289];
tag.p=[488.740869391489, 875.6704215376679;
  466.1896488246305, 850.9899775350646;
  453.3445093842259, 867.8431748451809;
  474.70014683356, 891.9965364453133]';
tag.c=[470.4734696079888;
  871.6309258238038];
tag.uH=[-4.904989604458328, 1.76451240769806, 467.0534466388773;
  -1.00884663388356, 25.11585827740441, 878.0037364333282;
  0.01316813294273698, 0.01866726781332612, 0.9995741402906558]';
tag.up=[485.8684991239948, 882.3655023607785;
  463.126186153536, 856.9577101450258;
  449.7852657501362, 874.641223103916;
  471.3299833172402, 899.5659048753973]';
tag.uc=[467.256, 878.37];
tags{7}=tag;

tag.id=10;
tag.hammingDistance=0;
tag.familyName='Tag36h11';
tag.H=[6.751659765837306, 18.26808966398972, 588.3125687547771;
  31.61689837449374, 8.656821705940141, 951.0640917347939;
  0.01935057865414717, 0.0005544657974527723, 0.9994983990274562];
tag.p=[575.0271954109409, 929.7637304294633;
  566.4335141995203, 956.525010236096;
  601.6580796425426, 972.4685728272166;
  611.6320998852918, 946.3667293874719]';
tag.c=[588.6078150072317;
  951.5413858193367];
tag.uH=[5.948347529071199, 18.360738165732, 586.8489690621773;
  31.55494224854157, 8.636891395412025, 960.641332476441;
  0.0183194689874255, 0.0001734405220579606, 0.9996012015196027]';
tag.up=[573.3702837757302, 938.1757199858473;
  564.4200706581458, 966.4125764844808;
  600.2947119824651, 983.04826124741;
  610.584936722936, 955.4462053649945]';
tag.uc=[587.085, 961.011];
tags{8}=tag;

tag.id=4;
tag.hammingDistance=0;
tag.familyName='Tag36h11';
tag.H=[-13.67277958640532, -20.509115558246, 718.1207473949413;
  -30.6241028077571, -2.417226245838546, 1014.307551963486;
  -0.0174585107777895, -0.002073475288144478, 0.9996290131785884];
tag.p=[738.158782662656, 1027.657928230627;
  736.5623766060721, 1001.886420191245;
  697.8276980036964, 1001.192938826353;
  700.7631198369654, 1027.093595298758]';
tag.c=[718.3872596009231;
  1014.683986350319];
tag.uH=[-13.02587094752461, -20.81379257104565, 719.3675264245657;
  -30.65384216797173, -2.315529063301299, 1027.541915011075;
  -0.0164229928631248, -0.001855377713991834, 0.9997076199375301]';
tag.up=[739.8983064385959, 1041.777104749813;
  738.1251488411622, 1014.279030323495;
  698.4984233878824, 1013.395266099327;
  701.5657533730595, 1041.022632273574]';
