% AprilTagFinder log 56
% @ Wed Mar  7 16:05:42 2018

K=[1664.010615128407, 0, 667.9657771371558;
  0, 1668.819944196452, 457.9230104705811;
  0, 0, 1];
distCoeffs=[-0.2237256636237109;
  0.2343996528647796;
  0;
  0;
  0];
tags={};

tag.id=0;
tag.hammingDistance=0;
tag.familyName='Tag36h11';
tag.H=[25.53356916197496, 3.742741658381669, 535.9777651814426;
  -0.8238828960924341, -27.29806063983715, 56.00459623036804;
  -0.00790552081480863, 0.003509846914051738, 0.9496064975243235];
tag.p=[531.132391034477, 88.1827550147293;
  594.5148861156213, 87.91254932467133;
  598.0190470469196, 29.49887157189688;
  535.0418718541697, 30.72814423305912]';
tag.c=[564.4209117974299;
  58.97663545518603];
tag.uH=[26.08216487891301, 1.850231227375743, 533.7753177779692;
  -0.5944756788216333, -28.45257184613665, 50.89080501021348;
  -0.007657717993561673, 0.0004188182432386501, 0.948043749531992]';
tag.up=[529.4656989654372, 83.67915272200702;
  593.69410428424, 83.77784299632293;
  596.9935201224564, 23.21751304428989;
  532.9761491669937, 24.0892621963535]';
tag.uc=[563.047, 53.6824];
tags{1}=tag;

tag.id=24;
tag.hammingDistance=0;
tag.familyName='Tag36h11';
tag.H=[26.83404164661101, 1.097382113753558, 552.8472525534654;
  -0.4762816327453844, -28.86433383940696, 131.2264426365136;
  -0.007800782693535609, -0.001130662201104592, 0.9877026490151422];
tag.p=[526.6886132039322, 161.1093370072896;
  589.7703646560874, 162.7005121670438;
  593.3753198590496, 104.0956525237307;
  530.0935516181122, 103.420360636765]';
tag.c=[559.7304544082375;
  132.8602720336551];
tag.uH=[27.46014617369989, -0.424653145247645, 552.6509422062835;
  -0.2164632419083314, -29.95540294843085, 128.4319078532196;
  -0.007408446318186313, -0.003616905694297953, 0.9891533555250908]';
tag.up=[525.4813132106191, 158.5728821690765;
  589.1924965655907, 160.5188028320154;
  592.6077553940629, 100.4546330607778;
  528.5270247095909, 99.39244320802902]';
tag.uc=[558.728, 129.849];
tags{2}=tag;

