% AprilTagFinder log 92
% @ Fri Mar 16 13:47:04 2018

K=[1664.010615128407, 0, 667.9657771371558;
  0, 1668.819944196452, 457.9230104705811;
  0, 0, 1];
distCoeffs=[-0.2237256636237109;
  0.2343996528647796;
  0;
  0;
  0];
tags={};

tag.id=1;
tag.hammingDistance=0;
tag.familyName='Tag36h11';
tag.H=[18.93079016844044, -16.35949380164072, 960.0701947706054;
  -5.698268059366336, -5.774480279523976, 273.1820672959993;
  0.0194773181679086, -0.0002020651601404335, 0.9992242744995361];
tag.p=[977.0905194090743, 290.4792079914137;
  976.8936160882029, 268.1885352132052;
  945.1565416955989, 256.9557588285009;
  944.0914031969821, 278.8089219159937]';
tag.c=[960.8155238737157;
  273.3941461068118];
tag.uH=[18.63891792706308, -16.24475734389522, 962.995039567929;
  -6.023298213683984, -5.600274418422218, 271.4704135580766;
  0.0190181579088808, 0.000253511202927081, 0.9993706607662964]';
tag.up=[980.1136826454568, 288.8416491726187;
  980.101018687033, 266.218642013892;
  947.7288794184184, 255.0907773480617;
  946.4638072165153, 277.2700173611885]';
tag.uc=[963.593, 271.644];
tags{1}=tag;

tag.id=2;
tag.hammingDistance=0;
tag.familyName='Tag36h11';
tag.H=[-14.97564581325573, -7.12461784882817, 502.8699007925628;
  6.877261019413448, 8.661028630200379, 330.9975225895735;
  0.001637373162640575, -0.01341724354244289, 0.9991799781246478];
tag.p=[519.278945876292, 312.0393291648823;
  488.0713745632376, 324.5933008566471;
  486.9045824073526, 350.9578432502418;
  518.9592187933196, 338.1492879325208]';
tag.c=[503.2826035369473;
  331.2691705560592];
tag.uH=[-15.16562878816178, -6.965795682420328, 502.3743567123112;
  6.808221008296151, 8.820073487116689, 330.609025818248;
  0.001470511578700377, -0.01319621115366279, 0.9993388213903033]';
tag.up=[518.7623680442591, 311.5324902257589;
  487.3493394339379, 324.0581606146874;
  486.2626526324938, 350.5786116550125;
  518.5224594204557, 337.7982141507844]';
tag.uc=[502.713, 330.831];
tags{2}=tag;

tag.id=16;
tag.hammingDistance=0;
tag.familyName='Tag36h11';
tag.H=[3.098674744100768, -13.65955802875525, 494.2045431016737;
  -8.068937887677754, 12.96972815380536, 446.5845201350291;
  0.01632100548556738, 0.005246094316399144, 0.999121686219141];
tag.p=[516.3552331500371, 451.8251318197095;
  505.8052830464255, 421.2505320189377;
  473.8404756090048, 442.3339577983961;
  483.2223760911216, 473.2804134225943]';
tag.c=[494.6389913443217;
  446.9771062872096];
tag.uH=[2.995931704534414, -13.99954069016581, 493.8628325585415;
  -8.161277731807473, 12.79446762630631, 446.6341491170726;
  0.01621080859433999, 0.00480142162566274, 0.9992947357306662]';
tag.up=[516.0741147026198, 451.8138250455644;
  505.4446310319136, 421.1689708267072;
  473.2488124691748, 442.2864448375486;
  482.7119142498184, 473.3228472423905]';
tag.uc=[494.218, 446.951];
tags{3}=tag;

tag.id=0;
tag.hammingDistance=0;
tag.familyName='Tag36h11';
tag.H=[5.552577789470418, -30.69108889544339, 911.9038147930831;
  -21.25623116710286, -9.956830846294366, 639.5305903523598;
  0.002830217703916194, -0.01029083886574419, 0.999472310136016];
tag.p=[930.5906051670141, 666.1254503825097;
  936.3556118905414, 620.4180381661092;
  893.9061036711067, 613.2160891854077;
  887.777193917522, 659.8359238860992]';
tag.c=[912.3852712527716;
  639.8682423381269];
tag.uH=[6.070218353990791, -30.21468657209804, 913.8144370068833;
  -21.08873616956964, -9.54560238467511, 640.9464933534937;
  0.003510797824496337, -0.009329722281512775, 0.999574647864822]';
tag.up=[932.9273435781602, 667.9779585489548;
  938.4549831666714, 621.6890900074408;
  895.2604722466945, 614.1469724369464;
  889.3340411128958, 661.2660022576642]';
tag.uc=[914.189, 641.211];
tags{4}=tag;

tag.id=3;
tag.hammingDistance=0;
tag.familyName='Tag36h11';
tag.H=[0.5153413585347906, -14.60668334181278, 559.5536086584999;
  -26.76573830756107, -2.216737104106556, 764.362769078169;
  -0.008968783552496114, 0.008363282108276353, 0.9994027381214198];
tag.p=[573.6402240954978, 793.3387077234801;
  585.1672893550085, 753.320294170947;
  546.1191187210994, 736.265847223372;
  535.4705887247093, 775.926787739457]';
tag.c=[559.8880084222047;
  764.8195666493209];
tag.uH=[1.313534530364812, -14.67251231302262, 558.7064600369249;
  -26.4128056809754, -2.161460824724766, 767.0314263084368;
  -0.007840884823226639, 0.008537575699390426, 0.9995165370631197]';
tag.up=[572.7373367480271, 796.5493179921413;
  584.5499282911516, 755.5228317559996;
  545.2272053435566, 738.3033072807116;
  534.2296199741522, 778.9052562776601]';
tag.uc=[558.983, 767.389];
tags{5}=tag;

tag.id=11;
tag.hammingDistance=0;
tag.familyName='Tag36h11';
tag.H=[-5.511697428595904, 2.376789446419259, 470.2465583177238;
  -2.102225218557325, 25.13456393650537, 871.1793323402792;
  0.01158308627489108, 0.0193506673100002, 0.9994873447563585];
tag.p=[488.7509277905261, 875.684114284782;
  466.2184705362668, 850.9889326178944;
  453.3211238468367, 867.8118804998368;
  474.6911957933949, 891.945125797619]';
tag.c=[470.4877563330772;
  871.6261760699367];
tag.uH=[-5.435291526538104, 1.71028541147042, 467.0739564132271;
  -2.005418690289431, 25.02362873421569, 878.0096131974519;
  0.01203218826784009, 0.01859061988560158, 0.9995866422576393]';
tag.up=[485.8786150637589, 882.3796561977904;
  463.155633534612, 856.9562829172664;
  449.7617385810591, 874.6089396495703;
  471.3214586883907, 899.51228965456]';
tag.uc=[467.271, 878.365];
tags{6}=tag;

tag.id=10;
tag.hammingDistance=0;
tag.familyName='Tag36h11';
tag.H=[6.934313896140986, 18.81039746330784, 588.3322578394739;
  31.90134756041703, 9.556103923330323, 951.0714080923599;
  0.01965197716413102, 0.001471512906453002, 0.9994914629054517];
tag.p=[575.026536130267, 929.7258105996283;
  566.4459821341843, 956.5132197789424;
  601.6734983240457, 972.4812052596019;
  611.6392685231446, 946.4136912100635]';
tag.c=[588.6315988425085;
  951.5553092646353];
tag.uH=[6.130778754131447, 18.90003052671078, 586.8701795774929;
  31.8423304854956, 9.543780512309148, 960.6510481408775;
  0.018621085376389, 0.00108782296063176, 0.9995961791473515]';
tag.up=[573.3698547350397, 938.1358956479023;
  564.4328901216347, 966.4000400573394;
  600.3103959264113, 983.0615552128249;
  610.5920544010015, 955.4956377392041]';
tag.uc=[587.11, 961.025];
tags{7}=tag;

tag.id=4;
tag.hammingDistance=0;
tag.familyName='Tag36h11';
tag.H=[-13.71670600538018, -20.53451437717958, 718.107509903809;
  -30.66892469623986, -2.444751297370063, 1014.306059747842;
  -0.01749993790417188, -0.002108087457177527, 0.999628166695827];
tag.p=[738.1593551616774, 1027.651631588348;
  736.5358362699699, 1001.87512904134;
  697.7981989125788, 1001.196141150894;
  700.7642110686824, 1027.103126578064]';
tag.c=[718.3746255144481;
  1014.683352811608];
tag.uH=[-13.06997212592308, -20.83927869280826, 719.3541246785032;
  -30.69912359980582, -2.343074421545265, 1027.540539466681;
  -0.01646410309590152, -0.001890075895544213, 0.9997069844480831]';
tag.up=[739.898859060426, 1041.770375575395;
  738.0979274740447, 1014.266875972919;
  698.4682652927554, 1013.3986053981;
  701.5668958990688, 1041.032823523682]';
tag.uc=[719.565, 1027.83];
tags{8}=tag;

tag.id=13;
tag.hammingDistance=0;
tag.familyName='Tag36h11';
tag.H=[-9.811671477981823, 12.59903198091226, 857.8118507621602;
  6.802485773440091, 2.630323984853639, 1059.063061345652;
  -0.001657781592620239, -0.0003797899010794731, 0.9998995372836987];
tag.p=[853.3714169969841, 1047.600934621692;
  836.5542992644865, 1064.702867494979;
  862.4431442115959, 1070.785246592726;
  879.1872857174599, 1053.650195921601]';
tag.c=[857.8980375293199;
  1059.16946838747];
tag.uH=[-9.969166413193692, 12.96938501681071, 863.3977383392237;
  7.313882612742272, 2.905924637022576, 1076.721060000418;
  -0.001644820009759331, -0.0005100714058203108, 0.9999146820864172]';
tag.up=[858.621325698344, 1064.29813578203;
  841.4869629493462, 1082.456395004925;
  868.3440152127273, 1089.380834610109;
  885.4082211796421, 1071.195664650934]';
