% AprilTagFinder log 106
% @ Wed Mar  7 16:05:48 2018

K=[1664.010615128407, 0, 667.9657771371558;
  0, 1668.819944196452, 457.9230104705811;
  0, 0, 1];
distCoeffs=[-0.2237256636237109;
  0.2343996528647796;
  0;
  0;
  0];
tags={};

tag.id=25;
tag.hammingDistance=0;
tag.familyName='Tag36h11';
tag.H=[45.58184319568642, 1.676538869286795, 434.7568075515152;
  -5.948175734278974, -59.39135160525545, 182.7393649099768;
  -0.03260760831388888, -0.001285013101157391, 0.9711101099143242];
tag.p=[385.5695247454474, 246.8439980470143;
  509.3301457935441, 251.3148313700969;
  514.3045189951763, 125.2642412365024;
  389.9029842363095, 128.9824128619312]';
tag.c=[447.6905379863375;
  188.1757413956888];
tag.uH=[47.71203555573346, -0.3440497378989895, 434.3537830629417;
  -4.996067026686075, -61.50924300245574, 180.8968758112692;
  -0.03091084430614826, -0.004721345772453979, 0.9750418217877745]';
tag.up=[382.7943900721876, 244.7697046340778;
  508.4722350482555, 250.1974822889759;
  512.6806016422247, 121.7486488581581;
  385.8781356587349, 124.2211282521495]';
tag.uc=[445.58, 185.591];
tags{1}=tag;

tag.id=24;
tag.hammingDistance=0;
tag.familyName='Tag36h11';
tag.H=[45.32659134425354, 1.604176778236542, 290.9988793074324;
  -3.725753122091321, -55.28789838194061, 182.1562019095142;
  -0.02123050215141332, -0.001502262012094802, 0.9714797944287716];
tag.p=[245.4888635992709, 242.5737346901171;
  351.6897790866666, 245.5665516026922;
  356.185196527508, 129.7949258097307;
  249.4697945514171, 131.7524193663039]';
tag.c=[299.5418751643098;
  187.5038502644532];
tag.uH=[48.27063947221588, 0.2020545451540007, 285.9509019162741;
  -2.396315430442848, -57.36063463129883, 178.3719098278441;
  -0.01866467195070914, -0.003842245085733991, 0.9744843831921575]';
tag.up=[238.1245752650308, 238.8199339294161;
  348.0741454111466, 243.1389150806999;
  351.2203249713788, 124.5697325308092;
  240.4677737764559, 124.7363557492523]';
tag.uc=[293.56, 183.113];
tags{2}=tag;

