% AprilTagFinder log 34
% @ Fri Mar 16 13:46:29 2018

K=[1664.010615128407, 0, 667.9657771371558;
  0, 1668.819944196452, 457.9230104705811;
  0, 0, 1];
distCoeffs=[-0.2237256636237109;
  0.2343996528647796;
  0;
  0;
  0];
tags={};

tag.id=1;
tag.hammingDistance=0;
tag.familyName='Tag36h11';
tag.H=[20.43335727880444, -15.49872200093473, 960.0424432426121;
  -5.271713518594582, -5.509962541139149, 273.174606755926;
  0.02100662712907082, 0.0006760533218893151, 0.9991947697954635];
tag.p=[977.0803025108521, 290.4887682832385;
  976.9002102516909, 268.1766152201038;
  945.2428186042816, 257.0268651079077;
  944.0639138199059, 278.8296464943425]';
tag.c=[960.8161214045728;
  273.3947524683754];
tag.uH=[20.14422988814438, -15.37903538767198, 962.9731301766412;
  -5.600248856907675, -5.336413526563712, 271.4647026066617;
  0.02054520632586633, 0.001134163918961862, 0.9993473523178551]';
tag.up=[980.1031384173916, 288.8514261406903;
  980.1078857103038, 266.206472723299;
  947.8163752668611, 255.1622404327128;
  946.4355962094887, 277.2912348899148]';
tag.uc=[963.593, 271.645];
tags{1}=tag;

tag.id=2;
tag.hammingDistance=0;
tag.familyName='Tag36h11';
tag.H=[-14.48299423865982, -5.745871748105042, 502.8825340193328;
  7.22953097822165, 9.565191395659973, 331.0557193650096;
  0.002641668058633075, -0.01069351336807058, 0.999209705585114];
tag.p=[519.3401848224238, 311.9954263240089;
  488.0232154320391, 324.6473940702786;
  486.9594313647723, 350.9536227076296;
  518.9500732323219, 338.1681660422727]';
tag.c=[503.2802736086879;
  331.3175577804771];
tag.uH=[-14.67321325453223, -5.588110517843538, 502.3839430006083;
  7.160257133217378, 9.723256367290707, 330.6654178223067;
  0.002475314705138611, -0.01047166149681676, 0.9993622619096427]';
tag.up=[518.8238845973365, 311.4884985239717;
  487.3009441704672, 324.1124392120057;
  486.3179697561477, 350.5745379012091;
  518.5133081409502, 337.817164542442]';
tag.uc=[502.711, 330.88];
tags{2}=tag;

tag.id=16;
tag.hammingDistance=0;
tag.familyName='Tag36h11';
tag.H=[3.06312554624252, -13.91411871618172, 494.2053788861228;
  -8.086637280487984, 12.74240855513403, 446.5958237171706;
  0.01627597888960738, 0.004742399737846932, 0.9991247891251884];
tag.p=[516.3613760583077, 451.8322829697356;
  505.7917088442575, 421.2766561339909;
  473.8103444646938, 442.3414372179896;
  483.224364295971, 473.2979241131247]';
tag.c=[494.6382916981152;
  446.9870316281513];
tag.uH=[2.959954260325442, -14.25421954332793, 493.8632740459559;
  -8.179282260130114, 12.56687780614427, 446.6451249835293;
  0.01616506059799687, 0.004297131862722834, 0.9992970422884024]';
tag.up=[516.0802927228626, 451.8209904083782;
  505.430994163541, 421.1951457042219;
  473.2184115798878, 442.293932775398;
  482.7139108974993, 473.3404060710103]';
tag.uc=[494.218, 446.96];
tags{3}=tag;

tag.id=0;
tag.hammingDistance=0;
tag.familyName='Tag36h11';
tag.H=[5.817477000981155, -30.13902159890144, 911.8912820272533;
  -21.08306783718392, -9.557835216871153, 639.5302577606337;
  0.003098118461567905, -0.009677852745530222, 0.999477591817053];
tag.p=[930.5760241848994, 666.1361568847608;
  936.3738644647493, 620.4028793577461;
  893.9184737839489, 613.2447059754946;
  887.7402906117549, 659.8301622110238]';
tag.c=[912.3679104895514;
  639.8645282261567];
tag.uH=[6.334499765292522, -29.66169661245626, 913.8000818162856;
  -20.91601033574876, -9.145846798080179, 640.9449509661126;
  0.003777112719638374, -0.008716914126072887, 0.9995782618524691]';
tag.up=[932.9125669472394, 667.9887080542117;
  938.4734814101519, 621.6738749130548;
  895.2731737743162, 614.1759376117041;
  889.2965565834488, 661.2599059275609]';
tag.uc=[914.172, 641.207];
tags{4}=tag;

tag.id=6;
tag.hammingDistance=0;
tag.familyName='Tag36h11';
tag.H=[10.28264945731288, 32.78852409924557, 1052.515703714042;
  27.49597705437878, 16.85038956729437, 731.7355010784086;
  0.01426798017049121, 0.01945505096321108, 0.9995306498766307];
tag.p=[1045.181784206001, 711.7246966341229;
  1035.869140947295, 746.6041961566735;
  1060.327098181075, 751.104866078208;
  1069.973741121822, 717.7039866589877]';
tag.c=[1053.0099340565;
  732.0791024954809];
tag.uH=[9.971759845135391, 32.61665808622271, 1059.299498044084;
  27.63917063640448, 16.63434657881432, 736.5629351746585;
  0.013811924905916, 0.01867620410042136, 0.9996354194378754]';
tag.up=[1051.247118212137, 715.8056263111644;
  1042.108777358395, 751.5002254257511;
  1067.592769747999, 756.5339513574576;
  1077.102894879448, 722.3109066418569]';
tag.uc=[1059.68, 736.826];
tags{5}=tag;

tag.id=3;
tag.hammingDistance=0;
tag.familyName='Tag36h11';
tag.H=[0.05674452861053682, -14.69591295245378, 559.5452441682625;
  -27.37305777343231, -2.325978257701201, 764.3745913014462;
  -0.009751473107841375, 0.008201762385530404, 0.9993969118018098];
tag.p=[573.6413907308719, 793.3226502429646;
  585.1562504426819, 753.3061036845144;
  546.0816797951877, 736.2605762440585;
  535.5015558169747, 775.958673536348]';
tag.c=[559.8829029393937;
  764.8358547790161];
tag.uH=[0.855352470072233, -14.76197070157244, 558.6990217447252;
  -27.02248025336564, -2.271167691248472, 767.0450932174635;
  -0.008623824281529807, 0.008375595263408824, 0.9995126108613365]';
tag.up=[572.7385944800228, 796.5328225945598;
  584.5388493032932, 755.5083848179315;
  545.1894330266119, 738.2981332268851;
  534.2607541549871, 778.9377359229337]';
tag.uc=[558.978, 767.406];
tags{6}=tag;

tag.id=11;
tag.hammingDistance=0;
tag.familyName='Tag36h11';
tag.H=[-5.380231292812394, 2.693860469418765, 470.2222652047098;
  -1.88402990164729, 25.72232933738128, 871.1802309548456;
  0.01181986078706569, 0.02000731114515594, 0.9994722658294652];
tag.p=[488.7211633796829, 875.6742909803796;
  466.2112908717544, 850.9904101725612;
  453.3464067391013, 867.8551520721384;
  474.6605915502488, 891.9544720854785]';
tag.c=[470.4705485894307;
  871.6402252861417];
tag.uH=[-5.303810594331918, 2.024842458965504, 467.0507236749556;
  -1.784446841789568, 25.61572525779332, 878.0141166919142;
  0.01227008846356707, 0.01924648595703821, 0.999574912479445]';
tag.up=[485.8483401296475, 882.3697534895318;
  463.14828364195, 856.9579021940461;
  449.7870521713303, 874.6536709475756;
  471.2900375224559, 899.5224350798143]';
tag.uc=[467.253, 878.38];
tags{7}=tag;

tag.id=10;
tag.hammingDistance=0;
tag.familyName='Tag36h11';
tag.H=[6.157849415625908, 19.39355005116904, 588.3531806440612;
  30.65101464375611, 10.5279965148927, 951.0809884605646;
  0.01833533753228569, 0.002476852909932348, 0.9995146162179022];
tag.p=[575.0489284127501, 929.7023828062553;
  566.4100019318898, 956.4996411523251;
  601.6744596962776, 972.4923359283491;
  611.584538494963, 946.426236190519]';
tag.c=[588.6388964178944;
  951.542851928862];
tag.uH=[5.355937053312394, 19.4803650884664, 586.8881130549374;
  30.57900056195704, 10.52451355119854, 960.6549382576626;
  0.01730382091584722, 0.002091609743866866, 0.9996139413898898]';
tag.up=[573.3928245522468, 938.1111445169363;
  564.3962416017434, 966.3859704957389;
  600.3113234916111, 983.0733306109164;
  610.5362313082735, 955.5090703845868]';
tag.uc=[587.117, 961.012];
tags{8}=tag;

tag.id=4;
tag.hammingDistance=0;
tag.familyName='Tag36h11';
tag.H=[-13.71706933263961, -21.45325942455472, 718.1435504187489;
  -30.69799069235253, -3.74433536261747, 1014.299597837544;
  -0.01753904741097859, -0.003376683301778338, 0.9996239643807642];
tag.p=[738.1524528616306, 1027.634622087295;
  736.5885594229477, 1001.912141716862;
  697.8312822626457, 1001.174035402012;
  700.7466370009015, 1027.093406081168]';
tag.c=[718.4136995591301;
  1014.681154093651];
tag.uH=[-13.07045699394238, -21.75984065012695, 719.3918891923153;
  -30.72902515408559, -3.660303470417521, 1027.535148175131;
  -0.01650430333410391, -0.003158747940498412, 0.9997038671494538]';
tag.up=[739.891687971504, 1041.752151193761;
  738.1520796401863, 1014.306538684321;
  698.5020456112178, 1013.375164265131;
  701.5488642295296, 1041.022387535154]';
