% AprilTagFinder log 3
% @ Wed Mar  7 16:06:14 2018

K=[1664.010615128407, 0, 667.9657771371558;
  0, 1668.819944196452, 457.9230104705811;
  0, 0, 1];
distCoeffs=[-0.2237256636237109;
  0.2343996528647796;
  0;
  0;
  0];
tags={};

tag.id=1;
tag.hammingDistance=0;
tag.familyName='Tag16h5';
tag.H=[9.787480590385982, 0.4959902547679317, 472.1791145305115;
  -7.155216086369957, -11.34716967534577, 205.9486629078143;
  -0.009700060900501333, 0.01141488656902912, 0.9983740873493826];
tag.p=[463.4438884422502, 225.2033942783975;
  492.6744455163891, 215.0305972299483;
  482.4196919849516, 187.4296122136309;
  454.0388453291349, 197.899832590819]';
tag.c=[472.9480868079378;
  206.2840627751011];
tag.uH=[10.09869333421777, -0.1402722773371155, 470.7390114708706;
  -7.062787694915465, -11.8492489581006, 203.9818511627148;
  -0.009424303304472236, 0.01047324055023251, 0.9986447251061701]';
tag.up=[461.8858790972395, 223.4305799399986;
  491.4255835716858, 213.30011182175;
  480.8395490770517, 185.1260431324572;
  452.1201405255437, 195.5676918162734]';
tag.uc=[471.381, 204.263];
tags{1}=tag;

tag.id=0;
tag.hammingDistance=0;
tag.familyName='Tag16h5';
tag.H=[9.787439233891909, 7.578996586573369, 432.4490540929565;
  -7.193252261090325, -7.462380728566601, 219.8092915654782;
  -0.009773204246735325, 0.02760812599824644, 0.9982097040589002];
tag.p=[423.3917740066321, 239.1584614236033;
  452.3778737038569, 229.0507087747355;
  442.7123361384277, 201.9140236209486;
  415.4541679040734, 211.995040344836]';
tag.c=[433.2246544333729;
  220.2035210354038];
tag.uH=[10.1547359809467, 6.963514958282969, 430.511672844004;
  -7.06991900817472, -7.985158619900169, 217.7786106432385;
  -0.009445303318057029, 0.02676488884027413, 0.9985304413136188]';
tag.up=[421.3046298677054, 237.2915698468045;
  450.6869128011124, 227.255551867852;
  440.6410061721881, 199.559879401277;
  412.9756641813543, 209.5811577066134]';
tag.uc=[431.15, 218.103];
tags{2}=tag;

tag.id=6;
tag.hammingDistance=0;
tag.familyName='Tag16h5';
tag.H=[11.0281459168597, -3.239520510148154, 485.4730664628314;
  -7.011174044107071, -13.51863658065498, 244.2703947609203;
  -0.008086233210173975, 0.003180090805189153, 0.9987424905683132];
tag.p=[475.947881920573, 263.8375589684357;
  506.0787792320274, 253.9583898747404;
  496.3208407310934, 225.1281959546407;
  466.535928431529, 235.4067893183466]';
tag.c=[486.0843220824452;
  244.5779538446627];
tag.uH=[11.32182694104913, -3.783660697882973, 484.439188069788;
  -6.907551204151837, -13.94659511014667, 242.9870825213163;
  -0.007798155096051473, 0.002360498508051574, 0.9989620213922934]';
tag.up=[474.8075100366376, 262.684908108867;
  505.2037587180613, 252.855934276365;
  495.1794444133105, 223.5801680917106;
  465.094229599586, 233.8141684720073]';
tag.uc=[484.947, 243.243];
tags{3}=tag;

tag.id=5;
tag.hammingDistance=0;
tag.familyName='Tag16h5';
tag.H=[12.76399687763199, 3.209207503902749, 444.8378623440777;
  -5.861745346412702, -9.601043835946035, 257.7295129093985;
  -0.003862906393616306, 0.01729880183033007, 0.9987232704279786];
tag.p=[435.2686016770946, 277.27169658921;
  464.8225434450625, 267.4704300048565;
  455.2752988527643, 239.3563501646207;
  426.7962388716635, 249.0380971740432]';
tag.c=[445.4065260274282;
  258.0589844461667];
tag.uH=[13.11883394504567, 2.684107117732266, 443.3544234458518;
  -5.727180198145699, -10.04049016801859, 256.3654784247775;
  -0.00349582581021477, 0.01655070047539153, 0.9989553695534015]';
tag.up=[433.6617289550979, 276.0242226226915;
  463.5679012011311, 266.2941670864458;
  453.7040980596433, 237.741740461391;
  424.848340430202, 247.3509579110106]';
tag.uc=[443.823, 256.637];
tags{4}=tag;

