% AprilTagFinder log 44
% @ Wed Mar  7 16:07:43 2018

K=[1664.010615128407, 0, 667.9657771371558;
  0, 1668.819944196452, 457.9230104705811;
  0, 0, 1];
distCoeffs=[-0.2237256636237109;
  0.2343996528647796;
  0;
  0;
  0];
tags={};

tag.id=11;
tag.hammingDistance=0;
tag.familyName='Tag16h5';
tag.H=[-13.69486832254001, -3.980987049667397, 102.3091810226434;
  5.452377694663706, 25.4221694663284, 51.6838984593027;
  0.08421353777348521, -0.00909374205973526, 0.9351446072073456];
tag.p=[139.5134591366894, 24.19622203942144;
  90.03367188738352, 30.83674315470151;
  83.77344129489838, 81.71964228531058;
  133.0697257686831, 85.11583877430445]';
tag.c=[109.404663443628;
  55.26834893872522];
tag.uH=[-16.58514216957014, -3.179071081268405, 82.35626805208129;
  3.594113085334063, 26.22966484750578, 37.8408183197971;
  0.08130273242670893, -0.008163537666849551, 0.9123036635826246]';
tag.up=[121.6646520616171, 9.546828884537774;
  68.84146483701875, 15.17590596792866;
  63.49081826643351, 68.65820578436865;
  116.3955389341444, 73.49440986635858]';
tag.uc=[90.3065, 41.5009];
tags{1}=tag;

