% AprilTagFinder log 46
% @ Wed Mar  7 16:07:44 2018

K=[1664.010615128407, 0, 667.9657771371558;
  0, 1668.819944196452, 457.9230104705811;
  0, 0, 1];
distCoeffs=[-0.2237256636237109;
  0.2343996528647796;
  0;
  0;
  0];
tags={};

tag.id=28;
tag.hammingDistance=0;
tag.familyName='Tag16h5';
tag.H=[13.05763007738221, 2.682389203178628, 299.3740150427533;
  -4.041530530018413, -18.61653515381966, 202.9037459179896;
  -0.02326767050745932, 0.005462123540190738, 0.9962604399104052];
tag.p=[279.6997428495815, 222.433070944758;
  320.1441290169686, 224.7771184011057;
  322.0526940955541, 184.2146035899343;
  281.9527099810164, 183.7371079790163]';
tag.c=[300.49774441478;
  203.6653647877827];
tag.uH=[14.24818417728681, 2.19482669027547, 293.8086824614441;
  -3.434743442357238, -19.28016687786064, 199.0522140362812;
  -0.02217907282318434, 0.004714145657201382, 0.9967509798616341]';
tag.up=[273.469726707781, 218.65446041765;
  315.3686844093055, 221.5761235835053;
  316.8056690517944, 180.0628240360583;
  275.2480327190886, 178.9747614617862]';
tag.uc=[294.782, 199.71];
tags{1}=tag;

