% AprilTagFinder log 79
% @ Fri Mar 16 13:46:50 2018

K=[1664.010615128407, 0, 667.9657771371558;
  0, 1668.819944196452, 457.9230104705811;
  0, 0, 1];
distCoeffs=[-0.2237256636237109;
  0.2343996528647796;
  0;
  0;
  0];
tags={};

tag.id=1;
tag.hammingDistance=0;
tag.familyName='Tag36h11';
tag.H=[18.77198810007495, -14.81503646432548, 960.0541390732589;
  -5.748649522824921, -5.351784457532993, 273.1924074371124;
  0.01930784312334396, 0.001411317574450893, 0.9992255562529372];
tag.p=[977.0985573324542, 290.5375403869288;
  976.9143561188107, 268.2033427969271;
  945.1601392583854, 256.966842517029;
  944.0942696296006, 278.7946386403351]';
tag.c=[960.7982232494434;
  273.4041435665185];
tag.uH=[18.47977070413171, -14.69613752988667, 962.9776300205308;
  -6.07345246083452, -5.180722497851508, 271.4807893383533;
  0.01884869268752426, 0.001866512926350598, 0.999371016815595]';
tag.up=[980.1214532504241, 288.9007393530052;
  980.1221464200548, 266.2334974850477;
  947.7324579601009, 255.1020018864466;
  946.4668418185084, 277.2555182496336]';
tag.uc=[963.575, 271.654];
tags{1}=tag;

tag.id=2;
tag.hammingDistance=0;
tag.familyName='Tag36h11';
tag.H=[-13.85177007744325, -6.369273073307941, 502.8422847235062;
  7.627451310861114, 9.158958625326891, 331.0304690811176;
  0.003876279447656688, -0.01189896949765002, 0.9991930245628023];
tag.p=[519.3160911665668, 311.9928080805754;
  488.0544551478665, 324.6396664476816;
  486.9205874790213, 350.9153441202095;
  518.9297919769699, 338.1695802547042]';
tag.c=[503.2483938161249;
  331.297818282869];
tag.uH=[-14.04248826821171, -6.211585835010061, 502.3452519821378;
  7.557788893892146, 9.317121747163727, 330.641174656476;
  0.003710415817638615, -0.01167831672654352, 0.9993492878875535]';
tag.up=[518.7996133030755, 311.4857789627059;
  487.3324409358538, 324.1047781063306;
  486.278667585429, 350.5359341512018;
  518.4928994329049, 337.818528253865]';
tag.uc=[502.679, 330.86];
tags{2}=tag;

tag.id=16;
tag.hammingDistance=0;
tag.familyName='Tag36h11';
tag.H=[2.562945257926065, -13.74651436663313, 494.2045890491083;
  -8.533693855305911, 12.89189052975834, 446.6038461855589;
  0.01527160096420864, 0.005064401787811162, 0.9991392181300861];
tag.p=[516.3327523016027, 451.822840958167;
  505.7867545971109, 421.2411660756816;
  473.7937813951623, 442.3472327947454;
  483.2436611064252, 473.2675468085343]';
tag.c=[494.630357893492;
  446.9886058735529];
tag.uH=[2.459996555971254, -14.08642230902361, 493.8610101644987;
  -8.626430574021228, 12.71654078575349, 446.6518746663088;
  0.01516032148069618, 0.004619579778474152, 0.9993086192290631]';
tag.up=[516.0515088548786, 451.8115265845262;
  505.4259743689266, 421.159564374156;
  473.2017010051036, 442.2997382397941;
  482.7333800878626, 473.309934941586]';
tag.uc=[494.21, 446.962];
tags{3}=tag;

tag.id=0;
tag.hammingDistance=0;
tag.familyName='Tag36h11';
tag.H=[5.262232345991563, -30.83875069525111, 911.8972463142185;
  -21.46062409985985, -10.05764010534059, 639.5397689781126;
  0.002504950200387112, -0.01045146075735513, 0.9994715968184293];
tag.p=[930.5706913546118, 666.1167079194206;
  936.3611260002256, 620.4261242864217;
  893.8964230414233, 613.2184784809159;
  887.7676449642138, 659.8405805631016]';
tag.c=[912.379350465804;
  639.8778824870355];
tag.uH=[5.778808824858196, -30.36281757838647, 913.8082446883966;
  -21.2939146404842, -9.646725145772413, 640.9560447781517;
  0.003184864152771939, -0.009490528557068657, 0.9995743828233767]';
tag.up=[932.9069649111461, 667.9689102342031;
  938.4606574240189, 621.6973102267365;
  895.250668748772, 614.1493314870761;
  889.3243843477408, 661.2706550055829]';
tag.uc=[914.183, 641.221];
tags{4}=tag;

tag.id=3;
tag.hammingDistance=0;
tag.familyName='Tag36h11';
tag.H=[0.4046012441250122, -14.62714606324795, 559.5503840500685;
  -26.91001647961975, -2.232763688232394, 764.3637906279266;
  -0.009160874418030906, 0.00833377934997699, 0.9994012383553827];
tag.p=[573.6419472395513, 793.3254280848847;
  585.1698525872471, 753.3166081653039;
  546.1065088624405, 736.2708271613265;
  535.4713702360235, 775.9309969988268]';
tag.c=[559.8856220859462;
  764.8217365487416];
tag.uH=[1.202769195991917, -14.69337152026707, 558.7034728328456;
  -26.55772414423985, -2.177854510576484, 767.0328772676204;
  -0.008033253222458406, 0.008507473437504737, 0.9995155182445195]';
tag.up=[572.739143534357, 796.5356724704448;
  584.5525274396351, 755.519058313567;
  545.2144474686448, 738.3084509287476;
  534.2303835623776, 778.9095655484336]';
tag.uc=[558.981, 767.391];
tags{5}=tag;

tag.id=11;
tag.hammingDistance=0;
tag.familyName='Tag36h11';
tag.H=[-5.581857780970989, 2.784031131831789, 470.22857148294;
  -2.242020224625733, 25.89580417850106, 871.1834218930043;
  0.01141750918015814, 0.02019979825286062, 0.9994726746959354];
tag.p=[488.7366585255318, 875.6779851683136;
  466.2028513374381, 850.9677793627991;
  453.33652051266, 867.8555910312066;
  474.6760269910904, 891.9581639694228]';
tag.c=[470.4766657337534;
  871.6430613353587];
tag.uH=[-5.504321697263379, 2.114184484253733, 467.0572034124842;
  -2.145293064992025, 25.79048985565282, 878.0175164493245;
  0.01186775402256539, 0.01943869027753121, 0.9995754915631798]';
tag.up=[485.8641167923885, 882.3734295712281;
  463.1399318180942, 856.9345073424032;
  449.7769287607192, 874.654257045171;
  471.305781699199, 899.5261024218728]';
tag.uc=[467.259, 878.383];
tags{6}=tag;

tag.id=10;
tag.hammingDistance=0;
tag.familyName='Tag36h11';
tag.H=[6.343281156594742, 18.34269931137394, 588.3172167792072;
  30.92612978310441, 8.784946830001026, 951.0715722558992;
  0.01862200139959665, 0.0006796188185507519, 0.9995122125048503];
tag.p=[575.0103505781964, 929.7598932457046;
  566.4309753063465, 956.51713590899;
  601.6832296130038, 972.4864514461158;
  611.588311532137, 946.3721897146179]';
tag.c=[588.6043306112703;
  951.5357194810503];
tag.uH=[5.541349089466564, 18.43405928927836, 586.8515929786089;
  30.85701367243125, 8.765011978743715, 960.6454576125116;
  0.01759064148312863, 0.0002968910859337134, 0.9996116973602409]';
tag.up=[573.3531418336371, 938.1717981455713;
  564.4175348922515, 966.4042834119792;
  600.3203079133956, 983.0670598525005;
  610.5402922727832, 955.4521322336684]';
tag.uc=[587.082, 961.005];
tags{7}=tag;

tag.id=4;
tag.hammingDistance=0;
tag.familyName='Tag36h11';
tag.H=[-14.60465932064077, -20.91983033590908, 718.1119570078507;
  -31.97473427656154, -2.997717120307051, 1014.305244690423;
  -0.01879042309705663, -0.002648551155932357, 0.9996035771082172];
tag.p=[738.1048377069964, 1027.653249796929;
  736.6093913133474, 1001.897910571677;
  697.8247478582357, 1001.194267748921;
  700.7629585333301, 1027.109954391731]';
tag.c=[718.3967459233169;
  1014.707497971082];
tag.uH=[-13.95914035454501, -21.22646493758159, 719.363570622079;
  -32.02249958961304, -2.905062858090268, 1027.547336742759;
  -0.01775546010922444, -0.002432097449288838, 0.9996884702838214]';
tag.up=[739.8429625056102, 1041.771805840424;
  738.1733257123876, 1014.291504188395;
  698.4954096304173, 1013.396673102578;
  701.5656300220163, 1041.040118880538]';
tag.uc=[719.588, 1027.85];
tags{8}=tag;

tag.id=13;
tag.hammingDistance=0;
tag.familyName='Tag36h11';
tag.H=[-5.81609975568392, 4.764154455981092, 857.6334614563518;
  11.73874336079825, -6.976145279110545, 1059.001428238525;
  0.003010221405705894, -0.009483033103386546, 0.9998516290252544];
tag.p=[853.2888321177832, 1047.613262179622;
  836.7239475616394, 1064.57427148331;
  862.2909017337996, 1070.854348577708;
  879.3298746197095, 1053.6058299079]';
tag.c=[857.7607282517012;
  1059.15857662895];
tag.uH=[-5.947838936274356, 5.079377087217431, 863.2215895500044;
  12.33207679261274, -6.863786914569364, 1076.664895935499;
  0.003023503970060498, -0.00961806263061666, 0.9998753196652551]';
tag.up=[858.5362048924801, 1064.310184063656;
  841.6604992684407, 1082.320169714209;
  868.187465047477, 1089.453016400963;
  885.5551153209515, 1071.150289807945]';
