% AprilTagFinder log 96
% @ Wed Mar  7 16:05:47 2018

K=[1664.010615128407, 0, 667.9657771371558;
  0, 1668.819944196452, 457.9230104705811;
  0, 0, 1];
distCoeffs=[-0.2237256636237109;
  0.2343996528647796;
  0;
  0;
  0];
tags={};

tag.id=1;
tag.hammingDistance=0;
tag.familyName='Tag36h11';
tag.H=[39.16728670708186, -0.2473827155601045, 341.7163769987092;
  -4.932030485603017, -49.23474743646837, 75.37474576893793;
  -0.02204764470319534, -0.003639426811420725, 0.9183532629922805];
tag.p=[320.7452710856343, 137.2203273059017;
  423.5048000945284, 132.9830786572503;
  426.4038277960871, 23.75800500717988;
  322.7093702558888, 33.16962690304986]';
tag.c=[372.0968724881436;
  82.07598187580187];
tag.uH=[41.1423246095111, -2.503257290876756, 336.4999112007964;
  -4.035298574530357, -51.34605841551672, 69.182406874477;
  -0.0206905888019273, -0.007774694614456467, 0.9175051828498838]';
tag.up=[314.73821481161, 131.672040175893;
  420.3391041662022, 128.7752045354323;
  421.8186707914238, 15.51699386527417;
  314.8514710757875, 23.50240799571651]';
tag.uc=[366.866, 75.4307];
tags{1}=tag;

tag.id=25;
tag.hammingDistance=0;
tag.familyName='Tag36h11';
tag.H=[40.44314430103532, 2.202769791085517, 362.1657346919432;
  -5.94493594889188, -51.12582848649551, 214.7874661123816;
  -0.02713821410457187, 0.003436250474529078, 0.9812239761618243];
tag.p=[317.9536003080973, 270.5256375450655;
  421.1921473932725, 273.4639375316855;
  422.7700705425064, 164.7133952147751;
  320.1481116582741, 167.6288149352924]';
tag.c=[369.0958878813765;
  218.897490614272];
tag.uH=[42.74859370033972, 0.8261583310089139, 359.6614253667736;
  -4.8574994139074, -52.82564938997589, 212.6036046718884;
  -0.02499000848401463, 0.001171361743562542, 0.9838730882281865]';
tag.up=[313.6160274377787, 268.2032904537879;
  419.3306229443499, 272.0724798039788;
  419.9532550020463, 161.3449944693645;
  314.5962310090976, 162.9951264061555]';
tag.uc=[365.65, 216.142];
tags{2}=tag;

tag.id=24;
tag.hammingDistance=0;
tag.familyName='Tag36h11';
tag.H=[40.67451346084744, 0.6341307768401948, 238.7538223359186;
  -3.651651940603333, -49.59602252347037, 214.550191164822;
  -0.01685438225039457, -0.002382559695705551, 0.9791565547330893];
tag.p=[197.7628848294426, 268.2287760483543;
  289.0003290405223, 270.0307707363149;
  291.7561667070067, 168.0375258011757;
  199.9876857324891, 169.6870021387511]';
tag.c=[243.8362090125629;
  219.1173516918413];
tag.uH=[43.55965357366597, -0.3609868035002033, 231.5343227076067;
  -2.324969017604385, -51.30905445157265, 210.6436976112185;
  -0.01409212776930734, -0.003868870531655093, 0.9811742870610637]';
tag.up=[188.459359068864, 264.4754490793968;
  283.691587214028, 267.3986801408245;
  285.1848379335255, 162.9740378582586;
  189.2372576048334, 163.0656227445301]';
tag.uc=[236.07, 214.744];
tags{3}=tag;

