% AprilTagFinder log 41
% @ Wed Mar  7 16:07:42 2018

K=[1664.010615128407, 0, 667.9657771371558;
  0, 1668.819944196452, 457.9230104705811;
  0, 0, 1];
distCoeffs=[-0.2237256636237109;
  0.2343996528647796;
  0;
  0;
  0];
tags={};

tag.id=20;
tag.hammingDistance=0;
tag.familyName='Tag16h5';
tag.H=[-18.72515266583301, -89.3550742121416, 161.8980493050071;
  -21.46847617346243, -27.51501089906793, 72.71136099856059;
  -0.1338720056688659, -0.4042092100173288, 0.8943813297758508];
tag.p=[188.4714382503448, 84.9549947791744;
  199.6430588495274, 67.61968099303898;
  151.0463238681149, 66.59519036825108;
  146.2526831675434, 106.8271033355189]';
tag.c=[181.0168033646027;
  81.29794146841533];
tag.uH=[-17.09847157424475, -86.22483542287483, 152.3360736408529;
  -20.77450919950758, -23.80736416347784, 64.36314844307151;
  -0.1361784722955652, -0.4117372993939016, 0.9107466866086947]';
tag.up=[175.2714981924454, 74.68760463215028;
  186.6706840761628, 56.80841588126395;
  135.0911630072997, 54.51652263857056;
  130.9793090422942, 96.54862038099691]';
tag.uc=[167.291, 70.6818];
tags{1}=tag;

