% AprilTagFinder log 64
% @ Fri Mar 16 13:46:41 2018

K=[1664.010615128407, 0, 667.9657771371558;
  0, 1668.819944196452, 457.9230104705811;
  0, 0, 1];
distCoeffs=[-0.2237256636237109;
  0.2343996528647796;
  0;
  0;
  0];
tags={};

tag.id=1;
tag.hammingDistance=0;
tag.familyName='Tag36h11';
tag.H=[17.84176464131906, -14.04865360498608, 960.0328457387805;
  -6.01230937238124, -5.088182311774937, 273.163509834991;
  0.01841166802736006, 0.002204341766593149, 0.999241415350663];
tag.p=[977.1253937133098, 290.4727385014476;
  976.83243214324, 268.0976120393475;
  945.0595083312185, 256.9604453423225;
  944.1609785391673, 278.8180389037686]';
tag.c=[960.7616647893611;
  273.3708847917698];
tag.uH=[17.54832069171868, -13.92832654979663, 962.9521665632263;
  -6.334447623645682, -4.918005889824239, 271.4506427871788;
  0.01795528946261845, 0.002658919750334574, 0.9993830588778773]';
tag.up=[980.1494658374213, 288.8348088609442;
  980.0391163774982, 266.1268259329637;
  947.6297480060493, 255.0963758961368;
  946.534737572137, 277.2787216312441]';
tag.uc=[963.538, 271.621];
tags{1}=tag;

tag.id=2;
tag.hammingDistance=0;
tag.familyName='Tag36h11';
tag.H=[-13.77017897040687, -6.902205759708621, 502.8322064217703;
  7.690914255691359, 8.80572797561871, 331.0258772132592;
  0.004058864858538973, -0.01296932403809314, 0.9991785082395302];
tag.p=[519.3039583521735, 312.0054331982313;
  488.0544820347877, 324.6495662969704;
  486.8982919820051, 350.9378291811588;
  518.9635126051585, 338.1770431591402]';
tag.c=[503.2456185509024;
  331.2980358199451];
tag.uH=[-13.96130349846162, -6.74383790970085, 502.3367196407826;
  7.621059443138458, 8.96444494282499, 330.6376076572196;
  0.003892649625364871, -0.01274861172108783, 0.9993378801126144]';
tag.up=[518.7874389999063, 311.4984485998111;
  487.3325056411292, 324.1147456202576;
  486.2562455365738, 350.5584708700747;
  518.5268597923906, 337.8261262545657]';
tag.uc=[502.676, 330.86];
tags{2}=tag;

tag.id=16;
tag.hammingDistance=0;
tag.familyName='Tag36h11';
tag.H=[3.194236432148056, -13.74556781461682, 494.1904572654427;
  -7.938682483421021, 12.91372653591757, 446.5934185451698;
  0.01658782482190787, 0.005079567625570524, 0.9991176003738996];
tag.p=[516.3861898588972, 451.8065175202424;
  505.756168500453, 421.2647107104548;
  473.791375543472, 442.3737278401427;
  483.2382928690793, 473.3104549826705]';
tag.c=[494.6269158710666;
  446.9878404484529];
tag.uH=[3.090347677035693, -14.0857887969975, 493.8490546423675;
  -8.031717386046203, 12.73829529593126, 446.6434327489301;
  0.01647608386750115, 0.004634373207879068, 0.9992914446299418]';
tag.up=[516.105240262462, 451.7951807284168;
  505.3952135443632, 421.1831372753701;
  473.1992860425105, 442.3263139332765;
  482.7279483393339, 473.3529657014442]';
tag.uc=[494.206, 446.961];
tags{3}=tag;

tag.id=0;
tag.hammingDistance=0;
tag.familyName='Tag36h11';
tag.H=[5.351112931458536, -30.44728100199212, 911.8964170596988;
  -21.40627687483776, -9.772755594671692, 639.5439166730818;
  0.002589641760242845, -0.01001570234299024, 0.9994757820141207];
tag.p=[930.5699378935141, 666.1254560948574;
  936.3822588301696, 620.4150825356935;
  893.9070591236602, 613.2403155416408;
  887.7538423188213, 659.8408594868132]';
tag.c=[912.3747002874507;
  639.879352938685];
tag.uH=[5.867182132135055, -29.97067495337026, 913.8062519043859;
  -21.23993863177713, -9.361269833284494, 640.959418737125;
  0.003268623458539426, -0.009054853632442786, 0.9995773524287607]';
tag.up=[932.9062706637222, 667.9777884994487;
  938.4821188684881, 621.6862809603243;
  895.2615745262807, 614.1714410100039;
  889.3103811702365, 661.2708414857365]';
tag.uc=[914.179, 641.222];
tags{4}=tag;

tag.id=3;
tag.hammingDistance=0;
tag.familyName='Tag36h11';
tag.H=[0.436298850283622, -14.59588139478448, 559.5383046562346;
  -26.8514342563956, -2.204239719353738, 764.3619942336596;
  -0.009081078503851214, 0.008381874373511041, 0.9994016998607721];
tag.p=[573.6400046348061, 793.3376172775262;
  585.1388252744142, 753.3207157463514;
  546.0872726795923, 736.2616228570865;
  535.4755157876347, 775.9235082526654]';
tag.c=[559.8732769157632;
  764.8195858983868];
tag.uH=[1.234149417766788, -14.66141683510188, 558.6911658421978;
  -26.49909454343938, -2.148518736912877, 767.0309563306448;
  -0.007953674104222701, 0.008556729694740098, 0.9995158040445796]';
tag.up=[572.7371202026887, 796.5481992717869;
  584.5212197655767, 755.5233713551033;
  545.1950743480365, 738.2991703859475;
  534.2346279360618, 778.9018626650773]';
tag.uc=[558.968, 767.389];
tags{5}=tag;

tag.id=11;
tag.hammingDistance=0;
tag.familyName='Tag36h11';
tag.H=[-4.913459715937768, 2.79940915940421, 470.2139130152721;
  -0.9886035685286331, 25.90524410170821, 871.1636215543668;
  0.01286397799910258, 0.02020820291495226, 0.9994547219130951];
tag.p=[488.7587922309895, 875.6852955418072;
  466.1789644800161, 850.9836116434861;
  453.3536716351309, 867.8517330967353;
  474.6993264106123, 891.9928572165895]';
tag.c=[470.4704502423254;
  871.6389071501294];
tag.uH=[-4.840550968657525, 2.129933535664433, 467.0439388732602;
  -0.8818882314440681, 25.80032195869224, 878.0001959294452;
  0.01331472915416877, 0.01944750454281696, 0.999560602269469]';
tag.up=[485.8866300650418, 882.3807992364298;
  463.1153496264899, 856.951228061192;
  449.7945315191827, 874.6500157843091;
  471.3291892853352, 899.5620700829857]';
tag.uc=[467.253, 878.379];
tags{6}=tag;

tag.id=10;
tag.hammingDistance=0;
tag.familyName='Tag36h11';
tag.H=[6.025021675306073, 18.90293673205512, 588.3400979426098;
  30.40673644044436, 9.668324683166738, 951.0878042994082;
  0.01806714179005788, 0.00163689857597666, 0.9995214902631118];
tag.p=[575.0174581953312, 929.7780349507883;
  566.4266952095114, 956.5673092859604;
  601.7000535410584, 972.4666775283732;
  611.5587081098015, 946.3510079402938]';
tag.c=[588.6217591857244;
  951.543126950723];
tag.uH=[5.22369694046016, 18.99420708065653, 586.8735974722414;
  30.33217644482998, 9.658114413375415, 960.6601438226244;
  0.01703516199484464, 0.001256403870286416, 0.9996189687024157]';
tag.up=[573.3602689938143, 938.1908073403511;
  564.4127986978108, 966.4572747544223;
  600.3375846008479, 983.0460498901889;
  610.5102094993528, 955.4299422916411]';
tag.uc=[587.1, 961.013];
tags{7}=tag;

tag.id=4;
tag.hammingDistance=0;
tag.familyName='Tag36h11';
tag.H=[-13.34836994732345, -20.60556203037053, 718.1158552593572;
  -30.20767799616326, -2.534716110871464, 1014.312033986983;
  -0.01704648324492827, -0.002180613577904395, 0.999635551965421];
tag.p=[738.1463911072776, 1027.669852594256;
  736.5915709848259, 1001.898301538824;
  697.8335607909056, 1001.184388742538;
  700.6975525302469, 1027.090720282684]';
tag.c=[718.3776665880306;
  1014.681832786665];
tag.uH=[-12.70029601187541, -20.91110467128733, 719.3612404679693;
  -30.23198829372515, -2.435460268580013, 1027.544634770571;
  -0.01601097372836494, -0.00196289371854487, 0.9997125153038836]';
tag.up=[739.885664630582, 1041.789786026497;
  738.1550896197939, 1014.291826726091;
  698.5043991488105, 1013.386183664384;
  701.4985644067577, 1041.019390200853]';
tag.uc=[719.568, 1027.83];
tags{8}=tag;

tag.id=13;
tag.hammingDistance=0;
tag.familyName='Tag36h11';
tag.H=[-6.184133675224198, 8.404692792227889, 857.7031372405986;
  11.31114449547671, -2.51341905639531, 1059.063241245211;
  0.002611354684282198, -0.005247858535102204, 0.999883792335267];
tag.p=[853.3319289176774, 1047.625190035235;
  836.6362317832264, 1064.644258390636;
  862.2973522088585, 1070.808593831485;
  879.3047894896509, 1053.641915430041]';
tag.c=[857.8028205031708;
  1059.186326814767];
tag.uH=[-6.315514757441253, 8.747505371347774, 863.2881538260399;
  11.90101951121962, -2.322924174481979, 1076.723640651862;
  0.002628687341642049, -0.005378109691321581, 0.9999015258581212]';
