% AprilTagFinder log 33
% @ Wed Mar  7 16:07:35 2018

K=[1664.010615128407, 0, 667.9657771371558;
  0, 1668.819944196452, 457.9230104705811;
  0, 0, 1];
distCoeffs=[-0.2237256636237109;
  0.2343996528647796;
  0;
  0;
  0];
tags={};

tag.id=28;
tag.hammingDistance=0;
tag.familyName='Tag16h5';
tag.H=[19.99860132964091, 4.645696024000086, 435.3881826924281;
  2.598687118671016, -18.11024099564544, 68.21451453150135;
  0.002113073527547133, 0.007392825547366368, 0.9817986506662625];
tag.p=[422.4487785870291, 86.11199484048558;
  461.5794826120036, 91.0616709713196;
  464.0677581538196, 53.16525649790206;
  425.5338544980506, 48.12747020693653]';
tag.c=[443.4597484901487;
  69.47912841926399];
tag.uH=[20.70247038808041, 3.593858945592742, 431.6858046547705;
  2.96134747377727, -18.95314725380438, 62.21365546977257;
  0.002676821293641707, 0.005537509199661959, 0.9812462632457735]';
tag.up=[418.6587470508648, 80.37236995482357;
  458.7242896305348, 85.9864312412758;
  460.8177236814158, 46.71361631060108;
  421.2875462735716, 40.94971014120989]';
tag.uc=[439.949, 63.4045];
tags{1}=tag;

