% AprilTagFinder log 98
% @ Fri Mar 16 13:47:07 2018

K=[1664.010615128407, 0, 667.9657771371558;
  0, 1668.819944196452, 457.9230104705811;
  0, 0, 1];
distCoeffs=[-0.2237256636237109;
  0.2343996528647796;
  0;
  0;
  0];
tags={};

tag.id=1;
tag.hammingDistance=0;
tag.familyName='Tag36h11';
tag.H=[15.69015189734201, -19.45456382123361, 960.1544926107555;
  -6.636391158002919, -6.662604214358293, 273.2525867099698;
  0.01613752970758677, -0.003417300532767661, 0.9992758772980161];
tag.p=[977.0547727017594, 290.4565825835175;
  976.9034256280962, 268.2278790228092;
  945.053122803231, 256.8721259646333;
  944.1562776161717, 278.8818046465155]';
tag.c=[960.850266101647;
  273.450598496212];
tag.uH=[15.38921242493113, -19.35084338516108, 963.0697955357293;
  -6.955368697127215, -6.483415066325632, 271.5385525031844;
  0.01567910941254648, -0.00296401584228872, 0.9994118306880811]';
tag.up=[980.0772376949035, 288.8189913943166;
  980.1107206741917, 266.2585228814236;
  947.623986672465, 255.0067414101297;
  946.5294516362644, 277.3433884538846]';
tag.uc=[963.628, 271.701];
tags{1}=tag;

tag.id=2;
tag.hammingDistance=0;
tag.familyName='Tag36h11';
tag.H=[-15.179336665202, -6.553449084881686, 502.8888804292574;
  6.755315905649241, 9.042578065449474, 331.0164478971353;
  0.001235604983383121, -0.01225191173095217, 0.9991954390184851];
tag.p=[519.3185175069559, 312.0321608288202;
  488.0727872933019, 324.6121442810822;
  486.9118148381032, 350.9630294167683;
  518.9313755477202, 338.1363814930276]';
tag.c=[503.2938109918194;
  331.282985260916];
tag.uH=[-15.36854048042056, -6.395857538761685, 502.391767637267;
  6.686797111695022, 9.200697990797488, 330.626956133302;
  0.001069659461964699, -0.01203174199794333, 0.9993509314879705]';
tag.up=[518.802192017572, 311.5254097153094;
  487.3508366418788, 324.0771380711636;
  486.2699644464971, 350.5838479569768;
  518.4943990678601, 337.7851609767797]';
tag.uc=[502.724, 330.845];
tags{2}=tag;

tag.id=16;
tag.hammingDistance=0;
tag.familyName='Tag36h11';
tag.H=[3.378059504635842, -14.43376051390236, 494.2170049459912;
  -7.790395457872382, 12.251741005229, 446.5698440757291;
  0.01692461174309058, 0.00368469954545438, 0.9991192307902329];
tag.p=[516.3695286937622, 451.8181059968394;
  505.7778442671358, 421.3205467318417;
  473.8136513780142, 442.3051537849784;
  483.2287034964388, 473.2952317175572]';
tag.c=[494.6526797958842;
  446.9635157783159];
tag.uH=[3.274371547973776, -14.77361421357253, 493.8754106176276;
  -7.883227034280065, 12.07599965936801, 446.619449404745;
  0.0168132919970713, 0.0032389972573719, 0.9992922857727681]';
tag.up=[516.0884884618168, 451.8067882776549;
  505.4170818376637, 421.2391301091042;
  473.2217310355753, 442.2575389209054;
  482.718286996648, 473.3377041634408]';
tag.uc=[494.232, 446.937];
tags{3}=tag;

tag.id=0;
tag.hammingDistance=0;
tag.familyName='Tag36h11';
tag.H=[5.557310712551911, -30.80558243516787, 911.9020408421264;
  -21.26398878057071, -10.02517897949701, 639.5284346510638;
  0.002819307287669181, -0.0104015306058067, 0.9994709804231919];
tag.p=[930.5866950058955, 666.1193270811907;
  936.3805620214113, 620.4154249950942;
  893.9044451993944, 613.2131880052909;
  887.7455220930692, 659.839949713903]';
tag.c=[912.3847102154108;
  639.8669367871764];
tag.uH=[6.074165857173711, -30.32940493293023, 913.8129853985109;
  -21.09713347635782, -9.614025598156514, 640.9445654995055;
  0.003498780517634881, -0.009440204575006538, 0.999573678722678]';
tag.up=[932.9233048566606, 667.9717064279437;
  938.4803919807221, 621.6866159256775;
  895.2587744972933, 614.144033702997;
  889.3019326046622, 661.2698614956736]';
tag.uc=[914.189, 641.21];
tags{4}=tag;

tag.id=3;
tag.hammingDistance=0;
tag.familyName='Tag36h11';
tag.H=[0.2720786367450465, -14.59610347936941, 559.5448489415696;
  -27.07988984519692, -2.193155752608889, 764.3628189334968;
  -0.009380751628040992, 0.008395606014405749, 0.9993985634061748];
tag.p=[573.64875958094, 793.3314560958995;
  585.1671118327805, 753.3204531223666;
  546.0872363919259, 736.2579070310885;
  535.4798428021992, 775.9231344520714]';
tag.c=[559.8815822133215;
  764.822811360041];
tag.uH=[1.070218250787625, -14.66195513398668, 558.69828339745;
  -26.72836241385225, -2.13764163880562, 767.032498120598;
  -0.008253382253437564, 0.008570096705480913, 0.9995135614134782]';
tag.up=[572.7460010770028, 796.5418293077128;
  584.5497486486166, 755.5229947348306;
  545.1950573684165, 738.2953826580821;
  534.2390096976734, 778.9014512300769]';
tag.uc=[558.977, 767.392];
tags{5}=tag;

tag.id=11;
tag.hammingDistance=0;
tag.familyName='Tag36h11';
tag.H=[-5.603273620530254, 2.957094121834507, 470.2218061440907;
  -2.269696604841314, 26.20450820034409, 871.1847835404089;
  0.01138792720312341, 0.02056700923540053, 0.9994653870943939];
tag.p=[488.7471606350421, 875.7011062470283;
  466.1898645288927, 850.9767068649542;
  453.3317949793844, 867.8514226575097;
  474.6788274177583, 891.9485664999074]';
tag.c=[470.4733272565855;
  871.6507792962024];
tag.uH=[-5.52613253146697, 2.286646980860805, 467.0510835789613;
  -2.173792832656739, 26.10206077229314, 878.020679538095;
  0.01183748273857679, 0.0198068701858009, 0.99956988651598]';
tag.up=[485.8745811720495, 882.3974015395513;
  463.1265632049888, 856.9439300729482;
  449.7721466465637, 874.649977920508;
  471.3087643112848, 899.5160381567603]';
tag.uc=[467.256, 878.391];
tags{6}=tag;

tag.id=10;
tag.hammingDistance=0;
tag.familyName='Tag36h11';
tag.H=[6.433706704655044, 18.90025487045876, 588.3330814070031;
  31.07496188998758, 9.691898217863432, 951.0954882183731;
  0.01876794291533028, 0.001631010922081535, 0.9995084028367756];
tag.p=[575.0114253388797, 929.751652423399;
  566.4379833479294, 956.5563511419532;
  601.6890053457618, 972.5023962574257;
  611.5809013233272, 946.3959939186127]';
tag.c=[588.6224465319284;
  951.5632740245121];
tag.uH=[5.631166338882088, 18.98987730653349, 586.8683625844519;
  31.00712805342058, 9.680662376699235, 960.671870029049;
  0.0177358906186187, 0.001247805803740166, 0.9996090714420292]';
tag.up=[573.3542899009358, 938.16313556637;
  564.424407209639, 966.4456253895188;
  600.326128451103, 983.0839067384115;
  610.5326457184128, 955.4772330870619]';
tag.uc=[587.1, 961.034];
tags{7}=tag;

tag.id=4;
tag.hammingDistance=0;
tag.familyName='Tag36h11';
tag.H=[-14.11569519010565, -19.63041934845866, 718.0962644796519;
  -31.24022874107784, -1.165109269255602, 1014.311829069085;
  -0.01807198161459013, -0.0008320188168662766, 0.9996197133401412];
tag.p=[738.1687523348285, 1027.680703872294;
  736.5898861804366, 1001.890266013545;
  697.8068577196416, 1001.214192996394;
  700.7668383780887, 1027.070866363384]';
tag.c=[718.3694507986409;
  1014.697705070113];
tag.uH=[-13.47000877016897, -19.93320896949164, 719.3441884227418;
  -31.27831054756955, -1.04647742874287, 1027.549122223791;
  -0.01703710208693241, -0.0006127884351622748, 0.999700455072291]';
tag.up=[739.9086545789635, 1041.801511239383;
  738.1533234025195, 1014.283267055989;
  698.4771606949627, 1013.417829359565;
  701.5695052145087, 1040.99834589184]';
tag.uc=[719.56, 1027.84];
tags{8}=tag;

tag.id=13;
tag.hammingDistance=0;
tag.familyName='Tag36h11';
tag.H=[-7.529447615489634, 10.60804149246657, 857.7783480601383;
  9.570153876965284, 0.1685117880429505, 1059.080575829136;
  0.0009623222828196915, -0.002704043527876806, 0.9998970657867774];
tag.p=[853.3013749556376, 1047.625075775722;
  836.6594801243809, 1064.688274080739;
  862.4478610915595, 1070.794488391852;
  879.2299185210062, 1053.650458438408]';
tag.c=[857.8666518890004;
  1059.189602677541];
tag.uH=[-7.673611650418956, 10.96406979960539, 863.3636552623193;
  10.12482161141586, 0.4013551322023779, 1076.739795001694;
  0.0009726212640255611, -0.002836040208528166, 0.9999124376274854]';
tag.up=[858.5493289568135, 1064.323051499473;
  841.5954174577953, 1082.442080323875;
  868.3490384735895, 1089.390871308277;
  885.4523609058756, 1071.196643502204]';
