% AprilTagFinder log 17
% @ Wed Mar  7 16:07:15 2018

K=[1664.010615128407, 0, 667.9657771371558;
  0, 1668.819944196452, 457.9230104705811;
  0, 0, 1];
distCoeffs=[-0.2237256636237109;
  0.2343996528647796;
  0;
  0;
  0];
tags={};

tag.id=14;
tag.hammingDistance=0;
tag.familyName='Tag16h5';
tag.H=[18.00685736510506, -4.62808517505152, 577.4584193210023;
  18.37880855403785, 5.439994643012039, 196.3459762185744;
  0.03159548176425081, -0.0231377924867606, 0.9975761692143679];
tag.p=[570.2852171632123, 174.4251841625026;
  570.2632106816229, 198.8814140452838;
  587.293545365141, 218.8443038544176;
  588.4580344665046, 194.5256874579054]';
tag.c=[578.8614816007229;
  196.8230419670159];
tag.uH=[18.4808130670406, -4.122056396894026, 577.1553193423767;
  18.68843365213948, 5.81201909855643, 194.8487545497404;
  0.03237115560275223, -0.02246461129318593, 0.9979829678958616]';
tag.up=[569.5887887489497, 172.4039432761348;
  569.6680183452921, 197.3033636564703;
  586.884534023332, 217.6321655455708;
  587.9797160136422, 192.9410895835401]';
tag.uc=[578.322, 195.244];
tags{1}=tag;

