% AprilTagFinder log 61
% @ Fri Mar 16 13:46:38 2018

K=[1664.010615128407, 0, 667.9657771371558;
  0, 1668.819944196452, 457.9230104705811;
  0, 0, 1];
distCoeffs=[-0.2237256636237109;
  0.2343996528647796;
  0;
  0;
  0];
tags={};

tag.id=1;
tag.hammingDistance=0;
tag.familyName='Tag36h11';
tag.H=[15.0936535594032, -17.25847192885369, 960.1386551139948;
  -6.808366487978234, -6.028824970494744, 273.2624415263891;
  0.01554784639282775, -0.001126277037380316, 0.9992899023273141];
tag.p=[977.0884505745745, 290.495311308821;
  976.895594174441, 268.2013271146457;
  945.0162728792122, 256.9027354850883;
  944.200723773326, 278.890273216922]';
tag.c=[960.8209318215493;
  273.4566224375625];
tag.uH=[14.79187684501245, -17.14884431704302, 963.0495659348514;
  -7.12576763313293, -5.85356845627857, 271.5476627941087;
  0.01509088386298385, -0.0006733691055859738, 0.9994219809309466]';
tag.up=[980.1114346056302, 288.8579960795813;
  980.1029313753472, 266.231619500529;
  947.586092285085, 255.0381446918181;
  946.574743358203, 277.351629284465]';
tag.uc=[963.598, 271.707];
tags{1}=tag;

tag.id=2;
tag.hammingDistance=0;
tag.familyName='Tag36h11';
tag.H=[-13.18064930589908, -5.622845384089896, 502.8369398698508;
  8.110129666368936, 9.59743425325399, 331.0630801576224;
  0.005244858559571268, -0.01049384892738529, 0.9992028044163943];
tag.p=[519.3284906936789, 311.9667044901038;
  487.9878595360924, 324.7239094129412;
  486.9778035342438, 350.8922035890481;
  518.976488704783, 338.141865862509]';
tag.c=[503.2381190758801;
  331.3272127483538];
tag.uH=[-13.37220467769888, -5.464976938821684, 502.3389129725482;
  8.039941740395884, 9.755407888211849, 330.6732734000867;
  0.00507888693212303, -0.01027170013955141, 0.9993570665282359]';
tag.up=[518.8120097976979, 311.4595393938442;
  487.265554470838, 324.1893416911693;
  486.3363144077101, 350.5128463452941;
  518.5398201937908, 337.7908026779586]';
tag.uc=[502.668, 330.889];
tags{2}=tag;

tag.id=16;
tag.hammingDistance=0;
tag.familyName='Tag36h11';
tag.H=[3.19615888989196, -13.84780403795391, 494.1912520919296;
  -7.969923115633767, 12.81322592085002, 446.5842506102384;
  0.01655627184476497, 0.004886046184478599, 0.9991187522368503];
tag.p=[516.3701195776082, 451.8273452740497;
  505.77838322234, 421.2561779804907;
  473.7978167419151, 442.3327192930773;
  483.2123157025006, 473.308113858919]';
tag.c=[494.6271411536643;
  446.9781491043133];
tag.uH=[3.092768981442741, -14.18805842922033, 493.8496881965062;
  -8.062666805212734, 12.63769688394807, 446.6340954561275;
  0.01644526292939461, 0.004440714444888041, 0.9992922831902704]';
tag.up=[516.0890839849578, 451.8160448258134;
  505.4175633016758, 421.1746049107796;
  473.2057659927058, 442.2851818746832;
  482.7017586109747, 473.3506298344129]';
tag.uc=[494.206, 446.952];
tags{3}=tag;

tag.id=0;
tag.hammingDistance=0;
tag.familyName='Tag36h11';
tag.H=[5.569569290300585, -30.49124384104336, 911.8990262125184;
  -21.26145985884859, -9.788224756667622, 639.5392168366847;
  0.002813207228921523, -0.01005110497798221, 0.999474727138887];
tag.p=[930.5741058601843, 666.1175045131087;
  936.405495096255, 620.4107095784651;
  893.9169817020602, 613.2502989184121;
  887.724475462338, 659.8475366629353]';
tag.c=[912.3782737587931;
  639.8753259799178];
tag.uH=[6.085161393695693, -30.01490000891955, 913.8090137036435;
  -21.09550179483669, -9.376808493412048, 640.954788214484;
  0.003490941773203097, -0.009090306533025208, 0.9995764182802835]';
tag.up=[932.9104531763135, 667.9697483080956;
  938.5057692220728, 621.6820144091905;
  895.2716915258268, 614.1815769966348;
  889.2806298698881, 661.2774038027641]';
tag.uc=[914.182, 641.218];
tags{4}=tag;

tag.id=3;
tag.hammingDistance=0;
tag.familyName='Tag36h11';
tag.H=[0.2144132975227748, -14.49972273733416, 559.5321426018338;
  -27.15685612775502, -2.054765606305826, 764.3625735179115;
  -0.009481765152553797, 0.008573473264046796, 0.9993960257693585];
tag.p=[573.6428823832272, 793.3327700814732;
  585.1649967446724, 753.316781003951;
  546.0726403145642, 736.2643794596434;
  535.4733201917776, 775.9238125975443]';
tag.c=[559.8702898293926;
  764.8245078115929];
tag.uH=[1.012594033195517, -14.56594010783712, 558.6857748833856;
  -26.80565284897237, -1.998915425263795, 767.0327864111507;
  -0.008354471047059062, 0.008747714179075676, 0.9995115971325925]';
tag.up=[572.7400531089542, 796.5432074905837;
  584.5476295147851, 755.5192534079032;
  545.1802861836975, 738.3020583387256;
  534.2324038144981, 778.9021889703974]';
tag.uc=[558.965, 767.394];
tags{5}=tag;

tag.id=6;
tag.hammingDistance=0;
tag.familyName='Tag36h11';
tag.H=[19.71165597705384, 34.90600243365169, 1096.712533302421;
  33.69131969659214, 20.48299742525322, 787.854841685836;
  0.02339240496382988, 0.0229396811188103, 0.9993398922649467];
tag.p=[1093.479894006626, 769.8578330675715;
  1081.742522818221, 801.2293260116122;
  1101.043363075011, 805.251719701134;
  1113.145623361916, 775.5095309111424]';
tag.c=[1097.436959928403;
  788.375254289317];
tag.uH=[19.58893184562087, 34.92620370322566, 1106.481095618262;
  34.06225932805517, 20.42016035485885, 795.3630260354158;
  0.02306597526516376, 0.02228898986684003, 0.9994850248651664]';
tag.up=[1102.538688537848, 776.498631464176;
  1090.862609625319, 808.7961683531406;
  1111.170693068389, 813.3738497045481;
  1123.274196552039, 782.7351462298882]';
tag.uc=[1107.04, 795.767];
tags{6}=tag;

tag.id=11;
tag.hammingDistance=0;
tag.familyName='Tag36h11';
tag.H=[-6.018545022581131, 2.549545335626346, 470.2466488089004;
  -3.039932533530416, 25.45208648317191, 871.2097755275091;
  0.0105075438941292, 0.01969949608675047, 0.999492461191028];
tag.p=[488.7266826982948, 875.6942000821056;
  466.2004656724212, 850.9717493361023;
  453.3144364843364, 867.8472976437433;
  474.6923148746947, 891.9556826759583]';
tag.c=[470.4854384279587;
  871.6521728331467];
tag.uH=[-5.938410655368337, 1.881669914156967, 467.0734604684849;
  -2.949838009933309, 25.34347015757663, 878.0408247763033;
  0.01095727832485022, 0.018938873509788, 0.9995913367192111]';
tag.up=[485.8537536136288, 882.3904345455076;
  463.1374484977381, 856.9386572693476;
  449.7544351830556, 874.6459087836728;
  471.3224737170053, 899.5233080781119]';
tag.uc=[467.268, 878.392];
tags{7}=tag;

tag.id=10;
tag.hammingDistance=0;
tag.familyName='Tag36h11';
tag.H=[7.126744011563557, 19.32856908343678, 588.3236960634541;
  32.19457124844131, 10.358735902603, 951.0943307709207;
  0.01995946237599914, 0.002359858217421187, 0.9994840434116306];
tag.p=[574.9986362053542, 929.7726395602798;
  566.4449255161303, 956.5881512706146;
  601.6607801610404, 972.445064212035;
  611.6050903018324, 946.4031186113876]';
tag.c=[588.6274022497397;
  951.5853074797104];
tag.uH=[6.323122252775013, 19.41925708169097, 586.862569960442;
  32.13879213943278, 10.35612975599339, 960.67747959536;
  0.01892886829288986, 0.001979889791756291, 0.9995907751104145]';
tag.up=[573.3411220954421, 938.1852615913983;
  564.4312661851225, 966.4791411292176;
  600.2975841838437, 983.0233678969294;
  610.5572671461716, 955.4846397412695]';
tag.uc=[587.105, 961.057];
tags{8}=tag;

tag.id=4;
tag.hammingDistance=0;
tag.familyName='Tag36h11';
tag.H=[-12.91104114369116, -20.91637422869189, 718.1330647019978;
  -29.6124047016774, -3.000540120998842, 1014.311327269419;
  -0.01644719692355631, -0.002625133153219043, 0.9996446066601956];
tag.p=[738.144672928447, 1027.689080585501;
  736.5812468219515, 1001.903912435782;
  697.8635493488774, 1001.14841699099;
  700.6917467895873, 1027.091686604653]';
tag.c=[718.3883751459175;
  1014.671934917175];
tag.uH=[-12.26133627195158, -21.22153599357588, 719.3770863541174;
  -29.62848876417647, -2.907079714744521, 1027.541143211504;
  -0.01541057643845147, -0.002406432611015654, 0.999719354247811]';
tag.up=[739.8840078953071, 1041.810335095241;
  738.1445526699172, 1014.29774328953;
  698.5349831380086, 1013.347984586508;
  701.4926182004307, 1041.020408213348]';
