% AprilTagFinder log 67
% @ Wed Mar  7 16:05:43 2018

K=[1664.010615128407, 0, 667.9657771371558;
  0, 1668.819944196452, 457.9230104705811;
  0, 0, 1];
distCoeffs=[-0.2237256636237109;
  0.2343996528647796;
  0;
  0;
  0];
tags={};

tag.id=0;
tag.hammingDistance=0;
tag.familyName='Tag36h11';
tag.H=[26.06266427065437, 3.072781491853214, 550.1141821016878;
  -0.9984315289026171, -28.15633631060572, 65.19468999308549;
  -0.007027155208843819, 0.00203917539938386, 0.9589167114109322];
tag.p=[540.4878107601832, 97.88255902472964;
  603.3624626187623, 97.22857056365318;
  607.2252660759476, 37.78051856460248;
  544.5594359001724, 39.2948879889876]';
tag.c=[573.6829649076195;
  67.98785464606121];
tag.uH=[26.60964262803353, 1.180657735621972, 549.0521716507743;
  -0.8022509709269342, -29.36545087288018, 60.49299788474949;
  -0.006830055331573356, -0.001034293905333238, 0.9590799678953913]';
tag.up=[539.0278804342513, 93.75922705947386;
  602.6802793867295, 93.41979232021009;
  606.372189854636, 31.87978504844148;
  542.7307628338231, 33.09152789642656]';
tag.uc=[572.496, 63.0771];
tags{1}=tag;

tag.id=24;
tag.hammingDistance=0;
tag.familyName='Tag36h11';
tag.H=[24.95108442928535, -2.639390003730306, 561.9225351133658;
  -1.138558225880779, -30.18831589593535, 141.1842116495465;
  -0.01021613159122985, -0.007978391886120323, 0.9889492143362629];
tag.p=[535.7833449466116, 171.2874531155437;
  597.4522691820825, 172.5265933318926;
  601.8350825809526, 113.1669396627173;
  539.0830241476796, 113.1314869735578]';
tag.c=[568.2016093116594;
  142.7618421683087];
tag.uH=[25.51328036147995, -4.123267539053221, 561.8492816432164;
  -0.9051631363489472, -31.23932088219198, 138.6796983498347;
  -0.009879578810920166, -0.01039550576455397, 0.9903493444776353]';
tag.up=[534.7403695334893, 169.0257770827034;
  596.9688933978684, 170.5701778741027;
  601.1928906016904, 109.8190301184339;
  537.709335898141, 109.4565494556803]';
tag.uc=[567.34, 140.04];
tags{2}=tag;

