% AprilTagFinder log 68
% @ Wed Mar  7 16:05:43 2018

K=[1664.010615128407, 0, 667.9657771371558;
  0, 1668.819944196452, 457.9230104705811;
  0, 0, 1];
distCoeffs=[-0.2237256636237109;
  0.2343996528647796;
  0;
  0;
  0];
tags={};

tag.id=1;
tag.hammingDistance=0;
tag.familyName='Tag36h11';
tag.H=[23.93942964835203, 0.6886386875155733, 514.6744364632866;
  -2.430332271811976, -29.25863964238041, 106.7569887731842;
  -0.01272220643099391, -0.0005436887532191912, 0.9814995937422308];
tag.p=[492.6250192457717, 139.1744709969665;
  554.9505119688052, 137.8132586223367;
  556.9962144493967, 77.53088636637;
  494.5501363617502, 80.43719639591789]';
tag.c=[524.3755980590396;
  108.7692643520559];
tag.uH=[24.6730520054751, -0.9304108143388191, 513.9098314581371;
  -2.132717327541717, -30.45503673068525, 103.0794030826489;
  -0.0122871386139008, -0.003244435324712514, 0.9830936682545502]';
tag.up=[490.7973694619667, 135.8520221478634;
  553.9222477568684, 134.9007547121151;
  555.6315476721161, 72.8529505294519;
  492.2122142265575, 75.34807965592688]';
tag.uc=[522.768, 104.859];
tags{1}=tag;

tag.id=0;
tag.hammingDistance=0;
tag.familyName='Tag36h11';
tag.H=[23.01547344604404, -2.649488423180794, 438.930489433169;
  -2.467437922651973, -29.50616246678105, 109.6223670183864;
  -0.01270988203061993, -0.009181076068079663, 0.9828257237951734];
tag.p=[416.5995369175309, 140.9312395818028;
  474.4173527377481, 139.5502110483222;
  477.968422885751, 80.80545048515802;
  418.9827441310155, 83.72612481897657]';
tag.c=[446.6005302936542;
  111.5379505891243];
tag.uH=[23.96680864255039, -3.986162248551792, 436.6124768753951;
  -2.04006175935881, -30.63860788757364, 105.2544511786544;
  -0.01205177572240948, -0.01158351924022105, 0.9841435274798208]';
tag.up=[413.3759421842288, 136.8660437056806;
  472.3032890470566, 136.0727331124983;
  475.324305719725, 75.5572562779488;
  415.0744190847187, 77.8522986277664]';
tag.uc=[443.674, 106.959];
tags{2}=tag;

tag.id=24;
tag.hammingDistance=0;
tag.familyName='Tag36h11';
tag.H=[23.77616596737258, 1.436865849356507, 440.1720035721558;
  -2.492209961520452, -28.5110140017595, 183.897563734504;
  -0.01210129480454221, 0.0007303541879869064, 0.9929149727700959];
tag.p=[413.1880834175029, 213.9836722125235;
  471.9101860722409, 214.1821645996951;
  474.1356680329608, 155.7692113269424;
  415.4452964722521, 156.9766741225279]';
tag.c=[443.3128874511143;
  185.2097800695412];
tag.uH=[24.73652371241515, 0.4425678712181234, 438.3972291349524;
  -2.029111395342055, -29.45353080833024, 181.4004344704912;
  -0.01122235733999763, -0.0009556658642853647, 0.993931103245836]';
tag.up=[410.6837666579441, 211.5858901924557;
  470.3885906347651, 212.2904819550474;
  472.1664693300429, 152.6995083168929;
  412.3855032375832, 153.3301043016107]';
tag.uc=[441.099, 182.522];
tags{3}=tag;

tag.id=25;
tag.hammingDistance=0;
tag.familyName='Tag36h11';
tag.H=[23.84704329368176, 4.17314323875138, 517.9171112167882;
  -2.712674499894978, -28.55872258880441, 183.1867030812476;
  -0.01394069544138881, 0.005952600540460245, 0.992608672727506];
tag.p=[489.6047444221558, 214.3301948478657;
  552.6704153380382, 214.8961105863287;
  554.4646435831223, 154.2881688780887;
  492.0911035827146, 155.3978756139128]';
tag.c=[521.7737114805246;
  184.5507782819228];
tag.uH=[24.55326590196702, 2.986984732932494, 517.3801723249018;
  -2.383441642743832, -29.52686411065078, 181.3125753002564;
  -0.01334431590702928, 0.004016249581287369, 0.9937369064426966]';
tag.up=[488.3140741443574, 212.5674891591639;
  552.0067039831554, 213.4970975603217;
  553.5213051874762, 151.7645781846638;
  490.3916329245428, 152.4745860938376]';
tag.uc=[520.66, 182.468];
tags{4}=tag;

