% AprilTagFinder log 23
% @ Wed Mar  7 16:07:31 2018

K=[1664.010615128407, 0, 667.9657771371558;
  0, 1668.819944196452, 457.9230104705811;
  0, 0, 1];
distCoeffs=[-0.2237256636237109;
  0.2343996528647796;
  0;
  0;
  0];
tags={};

tag.id=14;
tag.hammingDistance=0;
tag.familyName='Tag16h5';
tag.H=[-282.1074907871189, 71.0182430035711, 437.4386150451435;
  -52.87885581088341, 19.72661057239792, 89.13779509440843;
  -0.5270678809696308, 0.1420059667359151, 0.8367942946716006];
tag.p=[530.7726540177093, 100.0854596814267;
  502.6988824535969, 98.57074083801544;
  501.0696090507944, 123.9352153628074;
  524.9890920647657, 107.4086481585059]';
tag.c=[522.7552551811027;
  106.522947947907];
tag.uH=[-290.0135486090506, 73.18073673821513, 449.7568024473503;
  -52.29651138803539, 19.91622063952189, 88.49393644996982;
  -0.5433655727663209, 0.1468243816945656, 0.8630883891193678]';
tag.up=[529.1909497648718, 95.95993820455641;
  500.6724856049032, 94.16459338695643;
  499.2399644700614, 120.2737834296686;
  523.3795194184981, 103.4627018007778]';
tag.uc=[521.106, 102.533];
tags{1}=tag;

