% AprilTagFinder log 64
% @ Wed Mar  7 16:05:43 2018

K=[1664.010615128407, 0, 667.9657771371558;
  0, 1668.819944196452, 457.9230104705811;
  0, 0, 1];
distCoeffs=[-0.2237256636237109;
  0.2343996528647796;
  0;
  0;
  0];
tags={};

tag.id=0;
tag.hammingDistance=0;
tag.familyName='Tag36h11';
tag.H=[25.70628941631475, 3.105737299616448, 544.6241760056939;
  -1.068928637123762, -27.70804024222141, 65.08994313765355;
  -0.008280664332122623, 0.003035395180044771, 0.9597288131536527];
tag.p=[534.5347183390354, 97.27402397452067;
  598.0779211841051, 96.71849560283981;
  600.7816544615871, 38.04463103268384;
  537.5895991869857, 39.59737867416612]';
tag.c=[567.477154526671;
  67.82118265655596];
tag.uH=[26.29686760387655, 1.219963502208293, 543.4405158141415;
  -0.8493763752275992, -28.91091119251948, 60.33998645697612;
  -0.008027669793639622, -3.148218413129778e-05, 0.9598294664860514]';
tag.up=[532.9862575954412, 93.08871057870078;
  597.3341337359788, 92.87434584747086;
  599.8350191873953, 32.12847600948305;
  535.6427985239633, 33.35086470094791]';
tag.uc=[566.201, 62.8685];
tags{1}=tag;

tag.id=24;
tag.hammingDistance=0;
tag.familyName='Tag36h11';
tag.H=[25.08580992149526, 1.111278770880747, 557.6298871748546;
  -1.335754460188902, -28.8440594740138, 139.9944056905692;
  -0.01103077328467014, -0.0003985468723217005, 0.9889807927730004];
tag.p=[531.2149403668292, 170.104457587266;
  594.4756688191133, 171.2096449708978;
  597.2339996633235, 112.3363780144421;
  533.8619503567004, 112.5296474914029]';
tag.c=[563.8429899243217;
  141.5542209854645];
tag.uH=[25.68664497534503, -0.3778015784128503, 557.4961940300543;
  -1.086394785243514, -29.91436538476237, 137.4361783957463;
  -0.01065078437469478, -0.002811912604080816, 0.9903735354436447]';
tag.up=[530.1155596491853, 167.790598493654;
  593.9650864672419, 169.2176655355668;
  596.5405538747621, 108.9482884821453;
  532.4141619153961, 108.8007716596707]';
tag.uc=[562.93, 138.782];
tags{2}=tag;

