% AprilTagFinder log 16
% @ Fri Mar 16 13:46:23 2018

K=[1664.010615128407, 0, 667.9657771371558;
  0, 1668.819944196452, 457.9230104705811;
  0, 0, 1];
distCoeffs=[-0.2237256636237109;
  0.2343996528647796;
  0;
  0;
  0];
tags={};

tag.id=1;
tag.hammingDistance=0;
tag.familyName='Tag36h11';
tag.H=[16.86520254446624, -15.82709530675318, 960.0996929072916;
  -6.293275621095855, -5.598657106406898, 273.2230184070851;
  0.01736489084099013, 0.0003582660701893405, 0.9992627819649794];
tag.p=[977.099203322546, 290.4772704606401;
  976.8984328154895, 268.1655061995297;
  945.0846500465185, 256.9662722853097;
  944.1604292969948, 278.8657876212471]';
tag.c=[960.8080179062846;
  273.424591947487];
tag.uH=[16.56754442091011, -15.71091657830128, 963.0158574993951;
  -6.614246621886744, -5.424974853795069, 271.5094494547462;
  0.01690651763668399, 0.0008138912861499185, 0.9994004684437842]';
tag.up=[980.1225954637407, 288.8396147057462;
  980.1061635832159, 266.1952030487647;
  947.6553726675438, 255.1020757862525;
  946.5338110976252, 277.3271222247278]';
tag.uc=[963.585, 271.675];
tags{1}=tag;

tag.id=2;
tag.hammingDistance=0;
tag.familyName='Tag36h11';
tag.H=[-14.67923819940443, -7.001066816444378, 502.8751630131118;
  7.108100260681641, 8.7527897824533, 331.0036904186702;
  0.0022572606088697, -0.01314227473106892, 0.9991811716520927];
tag.p=[519.3278177378537, 312.0021289832156;
  488.0804338358477, 324.6257282709057;
  486.8933814332958, 350.9723050312612;
  518.9701815434915, 338.1323330931667]';
tag.c=[503.2872688960247;
  331.2749477368286];
tag.uH=[-14.86891188420775, -6.843069742191874, 502.3795383551485;
  7.03935139620945, 8.911301340492036, 330.6151634134347;
  0.00209177028044263, -0.01292233996904878, 0.9993397919809207]';
tag.up=[518.8114540225687, 311.4952043133198;
  487.3586048184868, 324.0908439692652;
  486.2513977888945, 350.5931163460819;
  518.5334451148559, 337.781202226424]';
tag.uc=[502.718, 330.837];
tags{2}=tag;

tag.id=16;
tag.hammingDistance=0;
tag.familyName='Tag36h11';
tag.H=[3.099903444412788, -14.41127819473968, 494.2155756012809;
  -8.038514074075151, 12.29055501244867, 446.5825152377412;
  0.01637097152872655, 0.003724756154912825, 0.9991277759129202];
tag.p=[516.3538326104089, 451.8038761850396;
  505.771804422092, 421.2931443405905;
  473.7961783131157, 442.3313969754852;
  483.2370041479663, 473.3099968630945]';
tag.c=[494.6470186455458;
  446.9723753097456];
tag.uH=[2.996393260063522, -14.75093023609194, 493.8730669053783;
  -8.131337235488148, 12.11500698450375, 446.6313609593269;
  0.01625959240409236, 0.003279397834497412, 0.9992990857067581]';
tag.up=[516.0727032556363, 451.7925296629774;
  505.4109771447376, 421.2116551542521;
  473.204112060195, 442.283854681352;
  482.7266492291028, 473.3525068850301]';
tag.uc=[494.226, 446.946];
tags{3}=tag;

tag.id=0;
tag.hammingDistance=0;
tag.familyName='Tag36h11';
tag.H=[5.463785410905302, -30.18088886241028, 911.8991625957165;
  -21.32839016512216, -9.596668720898727, 639.5393344019747;
  0.002723986732808246, -0.0097179864718512, 0.9994780301423536];
tag.p=[930.5934375122108, 666.1530309660006;
  936.3821584067402, 620.4122963092173;
  893.900588792035, 613.2232427645554;
  887.7634025255409, 659.8249894403898]';
tag.c=[912.3753950507911;
  639.8733289924205];
tag.uH=[5.981027920327053, -29.7029218630914, 913.808278193927;
  -21.16121114117852, -9.1843047627962, 640.9542718229961;
  0.003404231238091379, -0.008756046087558561, 0.9995788406849802]';
tag.up=[932.9304648743775, 668.005993654041;
  938.4819976223731, 621.6834608071152;
  895.2549192640647, 614.1541654292322;
  889.3199716459503, 661.2548246593037]';
tag.uc=[914.179, 641.216];
tags{4}=tag;

tag.id=6;
tag.hammingDistance=0;
tag.familyName='Tag36h11';
tag.H=[13.72494188227042, 32.3675544644256, 1043.003735470239;
  30.25665027592964, 16.95608964657092, 722.8667329534683;
  0.01801394931150379, 0.01890234451019953, 0.999469020116841];
tag.p=[1035.69520078204, 701.9397219220996;
  1025.817142178231, 737.2136763049768;
  1050.860348144142, 743.0435982824368;
  1061.267034960225, 709.3126531183811]';
tag.c=[1043.557843692152;
  723.2507645599289];
tag.uH=[13.43073530857337, 32.13912140402276, 1049.305937478614;
  30.40021844956548, 16.71255313096605, 727.316081888413;
  0.01756800167947108, 0.01807587492839913, 0.9995875048516145]';
tag.up=[1041.281010701526, 705.6463357520072;
  1031.551808392025, 741.6893857800674;
  1057.614682586875, 748.0731807116815;
  1067.917317074852, 713.5633693595563]';
tag.uc=[1049.73, 727.61];
tags{5}=tag;

tag.id=3;
tag.hammingDistance=0;
tag.familyName='Tag36h11';
tag.H=[0.2886558343414469, -14.54609609122472, 559.5431986720912;
  -27.03822786274259, -2.105107561562601, 764.365578133009;
  -0.009330455351090358, 0.00848618810892867, 0.9993985435736211];
tag.p=[573.6613477491444, 793.316287782304;
  585.1554012265125, 753.3069403034549;
  546.0752323033525, 736.2867098319398;
  535.4898881671052, 775.9407335786133]';
tag.c=[559.8799420612445;
  764.8255873976083];
tag.uH=[1.086365623765745, -14.61281918787149, 558.696585586837;
  -26.68678531882721, -2.049863054503063, 767.0352938155766;
  -0.008203533353049283, 0.008659454432366201, 0.9995134992788596]';
tag.up=[572.7588010600101, 796.5261910069989;
  584.5379896534263, 755.5092423070021;
  545.1827850338295, 738.3248082239693;
  534.2490620818826, 778.9194241876246]';
tag.uc=[558.975, 767.395];
tags{6}=tag;

tag.id=11;
tag.hammingDistance=0;
tag.familyName='Tag36h11';
tag.H=[-4.977708599825255, 2.567400980610151, 470.2076148814843;
  -1.146157750843999, 25.48812014683126, 871.1592741079603;
  0.01269066630932745, 0.01974946925522838, 0.9994663326455753];
tag.p=[488.7333186291152, 875.6922142007131;
  466.2021311356448, 850.9860827697045;
  453.3330506917705, 867.81240751133;
  474.655532751472, 891.9733052449352]';
tag.c=[470.4586833223792;
  871.6244316124308];
tag.uH=[-4.903579742496076, 1.899402919920265, 467.0363386791437;
  -1.040703046730395, 25.37980876888157, 877.9932300999271;
  0.01314179284791149, 0.01898905467886443, 0.9995696714496435]';
tag.up=[485.8605496638848, 882.3882915356737;
  463.1389801019435, 856.9535183314799;
  449.7739378485537, 874.6093328519646;
  471.2846311955128, 899.5421788898325]';
tag.uc=[467.241, 878.364];
tags{7}=tag;

tag.id=10;
tag.hammingDistance=0;
tag.familyName='Tag36h11';
tag.H=[7.078363127403963, 19.35123776632686, 588.3394177665012;
  32.14707157544236, 10.43225573041976, 951.0792912686069;
  0.01991222607099723, 0.002391395595945633, 0.9994844972419764];
tag.p=[575.0315329719363, 929.7152519774064;
  566.4341448640507, 956.5280344178298;
  601.6599794844863, 972.4703196152963;
  611.6441093822907, 946.4346868183819]';
tag.c=[588.6428647867898;
  951.5698281394649];
tag.uH=[6.274335062430827, 19.43974157438115, 586.8786091359063;
  32.09065515687689, 10.42911158664606, 960.661409892869;
  0.01888148958674771, 0.002008111268192198, 0.9995911007412572]';
tag.up=[573.375014595524, 938.1247734075839;
  564.4206927792752, 966.4157640097833;
  600.2966435817922, 983.0501006453999;
  610.5969036625936, 955.5177314440634]';
tag.uc=[587.121, 961.041];
tags{8}=tag;

tag.id=4;
tag.hammingDistance=0;
tag.familyName='Tag36h11';
tag.H=[-13.92666823142415, -21.26610297006873, 718.1223640720933;
  -30.98933228009007, -3.463481599685447, 1014.314750781542;
  -0.0178202580456818, -0.00312569186302773, 0.9996198862463894];
tag.p=[738.1347764017277, 1027.633424035108;
  736.5652847302094, 1001.892102882767;
  697.8111580514836, 1001.213888017221;
  700.7520474851675, 1027.13768789056]';
tag.c=[718.39543605787;
  1014.700452379287];
tag.uH=[-13.28025155659559, -21.5738805669737, 719.3710637370826;
  -31.02402914411776, -3.376807700975744, 1027.552494317336;
  -0.01678502881124368, -0.002910143200520324, 0.9997007968595202]';
tag.up=[739.873554955054, 1041.750772993979;
  738.1281547712678, 1014.28509268141;
  698.4815574695052, 1013.417514741544;
  701.5545213708423, 1041.06973655373]';
