% AprilTagFinder log 22
% @ Wed Mar  7 16:07:23 2018

K=[1664.010615128407, 0, 667.9657771371558;
  0, 1668.819944196452, 457.9230104705811;
  0, 0, 1];
distCoeffs=[-0.2237256636237109;
  0.2343996528647796;
  0;
  0;
  0];
tags={};

tag.id=15;
tag.hammingDistance=0;
tag.familyName='Tag16h5';
tag.H=[119.3842345329039, -26.18035261799039, 576.1161638398779;
  79.93576510820566, -21.46067238963688, 336.0983989998287;
  0.1972167054059443, -0.07097907823604077, 0.9772232827910388];
tag.p=[567.4740563899237, 326.2373512966237;
  579.4682050739125, 351.2832333221702;
  606.5643465145334, 357.578132724578;
  607.2424231862858, 331.0195468915747]';
tag.c=[589.5440417613032;
  343.9320418562901];
tag.uH=[120.1462908658293, -26.03806510872435, 578.5877195881628;
  80.44009158141247, -21.39049201201736, 337.435850277958;
  0.1984823358235688, -0.07094684034827238, 0.981617267635438]';
tag.up=[567.2529208867893, 325.9475724543421;
  579.3317208503676, 351.1187695200141;
  606.4961058636577, 357.4666108968291;
  607.1460373681459, 330.8181137795016]';
tag.uc=[589.424, 343.757];
tags{1}=tag;

