% AprilTagFinder log 57
% @ Fri Mar 16 13:46:37 2018

K=[1664.010615128407, 0, 667.9657771371558;
  0, 1668.819944196452, 457.9230104705811;
  0, 0, 1];
distCoeffs=[-0.2237256636237109;
  0.2343996528647796;
  0;
  0;
  0];
tags={};

tag.id=1;
tag.hammingDistance=0;
tag.familyName='Tag36h11';
tag.H=[18.48420289608164, -15.00813551853013, 960.06245732902;
  -5.830108626720443, -5.404689954330343, 273.1932379935629;
  0.01902770646175462, 0.001206124952716729, 0.9992310015262164];
tag.p=[977.1084321339576, 290.5299885005269;
  976.8961923074849, 268.1944118436184;
  945.1415032406812, 256.9568178795166;
  944.1218924699028, 278.8017427641602]';
tag.c=[960.8013120716124;
  273.4034848561444];
tag.uH=[18.19184505119892, -14.8906263972057, 962.9849596931309;
  -6.154040012851343, -5.233504315196575, 271.481267428373;
  0.01856961655126141, 0.001660382484405104, 0.9993753292038914]';
tag.up=[980.1316309639176, 288.8930018861481;
  980.103606740875, 266.2245888162306;
  947.7135128616487, 255.0919829313064;
  946.494975864777, 277.2625057802145]';
tag.uc=[963.578, 271.654];
tags{1}=tag;

tag.id=2;
tag.hammingDistance=0;
tag.familyName='Tag36h11';
tag.H=[-14.12904491383568, -6.577050718733314, 502.8525781650798;
  7.442018887145305, 9.015758446271498, 331.0293509172579;
  0.003332389393861345, -0.01234010751284423, 0.9991895255172369];
tag.p=[519.3018301749697, 312.0139194680694;
  488.0472153120668, 324.6309390622826;
  486.9272278384631, 350.9326526243825;
  518.9585513138078, 338.1772565201751]';
tag.c=[503.2604579244112;
  331.2978593784781];
tag.uH=[-14.3199667157592, -6.418566003256582, 502.356006423009;
  7.372249143005399, 9.174464453048412, 330.6403344040774;
  0.003165605298133888, -0.01211860520225207, 0.999346498772188]';
tag.up=[518.7853251246715, 311.5069856490287;
  487.3251016122222, 324.0959635163009;
  486.2854193707499, 350.5533559613493;
  518.5218669549308, 337.8263265736364]';
tag.uc=[502.691, 330.86];
tags{2}=tag;

tag.id=16;
tag.hammingDistance=0;
tag.familyName='Tag36h11';
tag.H=[3.037129044038713, -13.86327050973436, 494.2099778224187;
  -8.101147026203995, 12.78241406738553, 446.5926117658798;
  0.01623701672816453, 0.004844723089616582, 0.9991251335052959];
tag.p=[516.3739385672632, 451.8320430124895;
  505.7907599088213, 421.2782869816772;
  473.8096252794467, 442.3356581956226;
  483.2375304369125, 473.2819989285111]';
tag.c=[494.642724168643;
  446.9836627961403];
tag.uH=[2.933697632735578, -14.20347100777817, 493.8678953075276;
  -8.193987360237767, 12.60680656767602, 446.6418945721608;
  0.01612564069401844, 0.004399327789352847, 0.999297357922769]';
tag.up=[516.092924836571, 451.8207518671015;
  505.4300406611255, 421.1967796242874;
  473.2176830909525, 442.288135563297;
  482.7271924928921, 473.3244303093739]';
tag.uc=[494.222, 446.957];
tags{3}=tag;

tag.id=0;
tag.hammingDistance=0;
tag.familyName='Tag36h11';
tag.H=[5.422730912842434, -30.55230207059737, 911.9036511432785;
  -21.35977864796699, -9.852777555850899, 639.5452224278143;
  0.002661963379071997, -0.0101334393252776, 0.9994744179624857];
tag.p=[930.569584691114, 666.13090404285;
  936.3893546705766, 620.425709147366;
  893.92283271169, 613.23675612044;
  887.7543807199318, 659.8419683118541]';
tag.c=[912.3831833557804;
  639.8815326675216];
tag.uH=[5.938809191623199, -30.07588761313281, 913.8139393752264;
  -21.19347259178005, -9.441476409397717, 640.9610181677999;
  0.003340705201038838, -0.009172555785277458, 0.9995763136962157]';
tag.up=[932.9059566153708, 667.9833184517727;
  938.489422324475, 621.6970827886022;
  895.2775501796121, 614.1679341432075;
  889.3109351515932, 661.2719689740401]';
tag.uc=[914.187, 641.225];
tags{4}=tag;

tag.id=3;
tag.hammingDistance=0;
tag.familyName='Tag36h11';
tag.H=[0.2934464755689321, -14.55845794884646, 559.5385922985929;
  -27.03765121869867, -2.143529841517386, 764.3676351747595;
  -0.009324573867180611, 0.00844336555173162, 0.9993991931270758];
tag.p=[573.6427535162904, 793.3263663774502;
  585.1387621912179, 753.3108904226287;
  546.0828839534449, 736.2776287432001;
  535.4937949192446, 775.9410732987449]';
tag.c=[559.8749690279632;
  764.8271485822268];
tag.uH=[1.091347073745356, -14.62454914759398, 558.6918433661145;
  -26.68607481303433, -2.087970497150987, 767.03730610905;
  -0.008197364843495838, 0.008617429258003103, 0.9995140185996879]';
tag.up=[572.7399540641651, 796.5366320615832;
  584.5211936089506, 755.5133393984851;
  545.1905585850188, 738.3155101949378;
  534.2530138601882, 778.9197468430564]';
tag.uc=[558.97, 767.397];
tags{5}=tag;

tag.id=6;
tag.hammingDistance=0;
tag.familyName='Tag36h11';
tag.H=[22.07819674938191, 35.86030289293145, 1095.035748333531;
  35.48163622485623, 21.29137583113958, 785.7413845128428;
  0.02567366321796712, 0.0237724874489879, 0.9992622692376546];
tag.p=[1091.892660499235, 767.4836825824896;
  1079.997124927806, 799.0020499612419;
  1099.423086619939, 803.3828856313307;
  1111.751663202316, 773.5925625851162]';
tag.c=[1095.844186300503;
  786.321478056298];
tag.uH=[21.97233541857684, 35.87113982979723, 1104.704494432783;
  35.86418742197776, 21.22591706602917, 793.153262639448;
  0.02534880088773318, 0.02310376255779064, 0.9994241990696356]';
tag.up=[1100.832503809148, 774.0117514835322;
  1088.992418250187, 806.448342634812;
  1109.431451065348, 811.3963976425637;
  1121.7721529591, 780.7202419746939]';
tag.uc=[1105.33, 793.604];
tags{6}=tag;

tag.id=11;
tag.hammingDistance=0;
tag.familyName='Tag36h11';
tag.H=[-5.780905651015622, 2.96389355137255, 470.2280001030381;
  -2.601759986777961, 26.23705529479913, 871.1865482462201;
  0.01099657772706136, 0.02061170687651182, 0.9994689039964557];
tag.p=[488.7532385597131, 875.695566030829;
  466.2135081234379, 850.9819878141485;
  453.3229841288935, 867.8514600533529;
  474.6609633810055, 891.9231044830734]';
tag.c=[470.4778690190302;
  871.6494778003714];
tag.uH=[-5.702969242222618, 2.29303235291093, 467.0571460080293;
  -2.509135809996538, 26.13473534529854, 878.0218949567685;
  0.01144505005099111, 0.01985148813694354, 0.9995728749478575]';
tag.up=[485.8808469898917, 882.3915616136128;
  463.1506475519121, 856.9491318263331;
  449.7631289915389, 874.6501318221221;
  471.2908033800945, 899.4896504413009]';
tag.uc=[467.261, 878.39];
tags{7}=tag;

tag.id=10;
tag.hammingDistance=0;
tag.familyName='Tag36h11';
tag.H=[6.766925278396803, 18.46450755851619, 588.3242522410412;
  31.6251100044674, 9.024284153098961, 951.0756360054025;
  0.01936417091532481, 0.0009067472930109893, 0.9994981061266694];
tag.p=[575.0379752028388, 929.7395467370997;
  566.4556585326588, 956.5019624156558;
  601.6614257116272, 972.4996607047132;
  611.6176884626767, 946.4182543213868]';
tag.c=[588.6196768505743;
  951.5532147340255];
tag.uH=[5.96391973698096, 18.55410149017433, 586.8609174590023;
  31.56325687592652, 9.0060491564453, 960.6536148293784;
  0.01833332905546719, 0.0005220979130823584, 0.999601094244094]';
tag.up=[573.381424273583, 938.1502495119594;
  564.4428546372889, 966.3880867786322;
  600.2979776055898, 983.0811465964925;
  610.5700448970897, 955.5005304212319]';
tag.uc=[587.097, 961.023];
tags{8}=tag;

tag.id=4;
tag.hammingDistance=0;
tag.familyName='Tag36h11';
tag.H=[-14.46424659395211, -20.86786317844565, 718.1119484091608;
  -31.7336013169469, -2.909364013213063, 1014.309537591385;
  -0.01857240460722852, -0.002577447711635151, 0.9996079639909052];
tag.p=[738.1222520591616, 1027.621328155689;
  736.5859944585391, 1001.903485597317;
  697.8120274050285, 1001.235066248384;
  700.7742073087304, 1027.107891718734]';
tag.c=[718.3935845630122;
  1014.707339407126];
tag.uH=[-13.81981686283318, -21.17482779034134, 719.3627039641954;
  -31.77870490812666, -2.815432407515792, 1027.550549173963;
  -0.01753888165161241, -0.002361718673365677, 0.9996917766174669]';
tag.up=[739.8606456289122, 1041.737771338766;
  738.1494093899782, 1014.297313982344;
  698.4824945966949, 1013.440046939977;
  701.5771504812733, 1041.03794298674]';
