% AprilTagFinder log 49
% @ Fri Mar 16 13:46:34 2018

K=[1664.010615128407, 0, 667.9657771371558;
  0, 1668.819944196452, 457.9230104705811;
  0, 0, 1];
distCoeffs=[-0.2237256636237109;
  0.2343996528647796;
  0;
  0;
  0];
tags={};

tag.id=1;
tag.hammingDistance=0;
tag.familyName='Tag36h11';
tag.H=[16.55911625713579, -16.42623578522965, 960.1020010449602;
  -6.381959194155027, -5.780670988800704, 273.2366118201136;
  0.01707090424996011, -0.000266910541159974, 0.9992668890595195];
tag.p=[977.1047080921711, 290.493659713416;
  976.8667696753355, 268.1822369915132;
  945.0471397238288, 256.9446542212222;
  944.1788346000004, 278.8774741490314]';
tag.c=[960.806378712878;
  273.4370715287843];
tag.uH=[16.26180940397844, -16.31356854874124, 963.0173542023582;
  -6.701865430698278, -5.606612697677188, 271.5230320400392;
  0.0166142349949259, 0.0001867145451877985, 0.9994038395001691]';
tag.up=[980.1281049130816, 288.8561908729741;
  980.0735547278898, 266.2124865182201;
  947.617252970343, 255.0804467882969;
  946.5525038499699, 277.3388253689392]';
tag.uc=[963.583, 271.688];
tags{1}=tag;

tag.id=2;
tag.hammingDistance=0;
tag.familyName='Tag36h11';
tag.H=[-14.45089856588124, -6.256819445397706, 502.8565910972366;
  7.23605770763326, 9.208114056631443, 331.031717030432;
  0.002689739795445044, -0.01172289225447848, 0.9991994573019432];
tag.p=[519.2892037410273, 312.0188161150105;
  488.0195463069651, 324.6406235070107;
  486.9372657176521, 350.9267959283102;
  518.9454784663022, 338.1480791989782]';
tag.c=[503.2594717926081;
  331.2969343721322];
tag.uH=[-14.64140863200527, -6.098499747742658, 502.3589162405932;
  7.166587649259854, 9.366576270832201, 330.641973603409;
  0.00252291589096612, -0.01150110158450714, 0.999354260926421]';
tag.up=[518.7726271450558, 311.5118721470637;
  487.2972157040406, 324.105608427837;
  486.2955273155793, 350.5474988816197;
  518.5086266049987, 337.7969599076453]';
tag.uc=[502.69, 330.859];
tags{2}=tag;

tag.id=16;
tag.hammingDistance=0;
tag.familyName='Tag36h11';
tag.H=[2.974351444354701, -14.59391081115847, 494.234811520304;
  -8.148053272352486, 12.13963129855442, 446.5845693287221;
  0.01611298931205291, 0.003352335441862161, 0.9991331829444835];
tag.p=[516.3529319226753, 451.778618234942;
  505.7873219061345, 421.2861757313879;
  473.8032193312421, 442.3491139536768;
  483.2520525608522, 473.3224417125516]';
tag.c=[494.6635943606389;
  446.9720122923156];
tag.uH=[2.871071105448086, -14.93325528665563, 493.891807915359;
  -8.240743090361327, 11.96421018672926, 446.6328649830181;
  0.01600180018121835, 0.002907184131528608, 0.99930325499207]';
tag.up=[516.0717938259736, 451.7672245912433;
  505.4265879866741, 421.2046843336972;
  473.2112254864797, 442.3016297683573;
  482.7418157368054, 473.3649797367674]';
tag.uc=[494.243, 446.945];
tags{3}=tag;

tag.id=0;
tag.hammingDistance=0;
tag.familyName='Tag36h11';
tag.H=[5.710807351939366, -30.62487460824345, 911.9011802449772;
  -21.16339642369068, -9.899525901630239, 639.534581977104;
  0.002977467085515826, -0.01020823130720144, 0.9994725555267255];
tag.p=[930.5772903732992, 666.1322071233623;
  936.3838773199716, 620.4173115889329;
  893.9223491303152, 613.2292199177526;
  887.7391926615019, 659.8470290786198]';
tag.c=[912.382411305333;
  639.8720789687587];
tag.uH=[6.227602443654001, -30.14857435949378, 913.8116256140179;
  -20.99660747939408, -9.488281354155097, 640.9504170410952;
  0.003656405711264544, -0.009247257632063337, 0.9995747055596459]';
tag.up=[932.9138245754265, 667.9847074314474;
  938.4837833904621, 621.6885476535133;
  895.2770183003445, 614.1603215537722;
  889.2955593916655, 661.2769919512116]';
tag.uc=[914.186, 641.215];
tags{4}=tag;

tag.id=3;
tag.hammingDistance=0;
tag.familyName='Tag36h11';
tag.H=[0.5151572344474094, -15.12765440620293, 559.5637704978581;
  -26.76480725649733, -2.917722857873366, 764.3727305048308;
  -0.008971952575016767, 0.007453478865142403, 0.9994095569692851];
tag.p=[573.6439085235908, 793.3190362152325;
  585.1636534098485, 753.3444608859708;
  546.1029589984197, 736.2428753153522;
  535.4422372366387, 775.9329260135244]';
tag.c=[559.8943562184238;
  764.8243156917523];
tag.uH=[1.31324289475028, -15.19285280113743, 558.7159626933206;
  -26.41193368713476, -2.864985426610715, 767.0405422540111;
  -0.007844237398298383, 0.007627564724267948, 0.999522118998094]';
tag.up=[572.7411574708362, 796.529098948098;
  584.54616920116, 755.5475212946642;
  545.2110112056096, 738.2799756625711;
  534.2008857309736, 778.911733308983]';
tag.uc=[558.99, 767.394];
tags{5}=tag;

tag.id=6;
tag.hammingDistance=0;
tag.familyName='Tag36h11';
tag.H=[18.04610809683824, 39.83545602347722, 1087.902194242109;
  32.11073305468879, 22.18791177693281, 773.1928224285479;
  0.02108833893277546, 0.02678448553972505, 0.9992842108511211];
tag.p=[1082.623820640181, 755.6081290274126;
  1072.992807262101, 788.1693348460508;
  1094.185226963903, 790.2267180055138;
  1104.192269961899, 759.4874820054746]';
tag.c=[1088.681460618205;
  773.7466618931122];
tag.uH=[17.88151510278033, 39.90800768684953, 1096.985192368835;
  32.4199655911595, 22.12969951345066, 780.0043608945157;
  0.02070478740359458, 0.02615481083492335, 0.9994420327372872]';
tag.up=[1090.923514482824, 761.5665214527955;
  1081.461463910023, 795.0744115998449;
  1103.671817603155, 797.6229765351775;
  1113.569394764437, 765.9699119635516]';
tag.uc=[1097.59, 780.433];
tags{6}=tag;

tag.id=11;
tag.hammingDistance=0;
tag.familyName='Tag36h11';
tag.H=[-4.510751015013407, 2.603305613143526, 470.2082418504008;
  -0.2667124236895773, 25.54763223570906, 871.1336028459061;
  0.0136839308974747, 0.01978092491765581, 0.9994528403537802];
tag.p=[488.7386746096541, 875.6347869459897;
  466.1916340770422, 850.9732552604553;
  453.3766806256273, 867.8469988293597;
  474.6878594791184, 891.9975090679912]';
tag.c=[470.4656616754017;
  871.610512945811];
tag.uH=[-4.439623570809031, 1.934641158624006, 467.0384310835611;
  -0.1533003523955746, 25.43941683543378, 877.9688718220004;
  0.01413586672616702, 0.01901913914369159, 0.9995585577296271]';
tag.up=[485.8666536388811, 882.3284006063016;
  463.1284111802479, 856.9403256252258;
  449.8181406197914, 874.6447855559009;
  471.3174021197507, 899.5670731756716]';
tag.uc=[467.249, 878.349];
tags{7}=tag;

tag.id=10;
tag.hammingDistance=0;
tag.familyName='Tag36h11';
tag.H=[6.587068907126028, 18.36491062153517, 588.3177227081927;
  31.34226807613652, 8.829623462218484, 951.081931584787;
  0.01906593271816242, 0.0007193961097497026, 0.9995037511498793];
tag.p=[575.0282227462202, 929.767185440428;
  566.4289610445088, 956.5204116048779;
  601.6641542458358, 972.495283815598;
  611.6201924918324, 946.4021394418691]';
tag.c=[588.609819654366;
  951.5541392322086];
tag.uH=[5.784379821330006, 18.45626446634676, 586.8533380698586;
  31.27757644940137, 8.810583461374444, 960.6586975435293;
  0.01803500715740917, 0.0003367690014926686, 0.9996052974017912]';
tag.up=[573.3713086042753, 938.1793423066741;
  564.4154538688298, 966.4077557583798;
  600.300785278634, 983.0765009603283;
  610.572661018528, 955.4835477699701]';
tag.uc=[587.087, 961.024];
tags{8}=tag;

tag.id=4;
tag.hammingDistance=0;
tag.familyName='Tag36h11';
tag.H=[-13.8488232814702, -19.89808509493762, 718.1115764993331;
  -30.91171913875754, -1.562256108755899, 1014.32356481713;
  -0.01774054056184174, -0.001228214965088604, 0.9996255422072559];
tag.p=[738.1334124373303, 1027.688396050512;
  736.5996368246406, 1001.892849312962;
  697.8635924599117, 1001.216330632176;
  700.7536449996833, 1027.097858386706]';
tag.c=[718.3805797055599;
  1014.703528460687];
tag.uH=[-13.20171175971193, -20.20247428793109, 719.3588497610958;
  -30.94532656327286, -1.450696256507483, 1027.559955366715;
  -0.01670515365212563, -0.001011169389888152, 0.9997049292100453]';
tag.up=[739.872456946727, 1041.809541236583;
  738.1633161226015, 1014.286067173447;
  698.5351818450149, 1013.420233254461;
  701.5560561780133, 1041.027164870039]';
