% AprilTagFinder log 66
% @ Wed Mar  7 16:05:43 2018

K=[1664.010615128407, 0, 667.9657771371558;
  0, 1668.819944196452, 457.9230104705811;
  0, 0, 1];
distCoeffs=[-0.2237256636237109;
  0.2343996528647796;
  0;
  0;
  0];
tags={};

tag.id=0;
tag.hammingDistance=0;
tag.familyName='Tag36h11';
tag.H=[24.97131628555304, 5.99652701235348, 554.2143022007508;
  -1.135333268139834, -27.60403932557833, 63.59218281391719;
  -0.009745397269702541, 0.008124421726300039, 0.9576767596759861];
tag.p=[545.4474035458651, 96.24911225972966;
  609.9008920483475, 95.82913785058179;
  612.0794991367425, 36.45478726099701;
  548.6560299931272, 38.05402793479617]';
tag.c=[578.7070601862156;
  66.40255406785954];
tag.uH=[25.53419413775979, 4.057398892511439, 553.1109890755343;
  -0.9287915046909959, -28.83957257828333, 58.85729012629118;
  -0.009524633236720256, 0.005009289283877719, 0.9576596772482201]';
tag.up=[544.0449096257884, 92.1089541069345;
  609.2868401985622, 91.99989730462784;
  611.2923075639109, 30.5181558481051;
  546.8877017323546, 31.83101426313362]';
tag.uc=[577.581, 61.4626];
tags{1}=tag;

tag.id=24;
tag.hammingDistance=0;
tag.familyName='Tag36h11';
tag.H=[24.69981306547946, 1.104196129846297, 568.8319583995178;
  -1.360688110058538, -29.10717721988906, 139.2148676721507;
  -0.01198228918765464, -0.0002132217683359158, 0.9886763970607454];
tag.p=[542.5548912449963, 169.5349141513331;
  606.43170274155, 170.9080807524132;
  608.9581230482502, 111.3662375676414;
  544.9935661882844, 111.4187454688005]';
tag.c=[575.3469589145741;
  140.8093366909792];
tag.uH=[25.27253092076648, -0.4313699801512759, 568.8511288041582;
  -1.127981024957537, -30.19206946809021, 136.699493298723;
  -0.01164003461233459, -0.002680217739890748, 0.9901084683822826]';
tag.up=[541.572628399872, 167.2761555916169;
  606.0111615070849, 168.9465397031792;
  608.3835194983939, 107.9915439789635;
  543.6858264568764, 107.7338690975562]';
tag.uc=[574.548, 138.074];
tags{2}=tag;

