% AprilTagFinder log 102
% @ Wed Mar  7 16:05:47 2018

K=[1664.010615128407, 0, 667.9657771371558;
  0, 1668.819944196452, 457.9230104705811;
  0, 0, 1];
distCoeffs=[-0.2237256636237109;
  0.2343996528647796;
  0;
  0;
  0];
tags={};

tag.id=25;
tag.hammingDistance=0;
tag.familyName='Tag36h11';
tag.H=[45.97536727709977, 2.254919623340955, 387.0305969234709;
  -5.709684204184931, -58.27063486400902, 193.4940761862239;
  -0.02948000157006932, 0.0007864247289855556, 0.9733881623535846];
tag.p=[338.0964813262738, 256.9395141970548;
  456.7289970213607, 260.8942381875307;
  460.742435173142, 137.0959028496688;
  342.0600604542548, 140.419948376459]';
tag.c=[397.6117769787317;
  198.784086009808];
tag.uH=[48.41852752848692, 0.5145419243713113, 385.4220197011101;
  -4.594925531795625, -60.32252519493964, 191.343447956328;
  -0.02738057082463319, -0.002167733244674544, 0.9769699987751379]';
tag.up=[334.2215427183579, 254.5785830065668;
  455.3264125121279, 259.5859929864542;
  458.3669156635706, 133.4180784977905;
  336.8171828029228, 135.312245064515]';
tag.uc=[394.625, 195.921];
tags{1}=tag;

tag.id=24;
tag.hammingDistance=0;
tag.familyName='Tag36h11';
tag.H=[44.82341630117916, 1.300517145759871, 247.3195016394482;
  -3.894702524648013, -55.08690057116585, 192.7091461550521;
  -0.02072018660682754, -0.002053366535519509, 0.9716597612198328];
tag.p=[202.3218302190068, 253.0996755798533;
  305.1884103615196, 255.931952557409;
  309.2503954514478, 140.9310641474916;
  205.7872689010614, 142.89927260564]';
tag.c=[254.5330284429608;
  198.3298617955762];
tag.uH=[48.01579345221867, 0.08480536711194789, 240.4595084542111;
  -2.457200649219792, -57.12782937882765, 188.5034522439502;
  -0.01786117715048704, -0.003947830134571645, 0.974304579229659]';
tag.up=[193.0524200479533, 249.0223295383746;
  300.28591901769, 253.2022910524708;
  302.8923045130947, 135.3125049098684;
  194.8254462295525, 135.4276262822949]';
tag.uc=[246.922, 193.551];
tags{2}=tag;

