% AprilTagFinder log 76
% @ Fri Mar 16 13:46:46 2018

K=[1664.010615128407, 0, 667.9657771371558;
  0, 1668.819944196452, 457.9230104705811;
  0, 0, 1];
distCoeffs=[-0.2237256636237109;
  0.2343996528647796;
  0;
  0;
  0];
tags={};

tag.id=1;
tag.hammingDistance=0;
tag.familyName='Tag36h11';
tag.H=[14.79958079076249, -16.54555915807391, 960.1385938032887;
  -6.884524840450372, -5.833478784850525, 273.2700635712235;
  0.01521048677812793, -0.0003791437981423111, 0.9992964717675225];
tag.p=[977.0631219363281, 290.5009622318935;
  976.940891655111, 268.2261752200145;
  945.0412477588859, 256.9223091576415;
  944.1770809784135, 278.864696411611]';
tag.c=[960.8145539681806;
  273.4624521268173];
tag.uH=[14.49606540107867, -16.43269305966655, 963.0476996609315;
  -7.201706782480776, -5.659278036048471, 271.5549590636359;
  0.01475211650675385, 7.497810312680279e-05, 0.9994268810931211]';
tag.up=[980.0854384035791, 288.8639296857181;
  980.149143106435, 266.2564530048332;
  947.611428251505, 255.0578060301793;
  946.5508122338957, 277.3258878591558]';
tag.uc=[963.591, 271.713];
tags{1}=tag;

tag.id=2;
tag.hammingDistance=0;
tag.familyName='Tag36h11';
tag.H=[-13.16835546996821, -5.459241254494653, 502.8357998182998;
  8.116990427628483, 9.733742857451192, 331.0769429272358;
  0.005224252138817183, -0.01013573085845077, 0.9992058799384235];
tag.p=[519.3251486456397, 311.9418332342788;
  488.0182782516998, 324.7302146990294;
  486.9867541246359, 350.9299416597395;
  518.9277259996637, 338.15630719346]';
tag.c=[503.2354291682984;
  331.3400667214234];
tag.uH=[-13.35869222801134, -5.302065427160197, 502.3374317721735;
  8.047604995772424, 9.891329270203512, 330.68697331457;
  0.005060210205420532, -0.009914401870277013, 0.9993594456992889]';
tag.up=[518.8085587587491, 311.4344860802605;
  487.2962760026247, 324.195806059269;
  486.345459383126, 350.5508143373334;
  518.4907824019612, 337.8051801234569]';
tag.uc=[502.666, 330.902];
tags{2}=tag;

tag.id=16;
tag.hammingDistance=0;
tag.familyName='Tag36h11';
tag.H=[2.800130807991237, -13.93813282470154, 494.2147877989011;
  -8.3385530777915, 12.72472714906715, 446.6037570163556;
  0.01572642691547239, 0.004689220678729823, 0.9991336103945824];
tag.p=[516.3415907578304, 451.8335207415366;
  505.8085652637428, 421.2559596688523;
  473.8140722451536, 442.3424641368258;
  483.2286831092805, 473.3010213126011]';
tag.c=[494.6433416484943;
  446.9910253944723];
tag.uH=[2.697471631896019, -14.27799272137423, 493.8718044368296;
  -8.430979738262977, 12.5493449453023, 446.6522470532217;
  0.01561593002507907, 0.004244288268559621, 0.999304027569886]';
tag.up=[516.0603979019883, 451.8222275498076;
  505.447939530194, 421.1744148399811;
  473.2221736757837, 442.2949646668104;
  482.7182638260241, 473.3435099817728]';
tag.uc=[494.223, 446.964];
tags{3}=tag;

tag.id=0;
tag.hammingDistance=0;
tag.familyName='Tag36h11';
tag.H=[4.839377385225585, -30.44487747698679, 911.8994801367628;
  -21.76682707337998, -9.787664071110383, 639.5567610456604;
  0.002036750038928312, -0.01002003788913098, 0.9994768743777156];
tag.p=[930.562830549355, 666.1417268411303;
  936.3838004559185, 620.4218618022436;
  893.8978447143064, 613.2185605260076;
  887.7834645095046, 659.8366115789448]';
tag.c=[912.3767678011767;
  639.8915046872445];
tag.uH=[5.355194151956871, -29.96790386990446, 913.8095074891426;
  -21.60073830943348, -9.376042745082144, 640.9724723719053;
  0.002716732903095313, -0.009058787977171467, 0.9995785268013265]';
tag.up=[932.899161459635, 667.9942526666648;
  938.4837359337271, 621.6931516314264;
  895.2521108488834, 614.1494222073347;
  889.3404084625433, 661.2667429029517]';
tag.uc=[914.181, 641.235];
tags{4}=tag;

tag.id=3;
tag.hammingDistance=0;
tag.familyName='Tag36h11';
tag.H=[0.06718762756908971, -14.62661384561961, 559.5429599134147;
  -27.35064460826794, -2.235388598798692, 764.3766046553538;
  -0.009718113916584725, 0.008341236131701658, 0.9993957159658251];
tag.p=[573.6591806334715, 793.3497008414241;
  585.1579349652434, 753.3210572041557;
  546.0653775721196, 736.2492002531407;
  535.5019367829943, 775.9476433270549]';
tag.c=[559.8812872363249;
  764.8387845215578];
tag.uH=[0.8656380687184727, -14.69207178783835, 558.6967880736825;
  -27.00010443796116, -2.179536111842277, 767.0473225417171;
  -0.008590572253214301, 0.008516394195946971, 0.9995115904360246]';
tag.up=[572.7564472731441, 796.5605140248913;
  584.5404911902643, 755.5236467211964;
  545.1730336622812, 738.2866232746171;
  534.2612114446063, 778.9264277195473]';
tag.uc=[558.976, 767.409];
tags{5}=tag;

tag.id=6;
tag.hammingDistance=0;
tag.familyName='Tag36h11';
tag.H=[15.5212007776894, 41.32471461496427, 1109.492676244588;
  29.56390557251635, 23.65250369000414, 867.602384735581;
  0.0185998774390085, 0.02882689134340313, 0.9993279354895048];
tag.p=[1105.836191474951, 855.5362719958226;
  1095.630525417587, 883.1391899000765;
  1114.242512479085, 879.6891862440579;
  1124.551160650992, 853.5354943981972]';
tag.c=[1110.238828359302;
  868.1858616417042];
tag.uH=[15.61076710270208, 41.91453656942791, 1121.666164670981;
  30.17019671154662, 23.957411985058, 878.8740970124589;
  0.01843661391946758, 0.02862902335160026, 0.9994659033015783]';
tag.up=[1117.32278872253, 865.966808624665;
  1107.245079736612, 894.6872457853698;
  1126.759283227547, 891.5185067385878;
  1136.994301096548, 864.3169645837781]';
tag.uc=[1122.26, 879.336];
tags{6}=tag;

tag.id=11;
tag.hammingDistance=0;
tag.familyName='Tag36h11';
tag.H=[-5.327799635948414, 2.646754147271122, 470.2229011640624;
  -1.810873438201003, 25.63270711778731, 871.1825676193265;
  0.01194247365459474, 0.01992802792926697, 0.9994719547658154];
tag.p=[488.7383592672343, 875.7332175899463;
  466.2175367729334, 850.9839233754324;
  453.3332772221925, 867.8052530356233;
  474.6576909260638, 891.9742422002245]';
tag.c=[470.4713313083802;
  871.6428344639763];
tag.uH=[-5.250805714906268, 1.97846402681919, 467.0513112797762;
  -1.710538642326367, 25.525669174013, 878.0165141491212;
  0.01239415038953101, 0.01916815457280757, 0.9995745344230921]';
tag.up=[485.8652406736632, 882.4309555193612;
  463.1547390650813, 856.9510934529402;
  449.7742624829777, 874.6018795633361;
  471.2868273698303, 899.5431313618399]';
tag.uc=[467.254, 878.383];
tags{7}=tag;

tag.id=10;
tag.hammingDistance=0;
tag.familyName='Tag36h11';
tag.H=[6.489110120230077, 19.42607850465856, 588.3446894187559;
  31.20159742212894, 10.54298383699557, 951.0808666530093;
  0.01891691953907973, 0.002524099975133295, 0.9995036177091048];
tag.p=[575.0444826659202, 929.7321941071583;
  566.4039167012751, 956.5339975466021;
  601.658361920837, 972.4576747005005;
  611.6112842394026, 946.4063001070782]';
tag.c=[588.6368783409322;
  951.5532008107364];
tag.uH=[5.686330822837854, 19.51523470402669, 586.8811335057537;
  31.13544255781363, 10.54173160289346, 960.6578711998043;
  0.01788581822231439, 0.002142408417074949, 0.9996056228956901]';
tag.up=[573.3881030682825, 938.1424848828176;
  564.3897767614047, 966.4222794195207;
  600.2950533032871, 983.0367259194986;
  610.5635663979301, 955.4879656761727]';
tag.uc=[587.115, 961.023];
tags{8}=tag;

tag.id=4;
tag.hammingDistance=0;
tag.familyName='Tag36h11';
tag.H=[-13.45896791138146, -21.29537206115909, 718.1429464592969;
  -30.31672818410426, -3.532210987142766, 1014.321749254271;
  -0.01716592247673886, -0.003159753957104041, 0.9996311976084999];
tag.p=[738.165804450063, 1027.661771885861;
  736.5674868059986, 1001.940091730637;
  697.8298311512077, 1001.191955812693;
  700.7501558695784, 1027.099336746062]';
tag.c=[718.4078970097867;
  1014.695971555226];
tag.uH=[-12.81219456889256, -21.60071884540355, 719.3899112339194;
  -30.34279738776284, -3.444497827924147, 1027.556513771423;
  -0.01613125244609958, -0.002940508092629659, 0.9997093092741429]';
tag.up=[739.905528034811, 1041.781253007445;
  738.1306587022274, 1014.336170729239;
  698.5006024804238, 1013.394225217159;
  701.552484928411, 1041.028736168195]';
