% AprilTagFinder log 6
% @ Fri Mar 16 13:46:20 2018

K=[1664.010615128407, 0, 667.9657771371558;
  0, 1668.819944196452, 457.9230104705811;
  0, 0, 1];
distCoeffs=[-0.2237256636237109;
  0.2343996528647796;
  0;
  0;
  0];
tags={};

tag.id=1;
tag.hammingDistance=0;
tag.familyName='Tag36h11';
tag.H=[19.24408073016864, -16.31903550092604, 960.0806945464489;
  -5.610545708682223, -5.7552965930237, 273.2085212043898;
  0.01976345858060018, -0.0001473978710425694, 0.9992194789024121];
tag.p=[977.0848401927188, 290.4995615787771;
  976.9543465033333, 268.2220934908839;
  945.2023435916444, 257.0019092604566;
  944.0513001935, 278.8332136162473]';
tag.c=[960.8306431346243;
  273.4219327914768];
tag.uH=[18.95135576886883, -16.20183765027683, 963.0066654807646;
  -5.936947312933711, -5.580267996522775, 271.4974590588037;
  0.01930177377139691, 0.0003109389405486497, 0.9993669576993373]';
tag.up=[980.1077016073855, 288.8623352021092;
  980.162972684999, 266.2521846034593;
  947.7752560463427, 255.1372475734128;
  946.4226970396328, 277.2949475936994]';
tag.uc=[963.608, 271.672];
tags{1}=tag;

tag.id=2;
tag.hammingDistance=0;
tag.familyName='Tag36h11';
tag.H=[-13.71703751721905, -6.117278248861663, 502.8298127901843;
  7.700882068029835, 9.320831452686594, 331.0462098598481;
  0.004112042726500849, -0.0114083501812599, 0.9991984968618273];
tag.p=[519.2914323200664, 311.9981295406243;
  488.0465501477742, 324.6478052162743;
  486.9386338514133, 350.9095222268134;
  518.8989873890459, 338.1859959140037]';
tag.c=[503.2331557437455;
  331.3117572730159];
tag.uH=[-13.90770150989562, -5.959650319395498, 502.3321389407716;
  7.631173691678108, 9.478895246093924, 330.6565761393749;
  0.003946310772806754, -0.01118733767588838, 0.9993536203269523]';
tag.up=[518.7748001410682, 311.491051542079;
  487.3244943662149, 324.112942244136;
  486.2968543891052, 350.5301368059409;
  518.4619416914547, 337.8349415500988]';
tag.uc=[502.663, 330.874];
tags{2}=tag;

tag.id=16;
tag.hammingDistance=0;
tag.familyName='Tag36h11';
tag.H=[3.356001499676936, -13.5235454255037, 494.1742160042778;
  -7.803448894586292, 13.09140840932375, 446.5858933850465;
  0.01689339687841607, 0.005531559700220963, 0.9991107164320751];
tag.p=[516.3807855720005, 451.8320549042616;
  505.7571936056435, 421.2791674154877;
  473.8030054809213, 442.3475996369297;
  483.2145893596288, 473.278948230323]';
tag.c=[494.6140681675637;
  446.9833883674571];
tag.uH=[3.252192284267255, -13.86409057444, 493.8335011447811;
  -7.896392977755307, 12.91584419319999, 446.6365911383808;
  0.01678194261023825, 0.005086196883661132, 0.9992861246112825]';
tag.up=[516.0998097945217, 451.8207647959325;
  505.3962589545143, 421.197630221702;
  473.2110089681194, 442.3001106727975;
  482.7040641421225, 473.3213814810052]';
tag.uc=[494.193, 446.957];
tags{3}=tag;

tag.id=0;
tag.hammingDistance=0;
tag.familyName='Tag36h11';
tag.H=[5.74943645918327, -30.97116074592051, 911.9059036313529;
  -21.14282801083936, -10.13635118844602, 639.5335881911809;
  0.00302826301491593, -0.01059192109412156, 0.9994681721399269];
tag.p=[930.5839197894757, 666.128663723068;
  936.3709443358103, 620.4070034877869;
  893.9209034493171, 613.218712456288;
  887.7487371803888, 659.8786759335467]';
tag.c=[912.3911386581752;
  639.8738909533233];
tag.uH=[6.266922465125133, -30.49597244303659, 913.8175440766813;
  -20.97564597050104, -9.725850113154797, 640.9502268031343;
  0.003708086899090232, -0.009631506766498866, 0.9995714565941074]';
tag.up=[932.9205541485005, 667.9811651466922;
  938.4705335021172, 621.6780283156537;
  895.2754944416777, 614.1497033237913;
  889.3054631983591, 661.3091309553594]';
tag.uc=[914.195, 641.217];
tags{4}=tag;

tag.id=6;
tag.hammingDistance=0;
tag.familyName='Tag36h11';
tag.H=[18.45117340641256, 30.71273332614782, 1031.817290863022;
  33.42707375080912, 15.58326029336652, 698.5023226513492;
  0.02265670127130954, 0.01695326551145034, 0.999386777269141];
tag.p=[1023.835305660789, 676.7114828269647;
  1014.392258253806, 712.7182483948064;
  1040.408647846142, 719.4562071295427;
  1050.715864066847, 684.9853275793783]';
tag.c=[1032.450412924712;
  698.9309229806212];
tag.uH=[18.17562403196678, 30.41661274629358, 1037.396882457991;
  33.55225429641734, 15.2979677170307, 702.1925453192514;
  0.02221745145706834, 0.0160866332384247, 0.9995222729723452]';
tag.up=[1028.700027846593, 679.7023124714299;
  1019.39778314146, 716.3997911584386;
  1046.407852916534, 723.6689103462413;
  1056.625265160229, 688.491015365767]';
tag.uc=[1037.88, 702.523];
tags{5}=tag;

tag.id=3;
tag.hammingDistance=0;
tag.familyName='Tag36h11';
tag.H=[0.1865716182769308, -14.24230272684278, 559.527516809235;
  -27.19072749160878, -1.71141555143015, 764.3675288907858;
  -0.009526683142273807, 0.009014320630599825, 0.999392128782931];
tag.p=[573.6380353439217, 793.3454433300482;
  585.1615770420505, 753.3133195346345;
  546.0835268861979, 736.2902029672538;
  535.49553013909, 775.9319503117399]';
tag.c=[559.8678443571821;
  764.8324485221227];
tag.uH=[0.9847491443450157, -14.3088524166133, 558.6815177517865;
  -26.83967534323055, -1.654352032570965, 767.0385040524988;
  -0.008399430383023744, 0.009188574205979462, 0.999508464199075]';
tag.up=[572.7350911709092, 796.5562456400626;
  584.5441938345706, 755.5157321690054;
  545.1911411926898, 738.3283250040109;
  534.254829376429, 778.9103846631131]';
tag.uc=[558.963, 767.402];
tags{6}=tag;

tag.id=11;
tag.hammingDistance=0;
tag.familyName='Tag36h11';
tag.H=[-5.133359221242062, 2.382421469421227, 470.2338021893516;
  -1.404261402349519, 25.14841537061768, 871.1679971645551;
  0.01237674836674059, 0.01933665672758647, 0.9994783091865737];
tag.p=[488.7392980889582, 875.6505217464583;
  466.2059878322952, 850.9820268207706;
  453.3423397059867, 867.8426511183599;
  474.6934034800852, 891.9779260024226]';
tag.c=[470.4792468903622;
  871.6227147276023];
tag.uH=[-5.058917685685418, 1.715261866603502, 467.0617848727215;
  -1.30085318548225, 25.0371247803856, 877.9994979761638;
  0.01282707270986888, 0.01857522526537744, 0.9995791324515377]';
tag.up=[485.8671156926878, 882.3447870731892;
  463.1429667749, 856.9492616599214;
  449.7830520632887, 874.6407060228935;
  471.3233139616697, 899.5465396308041]';
tag.uc=[467.262, 878.362];
tags{7}=tag;

tag.id=10;
tag.hammingDistance=0;
tag.familyName='Tag36h11';
tag.H=[7.10391173887432, 18.54939619667062, 588.2938241720175;
  32.18739966971358, 9.102292889080591, 951.0709299974646;
  0.01996531094666685, 0.001029518290669835, 0.9994859465070353];
tag.p=[575.0083023813427, 929.7797612892485;
  566.4140085896944, 956.5349985347785;
  601.6253776654729, 972.4442107519357;
  611.6355255000288, 946.3930218890241]';
tag.c=[588.5963942044048;
  951.5600827817844];
tag.uH=[6.300256792617186, 18.64228938058147, 586.8317548718792;
  32.13178965230743, 9.087844163121824, 960.6521450365824;
  0.01893544108136138, 0.0006498730142853241, 0.99959187609226]';
tag.up=[573.3509272617747, 938.1926795710905;
  564.4000765442919, 966.4232621794933;
  600.2614356312963, 983.0226380470306;
  610.5883226013176, 955.4738833626438]';
tag.uc=[587.074, 961.031];
tags{8}=tag;

tag.id=4;
tag.hammingDistance=0;
tag.familyName='Tag36h11';
tag.H=[-14.51542256574093, -20.56420171160492, 718.1015550125092;
  -31.81932056634031, -2.507219991378709, 1014.319665688095;
  -0.01864121243705432, -0.002155107805083409, 0.9996075836155145];
tag.p=[738.1206367816138, 1027.677571872659;
  736.5827617834952, 1001.91846701543;
  697.8075920185014, 1001.20744601255;
  700.7747258963522, 1027.101908351648]';
tag.c=[718.3834604527342;
  1014.717857601048];
tag.uH=[-13.87026364995357, -20.8688331508653, 719.352147170934;
  -31.8650988924138, -2.406712151937248, 1027.561406251895;
  -0.01760641499695653, -0.001936680126574601, 0.9996914660460622]';
tag.up=[739.8592968087989, 1041.797897766497;
  738.146179058941, 1014.313239226854;
  698.4778962472116, 1013.410653357149;
  701.5776664983886, 1041.031548410688]';
