% AprilTagFinder log 4
% @ Fri Mar 16 13:46:20 2018

K=[1664.010615128407, 0, 667.9657771371558;
  0, 1668.819944196452, 457.9230104705811;
  0, 0, 1];
distCoeffs=[-0.2237256636237109;
  0.2343996528647796;
  0;
  0;
  0];
tags={};

tag.id=1;
tag.hammingDistance=0;
tag.familyName='Tag36h11';
tag.H=[18.93974813609214, -16.44660557726803, 960.0829696066666;
  -5.685200723677752, -5.793937383586444, 273.1933161061102;
  0.01946188714593882, -0.0002972382956760012, 0.9992261336324977];
tag.p=[977.0711755503936, 290.4638725565542;
  976.9222022157089, 268.2100161236397;
  945.1932683628598, 256.9879681754448;
  944.0814322079722, 278.8093699558092]';
tag.c=[960.8265209362233;
  273.4048949590295];
tag.uH=[18.64710997660836, -16.33082084639532, 963.0076727508998;
  -6.010457572848286, -5.61913674934631, 271.4816523434486;
  0.01900156355416358, 0.0001596618507095545, 0.9993722314463532]';
tag.up=[980.0939855681281, 288.8262526306448;
  980.1301295618108, 266.2402059721866;
  947.7661081797664, 255.1231687100561;
  946.4536286379112, 277.2705483396516]';
tag.uc=[963.604, 271.655];
tags{1}=tag;

tag.id=2;
tag.hammingDistance=0;
tag.familyName='Tag36h11';
tag.H=[-13.37231143789064, -6.525709468593103, 502.8236560858325;
  7.946551710162167, 9.061956820965678, 331.0340916542502;
  0.004835158981948988, -0.01221003775150337, 0.999184603102239];
tag.p=[519.3152381022385, 311.9791614690885;
  488.056002881166, 324.6496871050125;
  486.9135917217122, 350.9167047334106;
  518.9388133192899, 338.1897667593778]';
tag.c=[503.2339915213669;
  331.3042361005817];
tag.uH=[-13.56356132285623, -6.367809676643237, 502.32746535342;
  7.876527158467405, 9.220331093813297, 330.6454053678468;
  0.004669435149439192, -0.01198934929728316, 0.9993427249143739]';
tag.up=[518.7987073077825, 311.4720358793656;
  487.3340408855348, 324.1148730578085;
  486.2716146288909, 350.537280442491;
  518.5020365196506, 337.838845680005]';
tag.uc=[502.664, 330.866];
tags{2}=tag;

tag.id=16;
tag.hammingDistance=0;
tag.familyName='Tag36h11';
tag.H=[3.237660187480897, -14.08200342803262, 494.2034985934628;
  -7.921751764233033, 12.59343189421286, 446.5775613064177;
  0.01663562085586894, 0.00441226725850877, 0.9991203675218595];
tag.p=[516.3705680993841, 451.8130204871375;
  505.7856706154175, 421.2834556153304;
  473.8033679076397, 442.3282521714733;
  483.2153996307789, 473.2943137677764]';
tag.c=[494.6385987698827;
  446.9707312784284];
tag.uH=[3.134216532227053, -14.42217823599935, 493.8617901920492;
  -8.01449020951787, 12.41776263356277, 446.6271778758225;
  0.01652452117725046, 0.003966663325302795, 0.9992934199803579]';
tag.up=[516.0895328776465, 451.801693464333;
  505.4249234835245, 421.201956012134;
  473.2113653808766, 442.2807036457109;
  482.7048741394581, 473.3367896873061]';
tag.uc=[494.218, 446.944];
tags{3}=tag;

tag.id=0;
tag.hammingDistance=0;
tag.familyName='Tag36h11';
tag.H=[5.540380543951018, -30.46485122988216, 911.8944608498214;
  -21.29365700657686, -9.784482294450642, 639.5397249725683;
  0.002775462909115237, -0.01003677874771199, 0.9994748870574068];
tag.p=[930.5505541976883, 666.1306729056519;
  936.3940978165338, 620.4075231679977;
  893.9305164656827, 613.236508067635;
  887.7291880452027, 659.8495470763182]';
tag.c=[912.3735600146649;
  639.8757320010934];
tag.uH=[6.056133885024392, -29.98864099780228, 913.8043491472658;
  -21.12767198483834, -9.373268846179695, 640.9552466784996;
  0.00345341424281883, -0.009076368141594199, 0.9995765528191023]';
tag.up=[932.8865506498466, 667.982921791536;
  938.4941326519352, 621.6787121990739;
  895.2853405568937, 614.1677262252114;
  889.2854254932336, 661.2794740906405]';
tag.uc=[914.177, 641.219];
tags{4}=tag;

tag.id=6;
tag.hammingDistance=0;
tag.familyName='Tag36h11';
tag.H=[15.54973475620568, 27.06846565727244, 1030.809395978967;
  31.5255172545267, 13.54751311817104, 695.1998146201011;
  0.02009151195018977, 0.01346267905245016, 0.999491649135308];
tag.p=[1023.03848685591, 673.0526689628707;
  1013.090065533941, 708.8393800664435;
  1039.089994543809, 716.592445591714;
  1049.820891500311, 682.0900122436476]';
tag.c=[1031.333675344615;
  695.553399792325];
tag.uH=[15.26192400075833, 26.73238806952832, 1036.281532797168;
  31.63961958529322, 13.24301111284408, 698.7792722461385;
  0.0196652388076483, 0.01257571302905953, 0.9996027892145118]';
tag.up=[1027.834655156363, 675.9585471683943;
  1018.002655753874, 712.4109899030735;
  1044.999937302136, 720.7116096968675;
  1055.659825407492, 685.5177424436392]';
tag.uc=[1036.68, 699.052];
tags{5}=tag;

tag.id=3;
tag.hammingDistance=0;
tag.familyName='Tag36h11';
tag.H=[0.3702060542858376, -14.55936785161506, 559.5414586873229;
  -26.94233190819579, -2.152094404023177, 764.3737853838585;
  -0.009200278001966284, 0.008445373420669595, 0.9994001399398484];
tag.p=[573.6416804849925, 793.3452078682207;
  585.1473451991781, 753.3284100352947;
  546.0921231894642, 736.2768409020107;
  535.484133956086, 775.9375532450986]';
tag.c=[559.8773067222108;
  764.8325779000435];
tag.uH=[1.168186754990381, -14.62511046302376, 558.694529649702;
  -26.59031033476052, -2.096322805540897, 767.0433387362682;
  -0.008072858953352958, 0.008620002549260248, 0.9995146567327903]';
tag.up=[572.7387773821645, 796.5559859571388;
  584.5297830436302, 755.5311949836052;
  545.1998911574037, 738.3146579011159;
  534.2432589773191, 778.916202056644]';
tag.uc=[558.972, 767.402];
tags{6}=tag;

tag.id=11;
tag.hammingDistance=0;
tag.familyName='Tag36h11';
tag.H=[-5.105989477121309, 2.675394960208049, 470.218150138416;
  -1.352655119666952, 25.70276267493182, 871.1745752933034;
  0.01243521498286543, 0.01998415959265889, 0.9994647215776286];
tag.p=[488.7555129866116, 875.6822731873357;
  466.2056763677044, 850.9988217740355;
  453.3334289823897, 867.8539442434181;
  474.6703551556188, 891.9739853070938]';
tag.c=[470.4699825684583;
  871.6411459908034];
tag.uH=[-5.032135547637977, 2.00619644090086, 467.0471971784723;
  -1.249527184179396, 25.59600206478158, 878.009583964604;
  0.01288480948735782, 0.01922318714135435, 0.9995686299886137]';
tag.up=[485.8833160807937, 882.377686909531;
  463.1424503079028, 856.9667017665139;
  449.7737862013233, 874.6525824807825;
  471.2997853076295, 899.5427063522]';
tag.uc=[467.253, 878.381];
tags{7}=tag;

tag.id=10;
tag.hammingDistance=0;
tag.familyName='Tag36h11';
tag.H=[6.550704933362224, 18.76620022316138, 588.3224538023504;
  31.28799044389804, 9.474585012944599, 951.0829624823739;
  0.01901327890932245, 0.001394734979206265, 0.9995039205016093];
tag.p=[575.0259446936035, 929.7560952680726;
  566.4086466071977, 956.5184153679002;
  601.659161215525, 972.4815491371774;
  611.6171636948941, 946.4134808649516]';
tag.c=[588.6144533651213;
  951.5550094141353];
tag.uH=[5.748171242690478, 18.85672429148144, 586.8582329760233;
  31.22286918415798, 9.462258274515705, 960.6598761002614;
  0.01798262763672542, 0.001012332198242159, 0.999605590090793]';
tag.up=[573.369058069107, 938.1677085305637;
  564.3947208436883, 966.4057972410412;
  600.2957532976365, 983.0619893554567;
  610.5695291996608, 955.4955050021073]';
tag.uc=[587.092, 961.025];
tags{8}=tag;

tag.id=4;
tag.hammingDistance=0;
tag.familyName='Tag36h11';
tag.H=[-13.52956559870857, -20.05379086013986, 718.1061415337271;
  -30.4794793197787, -1.772195889551438, 1014.302387616491;
  -0.01733218782847053, -0.001445912270537993, 0.9996325577757895];
tag.p=[738.100580723682, 1027.634633174158;
  736.6029024897339, 1001.879368696813;
  697.8841557148207, 1001.219604724246;
  700.7077494922777, 1027.070731541975]';
tag.c=[718.37010104146;
  1014.675222136964];
tag.uH=[-12.88237122520814, -20.359999952696, 719.3518531566049;
  -30.5079420227812, -1.66517303247122, 1027.535179642505;
  -0.01629833400114814, -0.001231225896353691, 0.9997102330468125]';
tag.up=[739.8384953697482, 1041.751877716081;
  738.1665880248751, 1014.271739221324;
  698.5562170624898, 1013.423763461334;
  701.5089612791721, 1040.998049592965]';
