% AprilTagFinder log 80
% @ Fri Mar 16 13:46:55 2018

K=[1664.010615128407, 0, 667.9657771371558;
  0, 1668.819944196452, 457.9230104705811;
  0, 0, 1];
distCoeffs=[-0.2237256636237109;
  0.2343996528647796;
  0;
  0;
  0];
tags={};

tag.id=1;
tag.hammingDistance=0;
tag.familyName='Tag36h11';
tag.H=[18.42368585697001, -16.09437530381655, 960.0886872447511;
  -5.854873369121814, -5.703314980319676, 273.210578940985;
  0.01893870208952492, 8.602176088715276e-05, 0.9992336291925168];
tag.p=[977.097199864072, 290.5184453420557;
  976.9375534313391, 268.2081253804632;
  945.1609161092048, 256.9607112081432;
  944.0928316248579, 278.8325677345879]';
tag.c=[960.8250355030596;
  273.4201201392382];
tag.uH=[18.12952953953329, -15.97833423507052, 963.0114591843537;
  -6.179466308312227, -5.5294149936067, 271.4986175908434;
  0.01847840628312343, 0.0005423082901576683, 0.9993778278594564]';
tag.up=[980.1202145814573, 288.8813860626175;
  980.145883406035, 266.2381462458607;
  947.7333040280628, 255.0957687250762;
  946.4650836741366, 277.2939728635606]';
tag.uc=[963.602, 271.67];
tags{1}=tag;

tag.id=2;
tag.hammingDistance=0;
tag.familyName='Tag36h11';
tag.H=[-13.84729306030623, -6.426379437006543, 502.8431005563489;
  7.631890181644042, 9.096676233513435, 331.0249821979019;
  0.003883346147587544, -0.0120518784953519, 0.999191831035541];
tag.p=[519.2945762693397, 311.9999825356967;
  488.0395849580857, 324.6492094782799;
  486.9405479144747, 350.9035045629332;
  518.9530493486527, 338.1515731377781]';
tag.c=[503.2498114353207;
  331.2927226945348];
tag.uH=[-14.03824623097666, -6.268084106221722, 502.34621335396;
  7.562083107600186, 9.255168149506462, 330.6357598711816;
  0.00371700138767974, -0.01183043075976171, 0.9993483737577906]';
tag.up=[518.7779724788691, 311.4929281168982;
  487.3174706582271, 324.1143295015099;
  486.2987667554295, 350.5240927934424;
  518.5162564732705, 337.8004936610269]';
tag.uc=[502.68, 330.855];
tags{2}=tag;

tag.id=16;
tag.hammingDistance=0;
tag.familyName='Tag36h11';
tag.H=[2.617209207576276, -13.20991947123007, 494.1776209928002;
  -8.479409214377208, 13.37320990000207, 446.613100741807;
  0.01538852049311553, 0.006166072124701064, 0.9991312897890416];
tag.p=[516.3485716436244, 451.8512985573079;
  505.7795993333923, 421.2415401003856;
  473.7842651343574, 442.3563695842867;
  483.2268106904761, 473.2412725841371]';
tag.c=[494.6072913972515;
  447.0014154357089];
tag.uH=[2.514005666603612, -13.5505747001972, 493.8348664498757;
  -8.572334699602946, 13.19767124502999, 446.6620470677707;
  0.01527690461210626, 0.005720903366379823, 0.9993026810707346]';
tag.up=[516.0674201137932, 451.840039471721;
  505.418773368523, 421.1599324867259;
  473.1921027734378, 442.3088986447325;
  482.7164029582566, 473.2835947838186]';
tag.uc=[494.186, 446.975];
tags{3}=tag;

tag.id=0;
tag.hammingDistance=0;
tag.familyName='Tag36h11';
tag.H=[5.348158288544338, -30.67625934242385, 911.8884695709908;
  -21.41341077486722, -9.928295105167605, 639.5405188311984;
  0.002584193159762385, -0.01026663257961961, 0.9994731551182858];
tag.p=[930.5578757715732, 666.1157703431945;
  936.3730437353287, 620.4094885012934;
  893.8986365614311, 613.2330171319098;
  887.7399445149335, 659.8529296521498]';
tag.c=[912.3691465861035;
  639.8776350881679];
tag.uH=[5.864148274112218, -30.20039332381766, 913.7988567209817;
  -21.24717896310874, -9.517302362952831, 640.9564226062543;
  0.003263088326980855, -0.009306133546737823, 0.9995754453179955]';
tag.up=[932.8938898614147, 667.9678489967206;
  938.4726898495056, 621.6805573010596;
  895.252993422692, 614.164024572263;
  889.2963631563596, 661.2829771150784]';
tag.uc=[914.173, 641.221];
tags{4}=tag;

tag.id=3;
tag.hammingDistance=0;
tag.familyName='Tag36h11';
tag.H=[0.4969625735655736, -14.57979426804811, 559.5464455871037;
  -26.77928426551245, -2.173150632506995, 764.361326220818;
  -0.00898279829367417, 0.008413885842341999, 0.9994022177906514];
tag.p=[573.645838298125, 793.3366645563688;
  585.1527132339037, 753.3106150988142;
  546.1007467180109, 736.2678911402226;
  535.4743083551812, 775.9326434743972]';
tag.c=[559.8811325675025;
  764.8185211261276];
tag.uH=[1.294990193961316, -14.64578266182587, 558.6992901640564;
  -26.4265177465078, -2.117712561251316, 767.0300789312806;
  -0.007855049186322167, 0.00858805858018427, 0.9995161276520951]';
tag.up=[572.7430224000607, 796.5471922885092;
  584.535264720673, 755.5130047787509;
  545.2086452520414, 738.3054885973146;
  534.2333465004864, 778.9112339271353]';
tag.uc=[558.976, 767.388];
tags{5}=tag;

tag.id=11;
tag.hammingDistance=0;
tag.familyName='Tag36h11';
tag.H=[-4.468715565599628, 3.047247452234225, 470.18665642335;
  -0.1647760750064752, 26.40102021562338, 871.1357750859962;
  0.01380617097206938, 0.02079278029927462, 0.9994298610679577];
tag.p=[488.7987312057926, 875.6969976464414;
  466.1936010890179, 851.0007774388959;
  453.3386136982864, 867.8404397615114;
  474.656996872892, 891.9782195378313]';
tag.c=[470.4548810668155;
  871.6327268380088];
tag.uH=[-4.399507981591776, 2.375506543532148, 467.0188330807537;
  -0.05282817633532787, 26.29999998139107, 877.9765072453272;
  0.01425561418717048, 0.02003227079587756, 0.9995407253641924]';
tag.up=[485.9272703949017, 882.3925460702555;
  463.1300949544138, 856.9688755883483;
  449.7792674964304, 874.6384518194626;
  471.2860685085365, 899.5472963999417]';
tag.uc=[467.237, 878.372];
tags{6}=tag;

tag.id=10;
tag.hammingDistance=0;
tag.familyName='Tag36h11';
tag.H=[6.228624754876818, 19.48615408096765, 588.3544775357003;
  30.77074195617277, 10.64087906898104, 951.0912359556954;
  0.01845578591417268, 0.002616216041307091, 0.9995118247947806];
tag.p=[575.0376114773733, 929.7246429430619;
  566.4018892669717, 956.5369230233795;
  601.6842911638744, 972.485386272653;
  611.5980234794238, 946.4141825799535]';
tag.c=[588.641837885711;
  951.5557618850314];
tag.uH=[5.426345245842544, 19.57435643077007, 586.8898140286033;
  30.69993873992718, 10.6396407226425, 960.6665215129822;
  0.01742402499023419, 0.002233095432262417, 0.9996118410967154]';
tag.up=[573.3811490303048, 938.1345978916779;
  564.3876848203457, 966.4253822077808;
  600.3213971457794, 983.0659273335473;
  610.550021448474, 955.4963209880258]';
tag.uc=[587.12, 961.026];
tags{7}=tag;

tag.id=4;
tag.hammingDistance=0;
tag.familyName='Tag36h11';
tag.H=[-13.84676481291996, -20.95985045045856, 718.1393985396309;
  -30.85015439264383, -3.06539828677785, 1014.32777644012;
  -0.01769524835767743, -0.002692367461594462, 0.9996233517118437];
tag.p=[738.1744292666546, 1027.678488258573;
  736.580749307696, 1001.952579268335;
  697.8225551106912, 1001.201434777147;
  700.7765914690756, 1027.090074211279]';
tag.c=[718.4099864312146;
  1014.709965211492];
tag.uH=[-13.20105040058658, -21.2638747911561, 719.3878327963313;
  -30.88337261411387, -2.970819650273981, 1027.565353481549;
  -0.01666093614500275, -0.002471926681639402, 0.9997033860318536]';
tag.up=[739.9144639318417, 1041.799173558197;
  738.1442973085519, 1014.34952876481;
  698.4931836514577, 1013.404292608812;
  701.5795476647701, 1041.018903151414]';
tag.uc=[719.601, 1027.86];
tags{8}=tag;

tag.id=8;
tag.hammingDistance=0;
tag.familyName='Tag36h11';
tag.H=[-8.96813014030284, 0.5552562509870203, 588.528433126861;
  -1.863477926686066, 17.79226053353261, 1060.870659041717;
  0.005565682232666049, 0.01220672345136046, 0.9997515609950085];
tag.p=[607.896108372211, 1064.118184977103;
  583.0217636461902, 1048.438114235281;
  570.1247127681027, 1058.254622898948;
  594.2529964972431, 1073.662897685421]';
tag.c=[588.6746828793392;
  1061.13428618794];
tag.uH=[-9.139342836876459, 0.1147443432938244, 586.3732626726503;
  -2.025088755149947, 18.04578905606855, 1077.521760089823;
  0.005803890728507803, 0.01187475967122608, 0.999794838290462]';
tag.up=[606.2394716067989, 1080.836193145792;
  580.7647560284836, 1064.128414620127;
  567.4333613841161, 1074.768172975075;
  592.1546273008228, 1091.191060388313]';
