% AprilTagFinder log 42
% @ Wed Mar  7 16:07:42 2018

K=[1664.010615128407, 0, 667.9657771371558;
  0, 1668.819944196452, 457.9230104705811;
  0, 0, 1];
distCoeffs=[-0.2237256636237109;
  0.2343996528647796;
  0;
  0;
  0];
tags={};

tag.id=28;
tag.hammingDistance=0;
tag.familyName='Tag16h5';
tag.H=[23.33395011907458, 4.37389069290273, 222.5579133730153;
  -1.342531111723081, -22.81795193149281, 215.5165551117105;
  -0.01075027669327815, 0.009338981745080488, 0.9933239767974438];
tag.p=[195.8813345575848, 240.9455510050648;
  248.160046331266, 243.5095783790562;
  252.3062349786841, 192.9162471355291;
  200.9030934942053, 191.4728637294648]';
tag.c=[224.0537010800443;
  216.9650186100946];
tag.uH=[25.07560404330128, 3.906668865093064, 213.9987206478232;
  -0.4943995724929725, -23.65252723489822, 210.9208111156552;
  -0.009000940790541994, 0.008801503520232182, 0.9938976156320521]';
tag.up=[186.1055659004165, 236.4524534652163;
  240.9243298521894, 239.8139766040595;
  244.5124163587249, 187.9472414060555;
  190.5972044592324, 185.593555144484]';
tag.uc=[215.337, 212.234];
tags{1}=tag;

