% AprilTagFinder log 43
% @ Wed Mar  7 16:07:43 2018

K=[1664.010615128407, 0, 667.9657771371558;
  0, 1668.819944196452, 457.9230104705811;
  0, 0, 1];
distCoeffs=[-0.2237256636237109;
  0.2343996528647796;
  0;
  0;
  0];
tags={};

tag.id=2;
tag.hammingDistance=0;
tag.familyName='Tag16h5';
tag.H=[-47.34584153233391, -16.35575299739492, 562.1322248021439;
  -5.829530938626532, 20.78664117765004, 174.6418123365538;
  -0.03292739638779708, -0.02858857143272738, 0.9930819571556868];
tag.p=[593.4335773949012, 151.4176145388607;
  537.1892041212536, 149.7109162122025;
  535.045972028384, 203.5270981832321;
  594.6560608872704, 201.7784149503335]';
tag.c=[566.0481702961981;
  175.8584083399825];
tag.uH=[-47.87157074386034, -15.18456949150168, 562.0271592083399;
  -5.974335698201216, 21.69883423667117, 172.8270850250869;
  -0.03338960645338847, -0.02675328366646691, 0.9941912105702848]';
tag.up=[592.8466488914297, 149.0039362365662;
  536.0308954432078, 146.9810332123264;
  534.1760113812512, 201.862075936921;
  594.2422037992653, 200.3323957617047]';
tag.uc=[565.321, 173.847];
tags{1}=tag;

