% AprilTagFinder log 61
% @ Wed Mar  7 16:05:43 2018

K=[1664.010615128407, 0, 667.9657771371558;
  0, 1668.819944196452, 457.9230104705811;
  0, 0, 1];
distCoeffs=[-0.2237256636237109;
  0.2343996528647796;
  0;
  0;
  0];
tags={};

tag.id=0;
tag.hammingDistance=0;
tag.familyName='Tag36h11';
tag.H=[25.10708116565753, 3.202208755489012, 535.176520322982;
  -1.156852318689471, -27.31265792745257, 63.50553134163751;
  -0.008751982718122749, 0.003176593251780302, 0.9589970195720049];
tag.p=[525.4838575645849, 95.3531748637473;
  588.2166135895461, 94.67249970802595;
  591.0142925766017, 36.74766754726619;
  528.6415872334052, 38.46816471248574]';
tag.c=[558.0585855854154;
  66.22078071731617];
tag.uH=[25.71010350467721, 1.355501542668915, 533.6926910535317;
  -0.9208440245398644, -28.49610722847716, 58.63002545654163;
  -0.008476409530069586, 0.000150577084699517, 0.9588125351456226]';
tag.up=[523.78804429882, 91.03788532502705;
  587.3497597962561, 90.72405599825476;
  589.9155701723997, 30.73407615250665;
  526.5261440571019, 32.09932889266639]';
tag.uc=[556.636, 61.1517];
tags{1}=tag;

tag.id=24;
tag.hammingDistance=0;
tag.familyName='Tag36h11';
tag.H=[26.82764767191183, 1.553083526133215, 548.0626506673763;
  -0.7046867799127408, -28.43537153327235, 137.7319757472299;
  -0.00735147132916825, 0.0001407629014791997, 0.9889166972019744];
tag.p=[521.7022607071375, 167.5207740669811;
  584.1888361711901, 168.5943918695896;
  587.1853573849977, 110.6155189800032;
  524.6722204405983, 110.3977368365336]';
tag.c=[554.2050733070402;
  139.2756094996945];
tag.uH=[27.45692215661519, 0.09141214908174999, 547.7871633115102;
  -0.4442555068183943, -29.50063455227784, 135.061099421963;
  -0.006933383393415274, -0.00224666004584618, 0.9902864474240214]';
tag.up=[520.478692037879, 165.0914117309809;
  583.5862892115895, 166.5134603214408;
  586.3764667375633, 107.1377729802602;
  523.0809223238697, 106.5384124803064]';
tag.uc=[553.177, 136.395];
tags{2}=tag;

