% AprilTagFinder log 85
% @ Wed Mar  7 16:05:45 2018

K=[1664.010615128407, 0, 667.9657771371558;
  0, 1668.819944196452, 457.9230104705811;
  0, 0, 1];
distCoeffs=[-0.2237256636237109;
  0.2343996528647796;
  0;
  0;
  0];
tags={};

tag.id=1;
tag.hammingDistance=0;
tag.familyName='Tag36h11';
tag.H=[26.07376846255006, 0.2119680480675679, 308.8663030372658;
  -3.02805903919934, -31.39809313213656, 155.1047451564016;
  -0.01198183346407854, -0.001442441831072843, 0.9879137547168256];
tag.p=[282.2029704826733, 189.2776381672736;
  342.476860550763, 187.7221115872506;
  343.9257648494928, 123.8377586761473;
  283.4429473805534, 126.9310548289463]';
tag.c=[312.6450072818338;
  157.002313628947];
tag.uH=[27.62007983692896, -0.7547558715508255, 303.2772507199375;
  -2.33674327307555, -32.61327744248082, 150.260161933942;
  -0.01069140521269478, -0.003105070940008238, 0.989065485415328]';
tag.up=[275.5932335325684, 184.6746147208523;
  337.9217611908855, 183.9407479867634;
  338.4836918065481, 118.2269813835521;
  275.8370551788739, 120.3840075812525]';
tag.uc=[306.669, 151.942];
tags{1}=tag;

tag.id=0;
tag.hammingDistance=0;
tag.familyName='Tag36h11';
tag.H=[25.15226069398616, 1.299335675885008, 235.1137575901836;
  -2.813620192328232, -29.87507073597866, 158.090458471818;
  -0.01119747298815388, 0.001644245925110438, 0.9877622052627121];
tag.p=[209.2238367691844, 191.2926875654825;
  265.6285166167505, 189.9148818882272;
  267.3921010635674, 128.195273544008;
  211.1333240533324, 130.9499241031594]';
tag.c=[238.0266792326308;
  160.049106586105];
tag.uH=[26.91093292204938, 0.5076956242692819, 226.3718709628134;
  -2.048020616043341, -31.09278191760238, 152.032567115075;
  -0.009747295113011657, 0.0004520554694514833, 0.9886056337720334]';
tag.up=[199.3491614500996, 185.553321623056;
  258.3582135583962, 185.0719292012804;
  259.1292639766206, 121.3938117006405;
  200.2120859772799, 123.1331613128306]';
tag.uc=[229.019, 153.808];
tags{2}=tag;

tag.id=25;
tag.hammingDistance=0;
tag.familyName='Tag36h11';
tag.H=[24.64190136825761, 1.819691855282524, 308.414504004352;
  -4.198333625307614, -30.8833039860041, 236.8681361013592;
  -0.0175906050339775, 0.00333285938635975, 0.9931148944722055];
tag.p=[279.889387056685, 269.9594597688533;
  340.711410611442, 271.0917812225465;
  342.1092624495939, 206.1449913629919;
  281.6385514284485, 207.2733875375377]';
tag.c=[310.5526920611336;
  238.5103047188147];
tag.uH=[26.25329178951006, 1.132286542131814, 303.77994141011;
  -3.406862788983822, -31.83489187555335, 234.0699711210872;
  -0.01596652046721346, 0.00226958630651368, 0.9940657730981062]';
tag.up=[274.247834291686, 267.2269918416999;
  337.0473033467551, 268.9999232234438;
  337.7789019544059, 202.7990721060281;
  275.2723793602879, 203.143006549027]';
tag.uc=[305.63, 235.488];
tags{3}=tag;

tag.id=24;
tag.hammingDistance=0;
tag.familyName='Tag36h11';
tag.H=[25.87751564400044, 1.405504587729697, 233.9491648878432;
  -2.235890393883892, -30.29467699480764, 236.8882112841865;
  -0.009227859593069937, 0.00190017577877317, 0.9923036238200342];
tag.p=[206.7423689892198, 269.5181479564388;
  263.3791331405096, 270.0301566859663;
  265.216818512391, 207.4747570933606;
  208.7607580572819, 208.1152440929015]';
tag.c=[235.7636909429172;
  238.7255327882879];
tag.uH=[27.67483971951098, 0.8339012145089152, 226.3011597364893;
  -1.375427880261654, -31.27334387456214, 233.0969525499895;
  -0.007368950912966785, 0.00112021687083451, 0.9930771094794727]';
tag.up=[197.9122178555466, 265.9111250236713;
  257.1013611592497, 267.1147156785321;
  258.1971571636752, 203.1096013643711;
  199.1451053848953, 202.8843240973719]';
tag.uc=[227.913, 234.744];
tags{4}=tag;

