% AprilTagFinder log 50
% @ Fri Mar 16 13:46:34 2018

K=[1664.010615128407, 0, 667.9657771371558;
  0, 1668.819944196452, 457.9230104705811;
  0, 0, 1];
distCoeffs=[-0.2237256636237109;
  0.2343996528647796;
  0;
  0;
  0];
tags={};

tag.id=1;
tag.hammingDistance=0;
tag.familyName='Tag36h11';
tag.H=[16.49033858979152, -16.51385724325158, 960.1116675983495;
  -6.398651741999913, -5.816717754585971, 273.2415742274932;
  0.01698018473411864, -0.0003519065837602099, 0.9992684766340241];
tag.p=[977.0974032340789, 290.4999654650544;
  976.898788707325, 268.2072476010846;
  945.0646873546337, 256.9416660714783;
  944.1624586167198, 278.860741194295]';
tag.c=[960.8145258743958;
  273.441603149427];
tag.uH=[16.19244288692993, -16.40111848626317, 963.0268747713557;
  -6.71862565764298, -5.642550853503849, 271.527905218462;
  0.01652279968630881, 0.0001020741132443743, 0.9994051211743643]';
tag.up=[980.1205702306321, 288.8626440737955;
  980.1061528804564, 266.2376052575447;
  947.6351983137195, 255.0772605133901;
  946.5359206592148, 277.321991716591]';
tag.uc=[963.591, 271.692];
tags{1}=tag;

tag.id=2;
tag.hammingDistance=0;
tag.familyName='Tag36h11';
tag.H=[-14.59547567294509, -6.396266034320236, 502.8666475713753;
  7.145461418972429, 9.107588291611044, 331.0223832832228;
  0.002399102959150061, -0.01201199618632338, 0.9991969320487093];
tag.p=[519.2835915682912, 312.0204875944366;
  488.0263600022563, 324.6425109940197;
  486.9469261427856, 350.9307136838681;
  518.9614230165485, 338.128859118732]';
tag.c=[503.2708082282837;
  331.2884304043139];
tag.uH=[-14.7857308622297, -6.237705389569038, 502.3692989106283;
  7.076202570340057, 9.266203042239635, 330.6328005147377;
  0.002232395392316055, -0.01179011839154514, 0.9993522557255757]';
tag.up=[518.7669814313117, 311.5135356550345;
  487.3040990360093, 324.1075348122216;
  486.305284509587, 350.551467480101;
  518.5246199672415, 337.7776851486259]';
tag.uc=[502.701, 330.85];
tags{2}=tag;

tag.id=16;
tag.hammingDistance=0;
tag.familyName='Tag36h11';
tag.H=[2.890776526845102, -14.51378304008049, 494.2297652215807;
  -8.208226265585107, 12.19972664298935, 446.5852611390465;
  0.01595454778289239, 0.00352727509108114, 0.9991357390116312];
tag.p=[516.3586480919404, 451.7858332119916;
  505.785916318677, 421.3057449706489;
  473.7860181940827, 442.3414423391342;
  483.2483169350881, 473.2838827150139]';
tag.c=[494.6572782097501;
  446.9715612223213];
tag.uH=[2.787185284453849, -14.85356357567802, 493.8865029817442;
  -8.301186306032882, 12.02396286739577, 446.6333546731895;
  0.01584267259045266, 0.003081489880534962, 0.9993053587887435]';
tag.up=[516.0775427601436, 451.7744538444089;
  505.4251918748295, 421.2242999461803;
  473.1938645700508, 442.2939261505914;
  482.738066824998, 473.3263144740108]';
tag.uc=[494.237, 446.945];
tags{3}=tag;

tag.id=0;
tag.hammingDistance=0;
tag.familyName='Tag36h11';
tag.H=[6.313120857240123, -30.4045551037689, 911.8995929320411;
  -20.73480454943522, -9.75228314573665, 639.5109604835259;
  0.003646963721105877, -0.009969439745737926, 0.9994727692733417];
tag.p=[930.5979835898669, 666.1376172843272;
  936.3610770088945, 620.4078140325937;
  893.9313261252624, 613.2242792741532;
  887.737755038051, 659.8258168724977]';
tag.c=[912.3806280335482;
  639.8483081719945];
tag.uH=[6.831670174261457, -29.92749008166784, 913.8092939237312;
  -20.56665623373432, -9.34055696548652, 640.9260909549113;
  0.004326651838802689, -0.009008137389053511, 0.9995743243198058]';
tag.up=[932.9349697863436, 667.9903781037289;
  938.460483266173, 621.6787811973458;
  895.2860942507782, 614.1553823107419;
  889.2939537182982, 661.2554844937382]';
tag.uc=[914.184, 641.191];
tags{4}=tag;

tag.id=3;
tag.hammingDistance=0;
tag.familyName='Tag36h11';
tag.H=[0.1810712782086359, -14.6741854390064, 559.5425664554215;
  -27.20876285860181, -2.291920665533292, 764.3858500542455;
  -0.009544858561064976, 0.008255573599252152, 0.9993981913797844];
tag.p=[573.6413157830557, 793.3411303204693;
  585.1661923407179, 753.3320048012104;
  546.0821447337901, 736.2775362535111;
  535.4778281576517, 775.9572948499936]';
tag.c=[559.8795067688771;
  764.8461410550711];
tag.uH=[0.9795264023042876, -14.74033269732984, 558.6960013988296;
  -26.85760761538365, -2.2370792744086, 767.0562678416048;
  -0.008417261645584494, 0.008429426165835153, 0.9995134348478231]';
tag.up=[572.7384285748806, 796.5518004420373;
  584.5487772780402, 755.5347931750723;
  545.1898127202689, 738.3154198443331;
  534.2367485556837, 778.9364779840828]';
tag.uc=[558.974, 767.416];
tags{5}=tag;

tag.id=6;
tag.hammingDistance=0;
tag.familyName='Tag36h11';
tag.H=[21.97848866293774, 32.42039819534931, 1089.080909932512;
  35.06858707405122, 17.34436179994791, 776.292624790695;
  0.02493128770004479, 0.02010254096110096, 0.9993542968364578];
tag.p=[1084.208143468374, 758.5289219467066;
  1074.145801705232, 790.7092786965363;
  1094.880120593082, 793.4842932744506;
  1105.575235706226, 762.7440033513603]';
tag.c=[1089.784587288103;
  776.7942032651645];
tag.uH=[21.85275538918617, 32.42264126953519, 1098.255828163284;
  35.41377804917245, 17.24208512735935, 783.2216745780988;
  0.02456183607257988, 0.01946112369496563, 0.9994958759366996]';
tag.up=[1092.631126265746, 764.6119125934035;
  1082.714332931505, 797.7295390700027;
  1104.465202127124, 801.0183157420629;
  1115.080741997673, 769.3651533490493]';
tag.uc=[1098.8, 783.61];
tags{6}=tag;

tag.id=11;
tag.hammingDistance=0;
tag.familyName='Tag36h11';
tag.H=[-4.696884444449426, 2.489569896966616, 470.2017556704477;
  -0.6229837123811879, 25.34631405302061, 871.1515030197694;
  0.01327865176298228, 0.01956286416143638, 0.9994625851407919];
tag.p=[488.7220910681227, 875.6566555758174;
  466.1955133503019, 850.9873235768042;
  453.3493964036879, 867.8400409685252;
  474.6604326057874, 891.9946879076829]';
tag.c=[470.454584954985;
  871.6199245187877];
tag.uH=[-4.624447279300657, 1.821619333730474, 467.0306544149709;
  -0.5127273612042964, 25.23652036727443, 877.9856652779226;
  0.01373028828021986, 0.01880133617715107, 0.9995663633958226]';
tag.up=[485.8494826154313, 882.3513694941685;
  463.1322068315371, 856.9548851492273;
  449.7903078442696, 874.6378958599829;
  471.2893806603581, 899.56446398515]';
tag.uc=[467.237, 878.359];
tags{7}=tag;

tag.id=10;
tag.hammingDistance=0;
tag.familyName='Tag36h11';
tag.H=[6.169431525295236, 18.97747619376938, 588.35151885851;
  30.65991535402675, 9.822310399948995, 951.0929005087435;
  0.01834427208169189, 0.001765367328828234, 0.9995160724494339];
tag.p=[575.0468775173628, 929.7577022537154;
  566.4268470007888, 956.5350949169357;
  601.6898352420509, 972.4893308682201;
  611.5951082974617, 946.4036218455753]';
tag.c=[588.6363762182274;
  951.5533834068084];
tag.uH=[5.367712935725761, 19.06707309598701, 586.8860513614281;
  30.58811974954392, 9.812948883111199, 960.6669630655773;
  0.01731290029989783, 0.001382644286036053, 0.9996148920674894]';
tag.up=[573.3903803334526, 938.1692615964112;
  564.4131879832012, 966.4232700117016;
  600.3270395210443, 983.0700749445832;
  610.5470929213689, 955.4852098803046]';
tag.uc=[587.114, 961.023];
tags{8}=tag;

tag.id=4;
tag.hammingDistance=0;
tag.familyName='Tag36h11';
tag.H=[-13.49659403881814, -20.02240149776646, 718.1187411295766;
  -30.38057593143238, -1.720444318608246, 1014.320600069839;
  -0.01722317661327038, -0.001387445040903917, 0.9996342163501669];
tag.p=[738.1699455892127, 1027.671912750141;
  736.5782320270521, 1001.89264743545;
  697.8422836049536, 1001.219119632057;
  700.7523315942711, 1027.091676928905]';
tag.c=[718.3815133414993;
  1014.691757724435];
tag.uH=[-12.84949294568895, -20.32659758534276, 719.364443819778;
  -30.40727233670749, -1.610005137356739, 1027.554131647102;
  -0.01618804668858957, -0.001169635637608921, 0.9997114603334978]';
tag.up=[739.9098301060133, 1041.792118364674;
  738.1414084451176, 1014.285740059983;
  698.513397996066, 1013.423151515324;
  701.5546945987055, 1041.020553836258]';
