% AprilTagFinder log 15
% @ Wed Mar  7 16:06:15 2018

K=[1664.010615128407, 0, 667.9657771371558;
  0, 1668.819944196452, 457.9230104705811;
  0, 0, 1];
distCoeffs=[-0.2237256636237109;
  0.2343996528647796;
  0;
  0;
  0];
tags={};

tag.id=1;
tag.hammingDistance=0;
tag.familyName='Tag16h5';
tag.H=[11.91952382557515, -8.84367019855204, 551.1577128844604;
  -7.305561768410572, -18.12932467729307, 222.1421544582382;
  -0.01028482592346599, -0.007397089302698507, 0.9981491051185717];
tag.p=[539.5403844543338, 243.7187248130336;
  574.6439327508664, 234.0751130718028;
  565.2749752618472, 200.62605872015;
  529.8451532900154, 211.099514761297]';
tag.c=[552.1797395379996;
  222.5540786632771];
tag.uH=[12.15101337178282, -9.515583276952862, 550.6943272711151;
  -7.246797362849372, -18.60809072629757, 220.9194248961015;
  -0.01009181559398427, -0.008426897266727485, 0.9984609044063487]';
tag.up=[538.9017335560945, 242.6535012105661;
  574.2063804159451, 233.0255713399804;
  564.6485530361799, 199.0565264326466;
  528.9668664092336, 209.5300037635035]';
tag.uc=[551.546, 221.265];
tags{1}=tag;

tag.id=0;
tag.hammingDistance=0;
tag.familyName='Tag16h5';
tag.H=[13.63757958683642, -2.246060666706168, 503.284618510189;
  -6.302218296222175, -15.25509958722789, 235.335126084203;
  -0.006418134871781456, 0.004109778123922072, 0.9983876658927936];
tag.p=[491.5509689866091, 256.7137653747849;
  525.5485480010396, 247.2901711592023;
  516.7019661036161, 214.6192639863852;
  483.0939163350085, 224.3817515857949]';
tag.c=[504.0973919285492;
  235.7151777048026];
tag.uH=[13.94367039145279, -2.858865657110838, 502.4279397910744;
  -6.195588741041303, -15.7338378064038, 234.0500243437389;
  -0.006124476787013325, 0.003175227142763693, 0.9986667934172476]';
tag.up=[490.5443486052374, 255.5656682895277;
  524.8145737163691, 246.204634749742;
  515.7152271258652, 213.0321210442076;
  481.7910086645089, 222.73584021638]';
tag.uc=[503.103, 234.367];
tags{2}=tag;

tag.id=6;
tag.hammingDistance=0;
tag.familyName='Tag16h5';
tag.H=[11.09032956674237, -6.051363602104884, 564.7690663300492;
  -7.84729939310163, -17.77978209479389, 268.3207299487681;
  -0.01199943466403001, -0.002524520898557487, 0.998572382657455];
tag.p=[552.4944462328513, 290.1479359338271;
  588.3249910150623, 281.3203161485877;
  579.0447061400101, 246.6277489791422;
  543.2556340406514, 256.3255198084166]';
tag.c=[565.5764931401919;
  268.7043369201724];
tag.uH=[11.28922098543779, -6.597522613782183, 564.5357227021082;
  -7.777803817727105, -18.1799874849446, 267.6872862005758;
  -0.01181011902139305, -0.003353027159910234, 0.9988333495883162]';
tag.up=[552.1112100517074, 289.5911095912791;
  588.0859154321553, 280.7901682916433;
  578.6718229803562, 245.7416997689681;
  542.6963453941787, 255.4214138160315]';
tag.uc=[565.198, 268.004];
tags{3}=tag;

tag.id=5;
tag.hammingDistance=0;
tag.familyName='Tag16h5';
tag.H=[13.31741632741731, -0.1002086870795243, 515.7591095024125;
  -6.526300258754703, -14.56351681663617, 280.5270239700972;
  -0.007427284921494055, 0.008081531801518729, 0.9986883997867274];
tag.p=[503.5317683252196, 302.2109415464899;
  538.2299873110934, 293.5010505698005;
  529.3242702161458, 259.6078609874638;
  495.3094687211569, 268.6753650832948]';
tag.c=[516.4364676835679;
  280.8954464976308];
tag.uH=[13.60619138648734, -0.6050680241035067, 515.2242172297579;
  -6.402810655251215, -14.96261753911173, 279.8244393743557;
  -0.007115784244255212, 0.007319928556832305, 0.9989334249479483]';
tag.up=[502.8572769483255, 301.5722266691573;
  537.774665850555, 292.9239943309092;
  528.6764802053907, 258.6812512320623;
  494.4056325149673, 267.6846751084747]';
tag.uc=[515.779, 280.127];
tags{4}=tag;

