% AprilTagFinder log 28
% @ Wed Mar  7 16:07:33 2018

K=[1664.010615128407, 0, 667.9657771371558;
  0, 1668.819944196452, 457.9230104705811;
  0, 0, 1];
distCoeffs=[-0.2237256636237109;
  0.2343996528647796;
  0;
  0;
  0];
tags={};

tag.id=27;
tag.hammingDistance=0;
tag.familyName='Tag16h5';
tag.H=[-22.8149848162912, -53.24286345914989, 383.8776316094925;
  -2.35244629236681, 3.903767959076061, 109.3486447357781;
  0.009157961657643779, -0.1247159332548068, 0.9843099913282696];
tag.p=[418.1733584289478, 98.00933084944958;
  370.5164377258433, 92.1963120314021;
  354.3241066988562, 127.6543408058065;
  415.61000815494, 135.93597387792]';
tag.c=[389.9966829468751;
  111.0916740652185];
tag.uH=[-24.02157294537903, -52.22189937025097, 380.5036461315875;
  -2.996379920173727, 5.235482416359837, 104.323237565842;
  0.008268868154208601, -0.1237507849423659, 0.98653336148606]';
tag.up=[414.4396372897941, 92.6295946636136;
  365.4002428165896, 85.90573133475021;
  349.2696962829819, 122.3319823269163;
  412.3032880884455, 131.7168470501632]';
tag.uc=[385.724, 105.76];
tags{1}=tag;

