% AprilTagFinder log 66
% @ Fri Mar 16 13:46:42 2018

K=[1664.010615128407, 0, 667.9657771371558;
  0, 1668.819944196452, 457.9230104705811;
  0, 0, 1];
distCoeffs=[-0.2237256636237109;
  0.2343996528647796;
  0;
  0;
  0];
tags={};

tag.id=1;
tag.hammingDistance=0;
tag.familyName='Tag36h11';
tag.H=[16.43385784687872, -18.89079266460809, 960.1411755078676;
  -6.43036472678975, -6.487865055227665, 273.2346724230269;
  0.01692378855602862, -0.002826109817166748, 0.9992644869174589];
tag.p=[977.091495911514, 290.4613714443867;
  976.8908470663217, 268.1926542906589;
  945.056242621687, 256.8839171851371;
  944.1579898986762, 278.890355783858]';
tag.c=[960.8478917025468;
  273.4357880223523];
tag.uH=[16.13515844076645, -18.78514191666426, 963.0587730981105;
  -6.750710489206986, -6.309341587690692, 271.521092456912;
  0.01646563338576073, -0.002372260634602778, 0.9994027764224034]';
tag.up=[980.1148253336987, 288.8235533347757;
  980.0981430647316, 266.2228516705857;
  947.6270712113043, 255.0186886297439;
  946.5311334638197, 277.3520423456466]';
tag.uc=[963.626, 271.686];
tags{1}=tag;

tag.id=2;
tag.hammingDistance=0;
tag.familyName='Tag36h11';
tag.H=[-14.10752655329089, -6.507511805565182, 502.8473292454231;
  7.455144585921976, 9.056571129561368, 331.0323616811183;
  0.003377710464593751, -0.0121886763868817, 0.9991917961623913];
tag.p=[519.3064813847253, 312.0235953671058;
  488.0446620561323, 324.6398409511296;
  486.9160187295395, 350.9196329177179;
  518.9448535604072, 338.1712032609915]';
tag.c=[503.2540611089035;
  331.3001197092676];
tag.uH=[-14.2984616373157, -6.349455433759004, 502.3504763978609;
  7.385352179954543, 9.214955565840418, 330.6431813121355;
  0.003210978934653047, -0.0119676884435808, 0.9993482977850847]';
tag.up=[518.7900421842453, 311.5167439327224;
  487.3225587395765, 324.1049164165205;
  486.2740719271096, 350.5402318255905;
  518.5080632535828, 337.8202026943704]';
tag.uc=[502.684, 330.862];
tags{2}=tag;

tag.id=16;
tag.hammingDistance=0;
tag.familyName='Tag36h11';
tag.H=[3.085862021086885, -14.0134033197915, 494.2138602613978;
  -8.05135059238207, 12.66798196513931, 446.5832885325337;
  0.01633946080855938, 0.004526632133891825, 0.999124582958464];
tag.p=[516.3680220672902, 451.789237374819;
  505.7811885468449, 421.2565002288767;
  473.8144478976012, 442.3569063577614;
  483.2461406950655, 473.308070184012]';
tag.c=[494.646882571944;
  446.9745776949812];
tag.uH=[2.982524732573606, -14.35312060432951, 493.871796874432;
  -8.144047287429602, 12.49271607119735, 446.6325475313655;
  0.01622838969018127, 0.004081811804752888, 0.9992968077690089]';
tag.up=[516.0869692087758, 451.7778657389973;
  505.4203870029234, 421.1749306197024;
  473.2225596748125, 442.3094516545917;
  482.7358617675411, 473.3505706561961]';
tag.uc=[494.226, 446.948];
tags{3}=tag;

tag.id=0;
tag.hammingDistance=0;
tag.familyName='Tag36h11';
tag.H=[5.61127100816748, -30.4690374688557, 911.8912202413197;
  -21.21299045140635, -9.787019047132583, 639.53292056008;
  0.002885331117604037, -0.0100331422981271, 0.9994748347818814];
tag.p=[930.5860447898107, 666.1214435698897;
  936.3668458121664, 620.4179186783047;
  893.8922680563562, 613.2382738636405;
  887.7454406674777, 659.8293999776431]';
tag.c=[912.3703654232821;
  639.8689574807026];
tag.uH=[6.128203820515301, -29.99210781676858, 913.8009407328467;
  -21.04593339179508, -9.375309534625856, 640.9482808834098;
  0.003564820573074675, -0.009071789141931113, 0.9995764460075648]';
tag.up=[932.9226597815771, 667.973850409584;
  938.4664307759192, 621.6890457555684;
  895.246564380133, 614.1692974429643;
  889.3017768909513, 661.259169332519]';
tag.uc=[914.174, 641.212];
tags{4}=tag;

tag.id=3;
tag.hammingDistance=0;
tag.familyName='Tag36h11';
tag.H=[0.1262810037192228, -14.28617198145531, 559.5181814179155;
  -27.27174294847045, -1.768098553593824, 764.3562576193693;
  -0.009625251583812883, 0.008940585308368392, 0.9993916979681252];
tag.p=[573.6342672487474, 793.3355166548072;
  585.150389258192, 753.2964234996698;
  546.0643343182102, 736.2683878084223;
  535.4896542983449, 775.926180577501]';
tag.c=[559.8587446298367;
  764.8215000918967];
tag.uH=[0.9245689733484725, -14.35263578183639, 558.6722417469196;
  -26.92096698232325, -1.711138620950598, 767.0271697041065;
  -0.008497907450383153, 0.00911492374647707, 0.9995082162811356]';
tag.up=[572.7313302289243, 796.5460702556521;
  584.5329750232839, 755.4985233085131;
  545.171878811281, 738.30618866696;
  534.2489200109942, 778.9045092618177]';
tag.uc=[558.954, 767.391];
tags{5}=tag;

tag.id=11;
tag.hammingDistance=0;
tag.familyName='Tag36h11';
tag.H=[-5.579566866272618, 2.560299522276637, 470.2396128322297;
  -2.214433930738273, 25.44981229687824, 871.1881532820034;
  0.01143817383386011, 0.01970742207898658, 0.9994823777359849];
tag.p=[488.7337639753769, 875.679609442676;
  466.1961516601785, 851.0015474549526;
  453.3355948355336, 867.8432514125631;
  474.6997840415743, 891.9384264297554]';
tag.c=[470.4831453831238;
  871.6393332070627];
tag.uH=[-5.503117972894121, 1.893118380109784, 467.0673624720395;
  -2.118496540412476, 25.34164882926133, 878.020113044174;
  0.01188676796998489, 0.01894778144610592, 0.9995829510270227]';
tag.up=[485.8611440007242, 882.3751541145256;
  463.1326907098404, 856.9696447125108;
  449.7761414753863, 874.641419141661;
  471.3303262532344, 899.5051824851778]';
tag.uc=[467.266, 878.379];
tags{6}=tag;

tag.id=10;
tag.hammingDistance=0;
tag.familyName='Tag36h11';
tag.H=[6.824939640466372, 18.50064248915425, 588.3101577419636;
  31.7369048978047, 9.013207428791771, 951.0746821360921;
  0.01946956948474446, 0.0009387419589752204, 0.9994956474225413];
tag.p=[575.0095572929777, 929.7685061970677;
  566.423829913219, 956.5550637124136;
  601.6603176574686, 972.4688151668852;
  611.6283157369381, 946.365217016417]';
tag.c=[588.6070232112306;
  951.5546011517758];
tag.uH=[6.021228593306258, 18.59343261020231, 586.8469206614711;
  31.67606920428107, 8.997228016269309, 960.6533622565055;
  0.01843805750209036, 0.0005585915689006839, 0.9995992145551812]';
tag.up=[573.3522782318572, 938.180849787011;
  564.4099613559813, 966.4443699657202;
  600.2969962461066, 983.0485067665468;
  610.5810865197404, 955.4446277121449]';
tag.uc=[587.085, 961.025];
tags{7}=tag;

tag.id=4;
tag.hammingDistance=0;
tag.familyName='Tag36h11';
tag.H=[-14.14736852955241, -20.37139375748452, 718.1070113730158;
  -31.30748415049395, -2.228131618469049, 1014.324503778511;
  -0.01814091930271444, -0.001875396054280275, 0.9996172420674869];
tag.p=[738.1335855217724, 1027.683045460264;
  736.5940616556063, 1001.925488501416;
  697.8231955960613, 1001.212699239725;
  700.7530892835857, 1027.090813954361]';
tag.c=[718.3819777735831;
  1014.712893187602];
tag.uH=[-13.50159612573086, -20.67572472187417, 719.3558366427941;
  -31.34664105468307, -2.124114143641126, 1027.563573099746;
  -0.01710641486228686, -0.001656791718118286, 0.9996987224369357]';
tag.up=[739.8726051714721, 1041.803821344122;
  738.1577805005171, 1014.320770308967;
  698.4938642160405, 1013.416277600569;
  701.5554687320105, 1041.019633315364]';
tag.uc=[719.572, 1027.86];
tags{8}=tag;

tag.id=8;
tag.hammingDistance=0;
tag.familyName='Tag36h11';
tag.H=[-6.456315907642479, 1.398956997399142, 588.4281972628764;
  2.73545980855456, 19.2564505244865, 1060.776430381855;
  0.009893222989349767, 0.01354680935798588, 0.9997006340642363];
tag.p=[607.9171433625268, 1064.044291270133;
  582.8770093752262, 1048.399713730245;
  570.1765724928817, 1058.279058061932;
  594.2900902043011, 1073.696008009029]';
tag.c=[588.6044053714851;
  1061.094085805785];
tag.uH=[-6.636149999807074, 0.9531376539227865, 586.2771020374394;
  2.65002339204188, 19.52846565416844, 1077.434561524232;
  0.01013478750407422, 0.01320868402957633, 0.9997536562089168]';
tag.up=[606.2614528294272, 1080.756566028897;
  580.6162729936029, 1064.088178855219;
  567.4865236874866, 1074.79404122914;
  592.1926069211116, 1091.226534324359]';
