% AprilTagFinder log 62
% @ Wed Mar  7 16:05:43 2018

K=[1664.010615128407, 0, 667.9657771371558;
  0, 1668.819944196452, 457.9230104705811;
  0, 0, 1];
distCoeffs=[-0.2237256636237109;
  0.2343996528647796;
  0;
  0;
  0];
tags={};

tag.id=0;
tag.hammingDistance=0;
tag.familyName='Tag36h11';
tag.H=[24.99510047063337, 3.024500682650719, 537.528633321609;
  -1.213060169471444, -27.352658515187, 64.27447758132246;
  -0.008958291904424901, 0.003032862905768608, 0.9597369252140464];
tag.p=[527.6264834655628, 96.14146793748918;
  590.3473806811908, 95.39908143141677;
  592.9350156911727, 37.43796236295336;
  530.5579247239266, 39.24439359070042]';
tag.c=[560.0791416895063;
  66.9709332763117];
tag.uH=[25.59684912275056, 1.173433136872056, 536.1454346538079;
  -0.9813030805784799, -28.53907354011471, 59.44115519010742;
  -0.008685493197801266, 6.51261693764863e-06, 0.9596748261508042]';
tag.up=[525.968777444137, 91.86805722116287;
  589.5088246438787, 91.48252758276402;
  591.8686358037852, 31.46178952920241;
  528.4836971090233, 32.92426898610273]';
tag.uc=[558.691, 61.942];
tags{1}=tag;

tag.id=24;
tag.hammingDistance=0;
tag.familyName='Tag36h11';
tag.H=[25.23138312338016, 0.9131870412929867, 550.3843974893729;
  -1.189412928274161, -28.62641484613161, 138.6040144913941;
  -0.01019681439918032, -0.0007353773639305018, 0.9889725742103321];
tag.p=[524.2897575493938, 168.4358830931635;
  586.723899055305, 169.5141689640356;
  589.4735820738543, 111.2307719286417;
  526.89130726927, 111.341371909849]';
tag.c=[556.5213958828332;
  140.1495027322327];
tag.uH=[25.85286432115265, -0.5544968641662731, 550.1449234899181;
  -0.9282949007690691, -29.6902345026676, 135.9689251209078;
  -0.009789457725525457, -0.003126862159051739, 0.9903466245728404]';
tag.up=[523.1021624876249, 166.0430447899763;
  586.1456215350084, 167.4612825262063;
  588.6923951223283, 107.7803466637362;
  525.3385617154264, 107.5266980087316]';
tag.uc=[555.523, 137.304];
tags{2}=tag;

