% AprilTagFinder log 42
% @ Fri Mar 16 13:46:31 2018

K=[1664.010615128407, 0, 667.9657771371558;
  0, 1668.819944196452, 457.9230104705811;
  0, 0, 1];
distCoeffs=[-0.2237256636237109;
  0.2343996528647796;
  0;
  0;
  0];
tags={};

tag.id=1;
tag.hammingDistance=0;
tag.familyName='Tag36h11';
tag.H=[15.69118574237022, -15.65757900420704, 960.1320283660784;
  -6.623470162000145, -5.593205713153098, 273.2485038691659;
  0.01612738842643982, 0.0005490914797160216, 0.9992821837536939];
tag.p=[977.0942890607166, 290.518545360095;
  976.9626583827303, 268.2321802820071;
  945.0833675116056, 256.931543901286;
  944.1695576036227, 278.822491195294]';
tag.c=[960.8217218077958;
  273.4447869797276];
tag.uH=[15.39059625780779, -15.54219559880443, 963.0441651994213;
  -6.942167845160419, -5.420816062270286, 271.53387680797;
  0.01566925520853208, 0.001003205271492031, 0.9994154558056946]';
tag.up=[980.1172314325873, 288.8815108216958;
  980.1714026411088, 266.2623566391888;
  947.6543615945645, 255.0668197220065;
  946.5434582455506, 277.283168174591]';
tag.uc=[963.599, 271.695];
tags{1}=tag;

tag.id=2;
tag.hammingDistance=0;
tag.familyName='Tag36h11';
tag.H=[-13.60336456880077, -6.787611416228537, 502.824944447761;
  7.802002366290729, 8.839612019413556, 331.0261500960177;
  0.004370209399841837, -0.01279390283043276, 0.9991809946444211];
tag.p=[519.2670564409275, 312.0117834216634;
  488.032251978305, 324.6815852320317;
  486.9345579100713, 350.9111303603572;
  518.9734583253348, 338.1446548381223]';
tag.c=[503.2370983264163;
  331.2974845101213];
tag.uH=[-13.79458652767771, -6.628799459288679, 502.329169925492;
  7.732069331455707, 8.998456285971885, 330.6377058907033;
  0.004203932941078005, -0.0125723745352534, 0.9993399031656611]';
tag.up=[518.7503005681625, 311.5047146108032;
  487.31019332311, 324.1468981900306;
  486.2927476330217, 350.5317409671112;
  518.5367780893564, 337.7935975418818]';
tag.uc=[502.667, 330.859];
tags{2}=tag;

tag.id=16;
tag.hammingDistance=0;
tag.familyName='Tag36h11';
tag.H=[3.140120232729242, -14.15736286141882, 494.2093094332809;
  -8.003214357080518, 12.51008664897318, 446.5870139398256;
  0.01645221009883666, 0.004259964041318883, 0.9991244328696065];
tag.p=[516.3738981746292, 451.8342219280965;
  505.7830086121701, 421.305929005127;
  473.7936091756374, 442.3197629219837;
  483.2265404977987, 473.2851164320319]';
tag.c=[494.6424020618251;
  446.9783735116691];
tag.uH=[3.036423396959867, -14.49763646229391, 493.8672061311329;
  -8.096190625792719, 12.33421249898874, 446.6362637787079;
  0.01634053121124238, 0.003814010397873342, 0.9992966118270877]';
tag.up=[516.0928845411155, 451.8229348287892;
  505.4222656136089, 421.2244816609576;
  473.2015140104651, 442.2721834592239;
  482.7161107792622, 473.3275615322968]';
tag.uc=[494.222, 446.952];
tags{3}=tag;

tag.id=0;
tag.hammingDistance=0;
tag.familyName='Tag36h11';
tag.H=[4.851079021226115, -30.35382701233369, 911.9007795571941;
  -21.7716797327871, -9.704696153061349, 639.5547943994843;
  0.002031948194510548, -0.009909441007432261, 0.9994778312652349];
tag.p=[930.5589647884486, 666.1315568063351;
  936.4125838475589, 620.4032888854139;
  893.9065439908723, 613.2293373988988;
  887.7605283020492, 659.8458043915376]';
tag.c=[912.3771944024238;
  639.888924389523];
tag.uH=[5.365926565193404, -29.8770549187452, 913.8105650545702;
  -21.60635821511326, -9.293064127204554, 640.9703253402165;
  0.002710591986597191, -0.008948544229067769, 0.9995792124428182]';
tag.up=[932.8951337893886, 667.9838910425389;
  938.5129430114232, 621.6745535575393;
  895.2609917016694, 614.1603526464329;
  889.317199489217, 661.2758994855435]';
tag.uc=[914.181, 641.232];
tags{4}=tag;

tag.id=6;
tag.hammingDistance=0;
tag.familyName='Tag36h11';
tag.H=[15.86633279089058, 32.58847043649826, 1076.335308962673;
  31.29795917604063, 18.81462323503177, 748.2148279182455;
  0.02026303328865775, 0.02020115937738829, 0.9994351233034379];
tag.p=[1071.857835202669, 727.9701847095312;
  1060.146427923129, 761.0809897169153;
  1081.63366868016, 767.6968318659275;
  1093.742950667423, 736.1929013256238]';
tag.c=[1076.943649333692;
  748.6377159181351];
tag.uH=[15.64383827039501, 32.42842849895302, 1084.403345362091;
  31.54387107649564, 18.63583283288395, 753.9468622176782;
  0.01989569056277837, 0.0194106109098174, 0.99956093493569]';
tag.up=[1079.225588984727, 732.8963550800565;
  1067.573825463048, 766.822412259686;
  1090.106479668171, 774.0416681255815;
  1102.210732196833, 741.727083964952]';
tag.uc=[1084.87, 754.273];
tags{5}=tag;

tag.id=3;
tag.hammingDistance=0;
tag.familyName='Tag36h11';
tag.H=[0.2919374180686951, -14.76542150423887, 559.5417581606849;
  -27.05873276434569, -2.416649772616444, 764.373484755154;
  -0.009350462613686853, 0.008097370086903964, 0.9994012095475041];
tag.p=[573.6399084648527, 793.3297899649484;
  585.1592658381097, 753.3263994047541;
  546.0795494975615, 736.261572492588;
  535.4623711250267, 775.9416933731803]';
tag.c=[559.8770071671487;
  764.8314585302905];
tag.uH=[1.090210056869261, -14.83137077739837, 558.6948147478569;
  -26.70703455795698, -2.362211106428682, 767.043003698417;
  -0.008222882586517412, 0.008271293996322674, 0.9995156943220928]';
tag.up=[572.7370611579925, 796.5401617519416;
  584.5418130512945, 755.5290963046795;
  545.1872768991947, 738.2991601410911;
  534.2212060730803, 778.9205879311708]';
tag.uc=[558.972, 767.401];
tags{6}=tag;

tag.id=11;
tag.hammingDistance=0;
tag.familyName='Tag36h11';
tag.H=[-4.684631925221598, 2.124090172139832, 470.2126570655041;
  -0.6089976527226065, 24.66382207234957, 871.1594650268123;
  0.01330452061677835, 0.0187893626782432, 0.999477042604742];
tag.p=[488.7134888268417, 875.6661023659331;
  466.2047999117742, 850.9992783036041;
  453.3397593621822, 867.816518447929;
  474.6661405186584, 892.0062526049235]';
tag.c=[470.4586869149896;
  871.6152826847122];
tag.uH=[-4.611979717325583, 1.458855138479133, 467.0400778638104;
  -0.4985943325422546, 24.54872063547854, 877.9905176285747;
  0.01375647945057825, 0.01802813076030729, 0.9995774419392073]';
tag.up=[485.8405966337932, 882.3613076473769;
  463.1415498081363, 856.9671861455256;
  449.7807502702895, 874.6135262698263;
  471.2950773972144, 899.5764789891767]';
tag.uc=[467.241, 878.354];
tags{7}=tag;

tag.id=10;
tag.hammingDistance=0;
tag.familyName='Tag36h11';
tag.H=[6.793284431563679, 18.91866726032895, 588.3369769070932;
  31.68093594217484, 9.75699903835015, 951.0690407112172;
  0.01941671145836357, 0.001675529120268528, 0.9994959706091374];
tag.p=[575.0438269462226, 929.7093600637961;
  566.4476493105615, 956.5055452369172;
  601.6617886310389, 972.4852441090358;
  611.6215239380969, 946.4126021159518]';
tag.c=[588.6336655749942;
  951.5486491972483];
tag.uH=[5.989799162887993, 19.00717448119898, 586.8743705963502;
  31.61947219841178, 9.746191487169066, 960.6473585982726;
  0.01838540262729619, 0.001290970044499718, 0.9995996680392929]';
tag.up=[573.387581019997, 938.1185057818641;
  564.4346486329655, 966.3919271256427;
  600.2984184069157, 983.0658870478276;
  610.5739760397267, 955.4945619618998]';
tag.uc=[587.112, 961.018];
tags{8}=tag;

tag.id=4;
tag.hammingDistance=0;
tag.familyName='Tag36h11';
tag.H=[-14.69787784918251, -21.07128311107316, 718.1106511593589;
  -32.04623121080819, -3.214763774247683, 1014.304136866535;
  -0.01886600303661112, -0.002851960361579857, 0.999601480860885];
tag.p=[738.1430132924988, 1027.656075433877;
  736.5731080883882, 1001.916689021159;
  697.7737920867803, 1001.185851277863;
  700.7939809934369, 1027.096947741963]';
tag.c=[718.3969460918582;
  1014.708517631434];
tag.uH=[-14.05349574288199, -21.37610725165257, 719.3626047536156;
  -32.09498281992104, -3.122319782105157, 1027.546804763736;
  -0.01783121472264833, -0.002632401571846134, 0.9996868899604152]';
tag.up=[739.8821254478178, 1041.775036978209;
  738.1362897492963, 1014.311296567759;
  698.4432838489123, 1013.387602961348;
  701.5973829693987, 1041.026295441633]';
