% AprilTagFinder log 85
% @ Fri Mar 16 13:46:58 2018

K=[1664.010615128407, 0, 667.9657771371558;
  0, 1668.819944196452, 457.9230104705811;
  0, 0, 1];
distCoeffs=[-0.2237256636237109;
  0.2343996528647796;
  0;
  0;
  0];
tags={};

tag.id=1;
tag.hammingDistance=0;
tag.familyName='Tag36h11';
tag.H=[20.60131008531413, -14.967972517069, 960.0074710821001;
  -5.231572318717169, -5.384453690486739, 273.1529848944339;
  0.02121916925299457, 0.001242896176365813, 0.9991871238140242];
tag.p=[977.1164621211076, 290.531105419721;
  976.8568580090987, 268.1668779510993;
  945.178461273465, 256.9736869068142;
  944.0644859925399, 278.7960359273812]';
tag.c=[960.7884731516851;
  273.3752050884866];
tag.uH=[20.31470751394279, -14.84951804523902, 962.9389950369417;
  -5.559718866393993, -5.213009750198134, 271.4433806102205;
  0.02076046026044757, 0.001698162510893453, 0.9993410207149768]';
tag.up=[980.1398494462062, 288.8940701853299;
  980.0635323411527, 266.1969728383249;
  947.7511097862869, 255.1087939635869;
  946.4364376684593, 277.2571640897274]';
tag.uc=[963.565, 271.625];
tags{1}=tag;

tag.id=2;
tag.hammingDistance=0;
tag.familyName='Tag36h11';
tag.H=[-14.04961496296274, -5.865867450565025, 502.8569903870463;
  7.538015398863595, 9.457656075256681, 331.0540059638456;
  0.003499309447275272, -0.01095759904408407, 0.9992047480229902];
tag.p=[519.3122755720143, 311.9796026605879;
  488.0062688527332, 324.6984466387313;
  486.9606580092117, 350.9462267102941;
  518.9559371285414, 338.1308729741502]';
tag.c=[503.2572066755995;
  331.3174868502812];
tag.uH=[-14.23976827582757, -5.708022258921304, 502.3587980169042;
  7.468854100312339, 9.615710413666102, 330.6640175656155;
  0.003333936979251012, -0.01073595118775307, 0.9993584602501355]';
tag.up=[518.7957255572593, 311.4724698405472;
  487.2840359701548, 324.1637754691787;
  486.3191844480306, 350.5671060601543;
  518.5191042369403, 337.7796938452374]';
tag.uc=[502.688, 330.88];
tags{2}=tag;

tag.id=16;
tag.hammingDistance=0;
tag.familyName='Tag36h11';
tag.H=[3.380744361025946, -14.69141179497158, 494.232267096926;
  -7.779717857372769, 12.03306584379047, 446.5653950526358;
  0.01694064662942119, 0.003175077934883278, 0.9991203689428775];
tag.p=[516.3846131207753, 451.7977004562399;
  505.7868849950547, 421.3234634759417;
  473.8073962836732, 442.3104184701608;
  483.237216504067, 473.3098967359346]';
tag.c=[494.667391897785;
  446.9585536776973];
tag.uH=[3.276910442888644, -15.0312123749079, 493.8905764226451;
  -7.872626464966531, 11.85722685994348, 446.6148101330143;
  0.01682911093525213, 0.002729095434753842, 0.999293016861281]';
tag.up=[516.1036534799312, 451.786347034376;
  505.4261835585481, 421.2420625673395;
  473.215421723951, 442.2628168305357;
  482.7268633765413, 473.352406380905]';
tag.uc=[494.247, 446.932];
tags{3}=tag;

tag.id=0;
tag.hammingDistance=0;
tag.familyName='Tag36h11';
tag.H=[5.079524602545689, -30.07974694073238, 911.8742554026484;
  -21.60401970779013, -9.510942452438941, 639.5490154052624;
  0.002296053967945855, -0.00961334668608111, 0.9994801950119291];
tag.p=[930.5490817752452, 666.1359267766719;
  936.3686664408942, 620.389947492745;
  893.8794536805262, 613.2400756351472;
  887.7489987230658, 659.843422247311]';
tag.c=[912.3484987031333;
  639.8816290678268];
tag.uH=[5.595406025810901, -29.60246112693226, 913.7827291382762;
  -21.43784404943303, -9.098936292837219, 640.9637047675709;
  0.002975563165752654, -0.008652646772323309, 0.9995807277343747]';
tag.up=[932.8850937723701, 667.9882451147238;
  938.4680964003076, 621.6607533170909;
  895.2335798835861, 614.1710458665192;
  889.3054842875449, 661.2734049540724]';
tag.uc=[914.152, 641.224];
tags{4}=tag;

tag.id=3;
tag.hammingDistance=0;
tag.familyName='Tag36h11';
tag.H=[0.3708919528856933, -14.59163565242725, 559.5428151545759;
  -26.96750307833849, -2.163380609517542, 764.3667109594694;
  -0.009238151967771606, 0.008408365121801181, 0.999399740690071];
tag.p=[573.6318945387692, 793.3155068937247;
  585.1830469707431, 753.3080317051206;
  546.1030239852095, 736.2887541741521;
  535.4528207381235, 775.9438937921685]';
tag.c=[559.8788876693321;
  764.8258047692561];
tag.uH=[1.169320802399093, -14.65889297703276, 558.6960307904036;
  -26.61530808768617, -2.109089583934705, 767.0362084819817;
  -0.008110362128054513, 0.008580590816369946, 0.9995143847609933]';
tag.up=[572.7290291390819, 796.5255335776087;
  584.5658670600218, 755.510250702579;
  545.2108341276709, 738.3267443458401;
  534.2115258838477, 778.922905782744]';
tag.uc=[558.974, 767.395];
tags{5}=tag;

tag.id=11;
tag.hammingDistance=0;
tag.familyName='Tag36h11';
tag.H=[-5.191531842329948, 2.521289886290659, 470.2217818993502;
  -1.513811816904326, 25.40944197142353, 871.1738351320369;
  0.01224634868097729, 0.01965064174517822, 0.9994738360386396];
tag.p=[488.7384666135174, 875.6701948992833;
  466.2061883121902, 850.9993954783286;
  453.3301970019126, 867.844467110403;
  474.6697637119453, 891.9620587256145]';
tag.c=[470.4693259035661;
  871.632456718314];
tag.uH=[-5.117087901880874, 1.853355366520397, 467.049979741755;
  -1.411951084615001, 25.30042075403383, 878.0068308903088;
  0.01269578655108096, 0.01888984053378104, 0.9995757921615787]';
tag.up=[485.8660488572075, 882.3652930218611;
  463.1429663703202, 856.9672913012688;
  449.7706014786095, 874.6427555444156;
  471.2993268697012, 899.5302499846514]';
tag.uc=[467.252, 878.372];
tags{6}=tag;

tag.id=6;
tag.hammingDistance=0;
tag.familyName='Tag36h11';
tag.H=[26.08138703383247, 41.55230964194775, 1097.727011657166;
  30.40329265824293, 17.14687978497457, 909.4938491640171;
  0.02286545647629305, 0.02849833591321324, 0.9992591394043149];
tag.p=[1086.716290174271, 909.3236710521946;
  1089.198356215509, 928.6693591084893;
  1109.209282480845, 910.9300707659113;
  1107.778660187725, 891.8743700683597]';
tag.c=[1098.540877305911;
  910.1681568869019];
tag.uH=[26.14604170174905, 42.71813577005739, 1110.323160476908;
  30.83345558965253, 17.6964903377256, 922.6820250634753;
  0.02240306250776958, 0.02893778491165541, 0.9994024392928823]';
tag.up=[1098.514070343524, 922.0413289319961;
  1101.612799973107, 942.5430582464959;
  1122.241148795112, 924.3093667276489;
  1120.248875045059, 904.1783904833192]';
tag.uc=[1110.98, 923.231];
tags{7}=tag;

tag.id=10;
tag.hammingDistance=0;
tag.familyName='Tag36h11';
tag.H=[6.71710681216022, 19.04872429746618, 588.3255717177142;
  31.55580138600054, 9.967753193921546, 951.0849831700276;
  0.01927588061245382, 0.001890835175899375, 0.9994981716608206];
tag.p=[575.0195777017125, 929.7068218858063;
  566.4307803963412, 956.5238318501673;
  601.6582037636917, 972.5116930696598;
  611.5967429457405, 946.4255289524534]';
tag.c=[588.6209583956721;
  951.5625042011363];
tag.uH=[5.913520720433586, 19.13645575662754, 586.8623322562177;
  31.49282097541877, 9.958464949262041, 960.6636841952915;
  0.01824389481533013, 0.00150543098812623, 0.999601382875667]';
tag.up=[573.3628850432318, 938.1159960264285;
  564.4172871390676, 966.4113526473711;
  600.2946287839732, 983.0938968322134;
  610.5486711667717, 955.5082764382003]';
tag.uc=[587.099, 961.033];
tags{8}=tag;

tag.id=4;
tag.hammingDistance=0;
tag.familyName='Tag36h11';
tag.H=[-15.2851576858897, -19.99770867372372, 718.0431045997835;
  -33.02437982275778, -1.69746580832378, 1014.299405597679;
  -0.01981246775364211, -0.001366857019079952, 0.9995864011325082];
tag.p=[738.0008476394879, 1027.680715179257;
  736.6482595168339, 1001.866909625229;
  697.8283934539954, 1001.196315557289;
  700.6956021979129, 1027.105540320323]';
tag.c=[718.3402092968225;
  1014.719092265062];
tag.uH=[-14.63932982149764, -20.30483015545967, 719.2963488321229;
  -33.08585314768401, -1.590711297847895, 1027.545998408894;
  -0.01877711007240132, -0.001153125426995046, 0.9996753536040935]';
tag.up=[739.7364751492802, 1041.800600247061;
  738.2129433928094, 1014.258719282568;
  698.4991422250855, 1013.398859965547;
  701.4966039592642, 1041.035227023314]';
