% AprilTagFinder log 27
% @ Fri Mar 16 13:46:26 2018

K=[1664.010615128407, 0, 667.9657771371558;
  0, 1668.819944196452, 457.9230104705811;
  0, 0, 1];
distCoeffs=[-0.2237256636237109;
  0.2343996528647796;
  0;
  0;
  0];
tags={};

tag.id=1;
tag.hammingDistance=0;
tag.familyName='Tag36h11';
tag.H=[18.02279247965638, -16.8169261853841, 960.086146284447;
  -5.973093486690881, -5.860971484998563, 273.1918533376329;
  0.01856621372212868, -0.0006838269735020043, 0.9992412961121642];
tag.p=[977.0943849809837, 290.4400373704015;
  976.8623737810402, 268.1218008116204;
  945.1082781544935, 256.9577257613756;
  944.1374323550893, 278.8840959842653]';
tag.c=[960.8151204518252;
  273.3992824361487];
tag.uH=[17.72768396465612, -16.70280404159273, 963.0075316236791;
  -6.296650505824449, -5.68501929260445, 271.4792828556001;
  0.01810686619384544, -0.0002273113305086983, 0.9993840979187113]';
tag.up=[980.1179555041549, 288.8018952905374;
  980.0695922072564, 266.1511286075554;
  947.6795753058213, 255.093192309481;
  946.5102028533455, 277.3458561022697]';
tag.uc=[963.592, 271.649];
tags{1}=tag;

tag.id=2;
tag.hammingDistance=0;
tag.familyName='Tag36h11';
tag.H=[-15.12163611599676, -6.236876874335361, 502.8792947627695;
  6.805006937919267, 9.248167859730106, 331.0288731111307;
  0.001366358693372333, -0.01165984676428485, 0.999201373463705];
tag.p=[519.3070591326873, 312.0131764065252;
  488.0271450887681, 324.6164390615236;
  486.9217738932056, 350.9751039864747;
  518.9382886603898, 338.1468575275428]';
tag.c=[503.2812285070744;
  331.2934528538806];
tag.uH=[-15.31120142449497, -6.078796761839508, 502.3814704497207;
  6.736264999960016, 9.406557350055941, 330.6389786433065;
  0.001199905498810287, -0.01143839595103769, 0.9993555910128173]';
tag.up=[518.7905881293175, 311.5062555921111;
  487.304792346345, 324.0812879027971;
  486.2800479492174, 350.5960179907149;
  518.5013867258624, 337.7957113499755]';
tag.uc=[502.712, 330.856];
tags{2}=tag;

tag.id=16;
tag.hammingDistance=0;
tag.familyName='Tag36h11';
tag.H=[2.339157149541768, -14.86314376498399, 494.2552278202958;
  -8.720168456944313, 11.90555825555559, 446.6034787941946;
  0.01483886234264151, 0.002805422914522167, 0.9991542312880135];
tag.p=[516.326112114415, 451.7713659334087;
  505.7988181092065, 421.2647804338963;
  473.772564934156, 442.3579118910147;
  483.2771539609916, 473.3252600488332]';
tag.c=[494.6736072799787;
  446.9815217801524];
tag.uH=[2.236179231029516, -15.20214419984281, 493.9100584721203;
  -8.812955199659251, 11.73015094204186, 446.6497858586177;
  0.0147272365991419, 0.002360320146111998, 0.9993197929146971]';
tag.up=[516.0448242069851, 451.7599547817233;
  505.4381379640828, 421.1832478220198;
  473.1802971229876, 442.3104400625107;
  482.7671221942786, 473.3677945397436]';
tag.uc=[494.253, 446.955];
tags{3}=tag;

tag.id=0;
tag.hammingDistance=0;
tag.familyName='Tag36h11';
tag.H=[5.788841213382486, -30.7566504106299, 911.9039267538416;
  -21.10368783067319, -9.993245199887246, 639.5265715116456;
  0.003069719636141119, -0.01035966861239505, 0.9994708374027722];
tag.p=[930.5802814596066, 666.1200094554825;
  936.3700336506375, 620.4126654989929;
  893.9258233074517, 613.2245093392019;
  887.7501406058095, 659.8475294324662]';
tag.c=[912.3867276843391;
  639.8651642238218];
tag.uH=[6.306036280374428, -30.28082749342786, 913.8147620977493;
  -20.93658547158584, -9.58235081610807, 640.9426020527693;
  0.003749015794010356, -0.009399052835304159, 0.9995733958913945]';
tag.up=[932.9167711865875, 667.9723448798778;
  938.4696438427617, 621.6837516592649;
  895.2805153624178, 614.15558414737;
  889.3066713775403, 661.2775753300486]';
tag.uc=[914.191, 641.208];
tags{4}=tag;

tag.id=6;
tag.hammingDistance=0;
tag.familyName='Tag36h11';
tag.H=[15.27722926469844, 31.86549135171956, 1045.780690832616;
  31.82058228768845, 18.88035370938128, 728.058745771733;
  0.02089212264171271, 0.01901574277478512, 0.9994160352320903];
tag.p=[1040.78110185151, 705.9427226188647;
  1027.864001789944, 740.0425322074997;
  1051.571517567331, 749.2944993209712;
  1064.989193367699, 716.8822947010033]';
tag.c=[1046.391746746147;
  728.4841548521471];
tag.uH=[15.03061637913128, 31.57847464148793, 1052.279236462688;
  32.01275191614926, 18.63284964972897, 732.7012259146663;
  0.02053300302153729, 0.018122745394788, 0.9995458646016558]';
tag.up=[1046.603770506173, 709.8163203707029;
  1033.713076180386, 744.6275452934271;
  1058.454723004403, 754.5227052753808;
  1071.901208256474, 721.3906696608012]';
tag.uc=[1052.75, 733.028];
tags{5}=tag;

tag.id=3;
tag.hammingDistance=0;
tag.familyName='Tag36h11';
tag.H=[0.5720965325414848, -14.54295090217649, 559.5513301650169;
  -26.67585425914861, -2.110975158059982, 764.3632826773012;
  -0.008849110728474854, 0.008489896145465557, 0.9994026469045161];
tag.p=[573.6587947867104, 793.3390366725911;
  585.1620548560816, 753.3100436883904;
  546.102860140525, 736.280755633228;
  535.4716025521751, 775.9376817567601]';
tag.c=[559.8857796686193;
  764.8201503616081];
tag.uH=[1.36998420365452, -14.60935423514674, 558.7040956733557;
  -26.32273932392292, -2.05559767703921, 767.0318886099989;
  -0.00772139168480446, 0.008663580217606453, 0.9995163404612872]';
tag.up=[572.7561092074941, 796.5495646986651;
  584.5446882121146, 755.5123855197155;
  545.2107110155389, 738.3185914646715;
  534.2305752164372, 778.9164157385982]';
tag.uc=[558.981, 767.39];
tags{6}=tag;

tag.id=11;
tag.hammingDistance=0;
tag.familyName='Tag36h11';
tag.H=[-5.11392425485831, 2.657788684424767, 470.2111762671211;
  -1.371450456836795, 25.66212112074696, 871.1705899682956;
  0.01241233085738889, 0.01994496855293947, 0.9994659144241921];
tag.p=[488.7427373716229, 875.6823237400747;
  466.2001710971387, 851.0018145319652;
  453.3286656329329, 867.843685455032;
  474.6609498099527, 891.9617209529746]';
tag.c=[470.462443472139;
  871.6361182464043];
tag.uH=[-5.040022127207004, 1.989022259418884, 467.0399975709547;
  -1.268588681355943, 25.55520366435587, 878.0052640866364;
  0.01286176738687874, 0.01918443915646761, 0.9995695697086938]';
tag.up=[485.8702740500823, 882.3778820018277;
  463.1367925306813, 856.969874237104;
  449.7690443909104, 874.6419615406201;
  471.2903149121872, 899.5300059501037]';
tag.uc=[467.245, 878.376];
tags{7}=tag;

tag.id=10;
tag.hammingDistance=0;
tag.familyName='Tag36h11';
tag.H=[6.677031497845191, 18.55853682946345, 588.3222970157188;
  31.5038130214604, 9.126253187264892, 951.0799921867593;
  0.01922203438072402, 0.001029065242229197, 0.999500080132141];
tag.p=[575.0189582996733, 929.7430419632608;
  566.4191104549907, 956.5335566737103;
  601.6740921941183, 972.5019966475116;
  611.6370661368043, 946.3932564517787]';
tag.c=[588.6165581276776;
  951.5556937834559];
tag.uH=[5.873432473017878, 18.64964528503946, 586.8586018822093;
  31.4404203546488, 9.110183215818742, 960.6577040439671;
  0.01819016248978811, 0.0006464194396057596, 0.9996025802653776]';
tag.up=[573.3620218581258, 938.1540431552355;
  564.4052976731984, 966.4217029210222;
  600.3109011740532, 983.0835568186458;
  610.5898916560524, 955.4741242208804]';
tag.uc=[587.094, 961.026];
tags{8}=tag;

tag.id=4;
tag.hammingDistance=0;
tag.familyName='Tag36h11';
tag.H=[-14.87144228695989, -20.35321618962253, 718.0804723258941;
  -32.36472338480817, -2.211445304378548, 1014.305161785502;
  -0.01917158866676024, -0.001854217025585136, 0.9995980323983261];
tag.p=[738.0830259772488, 1027.686490682875;
  736.6145696799408, 1001.904977897538;
  697.8082917271274, 1001.182096077086;
  700.745308402813, 1027.08488406904]';
tag.c=[718.3692334837939;
  1014.713043554007];
tag.uH=[-14.22613608223507, -20.6578811272066, 719.3323604493452;
  -32.41757902695606, -2.107900845237865, 1027.548765961776;
  -0.01813650541676576, -0.001636059474378425, 0.9996842090069515]';
tag.up=[739.8207771860114, 1041.807226918629;
  738.1786623651292, 1014.299051917072;
  698.4785541508667, 1013.383686875985;
  701.5474810926044, 1041.013274544516]';
