% AprilTagFinder log 14
% @ Wed Mar  7 16:06:15 2018

K=[1664.010615128407, 0, 667.9657771371558;
  0, 1668.819944196452, 457.9230104705811;
  0, 0, 1];
distCoeffs=[-0.2237256636237109;
  0.2343996528647796;
  0;
  0;
  0];
tags={};

tag.id=1;
tag.hammingDistance=0;
tag.familyName='Tag16h5';
tag.H=[13.56737402651729, -2.603228789354755, 555.6074741842663;
  -7.400078505182589, -15.65431877865976, 218.7126001111718;
  -0.008775385297271955, 0.005641336872299813, 0.9980074587199443];
tag.p=[544.0223235777456, 241.4913333126024;
  581.3170618152277, 230.7533326113481;
  569.4911669751478, 196.6664309274467;
  532.8170558850588, 207.8756748508179]';
tag.c=[556.7167553005011;
  219.1492640663178];
tag.uH=[13.81118176842635, -3.326665952092006, 555.1837579213341;
  -7.347171606200226, -16.17391973873172, 217.465757191335;
  -0.008567028081365795, 0.004555068916586699, 0.9983511388900219]';
tag.up=[543.4077044396302, 240.4180773474378;
  580.9088126959318, 229.683012981424;
  568.8811967799444, 195.0481586991033;
  531.9493577081926, 206.2702906841203]';
tag.uc=[556.102, 217.83];
tags{1}=tag;

tag.id=0;
tag.hammingDistance=0;
tag.familyName='Tag16h5';
tag.H=[12.84289597816798, -2.172280668844341, 506.7509281430061;
  -7.451740735175365, -15.1476864916172, 233.1935255486459;
  -0.009492993501558957, 0.00624016818419152, 0.9982197694529844];
tag.p=[495.3508617451873, 255.4168272913094;
  531.066887492509, 245.1834655054739;
  520.0389284307757, 211.6593918653329;
  484.9690122634614, 222.3945243088904]';
tag.c=[507.6546704947559;
  233.6094041459766];
tag.uH=[13.16624550683649, -2.832806438705187, 505.9359987232843;
  -7.340780738806174, -15.65538196518602, 231.9059044594509;
  -0.009179527665329441, 0.005243721642395867, 0.9985303863725912]';
tag.up=[494.3769146614961, 254.2742243702987;
  530.36845206762, 244.0981036383026;
  519.0688067262463, 210.0443660364577;
  483.6759139212852, 220.7302244224898]';
tag.uc=[506.685, 232.252];
tags{2}=tag;

tag.id=6;
tag.hammingDistance=0;
tag.familyName='Tag16h5';
tag.H=[13.40611545803144, -2.593508557658915, 571.6068736712965;
  -7.739254015640584, -15.94159149314734, 265.3579124320202;
  -0.009626728116288114, 0.005849703399703053, 0.9984604738927157];
tag.p=[559.542291671464, 288.3934779349971;
  597.7782673523697, 278.2957180546845;
  585.5324938341652, 242.9688230194308;
  547.9702402504491, 253.6208846751237]';
tag.c=[572.4882342540436;
  265.7670677713105];
tag.uH=[13.61159436661742, -3.181508916070377, 571.4178204202938;
  -7.675690739638433, -16.36857878399789, 264.7226293216635;
  -0.009428246035559874, 0.004971515963645122, 0.998746381917047]';
tag.up=[559.1910122189682, 287.8442220139651;
  597.5695058026167, 277.761445332121;
  585.1839390557222, 242.0599266831413;
  547.4326881524933, 252.705658665994]';
tag.uc=[572.137, 265.06];
tags{3}=tag;

tag.id=5;
tag.hammingDistance=0;
tag.familyName='Tag16h5';
tag.H=[13.29748771372702, -1.599250564277057, 521.5919105699915;
  -7.542209795781971, -15.08053038506168, 279.0210661892593;
  -0.009163423926017124, 0.00757435677498246, 0.9985769692256916];
tag.p=[509.8090265769463, 301.593730839791;
  546.4119329501621, 291.8597975388639;
  534.9013228843646, 257.1729561360474;
  499.052310949459, 267.3877687875425]';
tag.c=[522.3352096478251;
  279.4186875806034];
tag.uH=[13.5963540411241, -2.146538758713355, 521.1095947969245;
  -7.417440456773475, -15.50276060469137, 278.3345301684375;
  -0.00883712872744398, 0.006754312868197439, 0.9988429271299593]';
tag.up=[509.1833637250282, 300.9752974021688;
  546.0000355127928, 291.2970756249222;
  534.2853927290253, 256.2437221580855;
  498.1786661059925, 266.4022929983591]';
tag.uc=[521.718, 278.662];
tags{4}=tag;

