% AprilTagFinder log 20
% @ Fri Mar 16 13:46:24 2018

K=[1664.010615128407, 0, 667.9657771371558;
  0, 1668.819944196452, 457.9230104705811;
  0, 0, 1];
distCoeffs=[-0.2237256636237109;
  0.2343996528647796;
  0;
  0;
  0];
tags={};

tag.id=1;
tag.hammingDistance=0;
tag.familyName='Tag36h11';
tag.H=[16.86210022876937, -16.65747400978777, 960.1178350652445;
  -6.296283038207654, -5.837336875913786, 273.2379168903942;
  0.01737271377364422, -0.0005035337766440858, 0.9992621079136973];
tag.p=[977.117385079201, 290.4861473399308;
  976.89503494393, 268.1827592704116;
  945.0771496848389, 256.9592139152986;
  944.1732332311844, 278.888125564941]';
tag.c=[960.8268215731907;
  273.4396858706793];
tag.uH=[16.56493518882471, -16.54441070391655, 963.0347357625035;
  -6.617071286608059, -5.662360278105802, 271.5245321742424;
  0.01691504484994687, -4.860273964405731e-05, 0.9994002289462723]';
tag.up=[980.1411534210638, 288.848470960482;
  980.1025251416447, 266.2127613486959;
  947.647773971515, 255.0949727929724;
  946.5467061140064, 277.34966440096]';
tag.uc=[963.604, 271.69];
tags{1}=tag;

tag.id=2;
tag.hammingDistance=0;
tag.familyName='Tag36h11';
tag.H=[-13.16506372530183, -5.09223519278269, 502.840220068042;
  8.143293545495638, 9.949339873362604, 331.0999366206504;
  0.005242756215797735, -0.009438088774464285, 0.9992128160089738];
tag.p=[519.327573460501, 311.9441511897311;
  487.987459205444, 324.7814864216136;
  487.0094538134398, 350.9411400779149;
  518.9400279931091, 338.1362848014513]';
tag.c=[503.2363596740797;
  331.3607785207559];
tag.uH=[-13.35522512233537, -4.935202867785964, 502.3411691562075;
  8.074083128403698, 10.10666718599508, 330.7096026956544;
  0.005078988171924201, -0.009216403540186774, 0.9993648835287845]';
tag.up=[518.8110085259659, 311.4368283210293;
  487.2653688899373, 324.2473098262749;
  486.3683924513987, 350.5621428575473;
  518.5031073326131, 337.7850884773354]';
tag.uc=[502.667, 330.923];
tags{2}=tag;

tag.id=16;
tag.hammingDistance=0;
tag.familyName='Tag36h11';
tag.H=[3.246530184285133, -14.07649173155056, 494.20372999389;
  -7.90654729537417, 12.59889312571156, 446.5812359986524;
  0.0166490454181971, 0.004413383676830621, 0.9991205529411874];
tag.p=[516.3636794458986, 451.8022798385553;
  505.782971898071, 421.2915186478624;
  473.8108525216169, 442.3457259875858;
  483.2181669113193, 473.2939784414676]';
tag.c=[494.6387385777069;
  446.9743262552423];
tag.uH=[3.143179278439101, -14.41652343352232, 493.8620093674814;
  -7.999189957520477, 12.42333253211355, 446.6308471273979;
  0.0165381014883608, 0.003967992008012807, 0.9992935709947278]';
tag.up=[516.0826044471721, 451.7909318138195;
  505.4222150193809, 421.2100361341505;
  473.2189263077164, 442.2982350313552;
  482.7076643298714, 473.3364521645047]';
tag.uc=[494.218, 446.948];
tags{3}=tag;

tag.id=0;
tag.hammingDistance=0;
tag.familyName='Tag36h11';
tag.H=[5.875506004391786, -30.71464732091603, 911.8999604056481;
  -21.04782773676835, -9.96390490154246, 639.5275946317752;
  0.003162690754258231, -0.0103151390943622, 0.999470925468657];
tag.p=[930.5755519840876, 666.1273170450694;
  936.3653479527386, 620.410132790683;
  893.9275439634959, 613.2263744138991;
  887.7443574084119, 659.8540297666764]';
tag.c=[912.382678843863;
  639.8661315054237];
tag.uH=[6.392917929541951, -30.23882407700111, 913.8106416858717;
  -20.88059734663516, -9.55300890189581, 640.9435436914118;
  0.003842038512300394, -0.009354650491159518, 0.9995733795233567]';
tag.up=[932.9120106941572, 667.9797262550979;
  938.4648514903497, 621.6811567609922;
  895.2822704711657, 614.1574769929739;
  889.3008483966356, 661.2841227784215]';
tag.uc=[914.187, 641.209];
tags{4}=tag;

tag.id=6;
tag.hammingDistance=0;
tag.familyName='Tag36h11';
tag.H=[20.03236493392858, 28.7792878490147, 1045.622054395064;
  35.17114695812541, 16.87059140513927, 728.0925438669988;
  0.02547669403702415, 0.0161434229529369, 0.9993599091832386];
tag.p=[1040.794597590405, 705.8815045739511;
  1027.939071824778, 739.9604894941139;
  1051.349381987003, 749.422911694238;
  1064.990513118451, 716.9423134682633]';
tag.c=[1046.291776152632;
  728.5588877204985];
tag.uH=[19.81201443716901, 28.47182781350389, 1052.128669171819;
  35.38298184717032, 16.61083136164275, 732.7429898194804;
  0.02511620880787669, 0.01524998842341803, 0.9995002805833065]';
tag.up=[1046.616916758849, 709.7537735992948;
  1033.789580896508, 744.5443373904616;
  1058.225902174557, 754.6513693801622;
  1071.903485830502, 721.4523432252049]';
tag.uc=[1052.65, 733.104];
tags{5}=tag;

tag.id=3;
tag.hammingDistance=0;
tag.familyName='Tag36h11';
tag.H=[0.5678486313273936, -14.48904509992445, 559.547244279888;
  -26.68844255778777, -2.033370394684709, 764.3669234360573;
  -0.008858708848954235, 0.008584610877600025, 0.9994017189326655];
tag.p=[573.6544098110804, 793.3459257269153;
  585.1613861398741, 753.3026367216704;
  546.1024561470101, 736.2874322058912;
  535.4703321034877, 775.9510698302076]';
tag.c=[559.8822112067904;
  764.8245034563087];
tag.uH=[1.365971882210226, -14.55575010092099, 558.7000550256578;
  -26.33523990668275, -1.977898087346876, 767.0357872676557;
  -0.007730660533985388, 0.008757955967364273, 0.9995155945702098]';
tag.up=[572.7516426144517, 796.5566606942501;
  584.5440420262576, 755.5048251726956;
  545.2102678030208, 738.3253997455552;
  534.2292023395383, 778.9301465082171]';
tag.uc=[558.977, 767.394];
tags{6}=tag;

tag.id=11;
tag.hammingDistance=0;
tag.familyName='Tag36h11';
tag.H=[-5.50898845992341, 3.100455805869799, 470.2165346545467;
  -2.09175628558658, 26.46021754458616, 871.177185840534;
  0.01157438748071381, 0.02085006118236733, 0.9994577673751459];
tag.p=[488.7371077741789, 875.6768853728322;
  466.1840416404926, 850.9800544708826;
  453.354069611335, 867.8758420102058;
  474.6803857411571, 891.9394589617915]';
tag.c=[470.4716397266751;
  871.6498228119109];
tag.uH=[-5.432599936143219, 2.429121858835556, 467.0465811689335;
  -1.994230317191143, 26.35978285599913, 878.0144408714178;
  0.01202374078484051, 0.02008974163500943, 0.9995639138560293]';
tag.up=[485.864587580724, 882.3722787260042;
  463.1205768570366, 856.9474747094907;
  449.7946260935885, 874.6751166892445;
  471.3104703009107, 899.5065012536475]';
tag.uc=[467.254, 878.39];
tags{7}=tag;

tag.id=10;
tag.hammingDistance=0;
tag.familyName='Tag36h11';
tag.H=[6.767953186190251, 18.15998361071363, 588.3022899741351;
  31.62646252158246, 8.499137589502904, 951.058976816831;
  0.01936274596944684, 0.0003615277952166957, 0.9994980635073624];
tag.p=[575.0045154047043, 929.7384623291142;
  566.4316803415948, 956.4918888705361;
  601.664822625812, 972.4910264239761;
  611.6228963438502, 946.3892273610312]';
tag.c=[588.59772865363;
  951.5365877543048];
tag.uH=[5.96490322893326, 18.25127448428389, 586.8385038881017;
  31.56459130226632, 8.476105638072747, 960.6360250071533;
  0.01833177584755101, -2.22466592173162e-05, 0.9996008772334758]';
tag.up=[573.3473324962645, 938.1493260392916;
  564.4184385301014, 966.3776291645102;
  600.3014885513171, 983.0719918861626;
  610.5754679692155, 955.4699376196788]';
tag.uc=[587.075, 961.006];
tags{8}=tag;

tag.id=4;
tag.hammingDistance=0;
tag.familyName='Tag36h11';
tag.H=[-14.01440019275989, -20.20406458665242, 718.1106305560766;
  -31.08254597979563, -1.970555663105239, 1014.313218803292;
  -0.01792907313541451, -0.001646620206563621, 0.999621568827939];
tag.p=[738.158473594941, 1027.638475221473;
  736.5722396670103, 1001.893662681985;
  697.8164827616389, 1001.238964118724;
  700.7758123952185, 1027.090341975023]';
tag.c=[718.3824888833327;
  1014.697211858463];
tag.uH=[-13.3692291787853, -20.50902708820272, 719.3586267127361;
  -31.11891182038466, -1.863427187024534, 1027.550186029245;
  -0.01689516973413595, -0.001429570703179756, 0.999701966486373]';
tag.up=[739.8978830638516, 1041.756304055253;
  738.1352808930699, 1014.286788982629;
  698.4870594592787, 1013.444203839208;
  701.5787500958459, 1041.019187367474]';
