% AprilTagFinder log 97
% @ Wed Mar  7 16:05:47 2018

K=[1664.010615128407, 0, 667.9657771371558;
  0, 1668.819944196452, 457.9230104705811;
  0, 0, 1];
distCoeffs=[-0.2237256636237109;
  0.2343996528647796;
  0;
  0;
  0];
tags={};

tag.id=1;
tag.hammingDistance=0;
tag.familyName='Tag36h11';
tag.H=[37.26064675857711, -0.2657870078835384, 349.8898487294295;
  -5.527478511656465, -49.43554670847605, 69.72666000416656;
  -0.0274535258952135, -0.003950792533661054, 0.9086499570499483];
tag.p=[332.8477909633045, 132.6409426315172;
  437.6857003307676, 128.3794663304392;
  441.0220939807236, 16.82953341009566;
  335.0989791437231, 27.69781396645363]';
tag.c=[385.0656086149973;
  76.73654685523051];
tag.uH=[39.14798329365873, -2.617341415420016, 344.6458368816452;
  -4.631096493157282, -51.50788339214734, 63.54575211825773;
  -0.02615793020916685, -0.008248303750376704, 0.9069062404676302]';
tag.up=[327.1817040951937, 127.1411588865209;
  434.7691126619646, 124.2056678390443;
  436.7279437885021, 8.483314590683449;
  327.6109171916455, 18.01960951894597]';
tag.uc=[380.136, 70.0947];
tags{1}=tag;

tag.id=0;
tag.hammingDistance=0;
tag.familyName='Tag36h11';
tag.H=[38.02821879410598, -0.1185386455830665, 238.0722737109672;
  -4.211221668884216, -47.44945929010179, 78.67649702700407;
  -0.01983890285201567, -0.005039163671231248, 0.9247153290286104];
tag.p=[210.7876850239882, 137.255775573549;
  303.5655551267685, 133.9846640814349;
  306.7020730960729, 30.02300215129964;
  212.796497934102, 37.71973500470587]';
tag.c=[257.4546633298012;
  85.0818566073212];
tag.uH=[40.43460710518447, -1.760436906287135, 228.2016719599561;
  -3.096968043247633, -49.43121615496377, 70.31474625901008;
  -0.01813191731147277, -0.00806894170317005, 0.9210510039623059]';
tag.up=[199.9772557103395, 129.6732808393099;
  296.8786129261239, 128.0402192978231;
  298.1267230923068, 19.86590002089855;
  199.8288945339469, 25.74830004049159]';
tag.uc=[247.877, 76.3832];
tags{2}=tag;

tag.id=24;
tag.hammingDistance=0;
tag.familyName='Tag36h11';
tag.H=[41.01228965332711, 2.175775310113078, 249.0075571988661;
  -3.738652164912412, -48.77758255588275, 210.2439186513757;
  -0.01728622198359185, 0.002963296136138541, 0.9789605093440802];
tag.p=[207.2112399576441, 264.5369328257278;
  300.2407129749087, 266.2771694275974;
  302.9071509977385, 163.5097850519651;
  210.3372034697321, 165.3355988427455]';
tag.c=[254.3591440329961;
  214.7624103777614];
tag.uH=[43.86557344812898, 1.111009132907751, 242.2253777537733;
  -2.431413606704458, -50.52824691298933, 206.3918368246533;
  -0.01459019529153621, 0.001402366375629763, 0.9810908076867364]';
tag.up=[198.3412607388074, 260.8140601212668;
  295.2834636400096, 263.6936190780697;
  296.6823583154168, 158.4896015528232;
  200.0518988784071, 158.759631297575]';
tag.uc=[246.989, 210.43];
tags{3}=tag;

tag.id=25;
tag.hammingDistance=0;
tag.familyName='Tag36h11';
tag.H=[40.25696240538292, 0.9483976280628404, 373.8506154659585;
  -6.088950671380296, -52.48817407169415, 211.1177446414188;
  -0.02927088043391382, -0.00059367403529587, 0.9805536283263255];
tag.p=[329.2154289149661, 266.9141094020354;
  434.0470787232683, 270.5361348484902;
  436.5843543519943, 160.4526906777836;
  331.4821933475851, 163.2119388088232]';
tag.c=[381.2648331168502;
  215.3046386680234];
tag.uH=[42.52417618818801, -0.4770320327872483, 371.6770894254633;
  -5.016813055971343, -54.20471637312159, 209.0073535849196;
  -0.02718731110896643, -0.002983824211044559, 0.9833129049580264]';
tag.up=[325.182994431387, 264.6403674461034;
  432.3760189594037, 269.1974874028109;
  433.998734423149, 157.1285465963878;
  326.2414086194659, 158.6217675256426]';
tag.uc=[378.079, 212.608];
tags{4}=tag;

