% AprilTagFinder log 81
% @ Wed Mar  7 16:05:45 2018

K=[1664.010615128407, 0, 667.9657771371558;
  0, 1668.819944196452, 457.9230104705811;
  0, 0, 1];
distCoeffs=[-0.2237256636237109;
  0.2343996528647796;
  0;
  0;
  0];
tags={};

tag.id=1;
tag.hammingDistance=0;
tag.familyName='Tag36h11';
tag.H=[23.61267432800721, 0.2937401596503726, 308.8852379733993;
  -3.182184968621611, -28.10700132221546, 189.2885690052492;
  -0.01067892645034422, 0.001135761388424301, 0.9925903766526692];
tag.p=[284.3721037399471, 220.108145386184;
  338.7157491062067, 218.4122096438805;
  338.5306916465787, 160.7241044494093;
  284.3138828154295, 163.6428951449761]';
tag.c=[311.1910464164066;
  190.701596003369];
tag.uH=[25.00116528120513, -0.5120296634744772, 303.6410117860811;
  -2.548018498637669, -29.12179415810116, 185.3293691338588;
  -0.009403242139036986, -0.0001616544485345002, 0.9934662827476199]';
tag.up=[278.2888469162491, 216.3367356859425;
  334.4345078791083, 215.2978484364815;
  333.4792257618662, 156.1669391659842;
  277.3812018648628, 158.3251834906253]';
tag.uc=[305.669, 186.565];
tags{1}=tag;

tag.id=0;
tag.hammingDistance=0;
tag.familyName='Tag36h11';
tag.H=[23.20152397057335, -0.2146326267601927, 241.4730535309367;
  -2.952408667519446, -27.83148053638632, 192.0646233350221;
  -0.00947188298864096, -0.001123047109697829, 0.992152486983219];
tag.p=[217.8875342536565, 222.2379322477005;
  269.2500783372209, 220.5152369178335;
  269.4288715111654, 164.311030973023;
  217.9476348015229, 167.101779523772]';
tag.c=[243.3830048293986;
  193.5837745254482];
tag.uH=[24.77888126701676, -0.8818823099246015, 233.4943741202778;
  -2.252004553728936, -28.84447079116949, 187.1272006090078;
  -0.008032087381318888, -0.002111679937868342, 0.9928713328627631]';
tag.up=[208.9519421056099, 217.5587775280949;
  262.5822184586392, 216.544984999235;
  261.8996032026959, 158.7640330889863;
  208.0856583538981, 160.7285428467324]';
tag.uc=[235.201, 188.49];
tags{2}=tag;

tag.id=24;
tag.hammingDistance=0;
tag.familyName='Tag36h11';
tag.H=[24.03664088400049, 0.3428000831400292, 241.8643159619971;
  -2.042878809535648, -27.67164217939223, 263.2386718651723;
  -0.006698389959581424, 0.001026788967207672, 0.9944268559760937];
tag.p=[217.4634642014188, 292.9243524103715;
  269.1372305730741, 292.7606610529703;
  269.271647950454, 236.1799340121731;
  217.7019729169928, 237.0996617477728]';
tag.c=[243.2198150205746;
  264.7139608943753];
tag.uH=[25.63113137173389, -0.1596174247880541, 234.8382934679626;
  -1.258922098421942, -28.49959851545164, 260.1325769352482;
  -0.004948932850609616, 0.0003385517379764995, 0.9950344482961218]';
tag.up=[209.4308935004476, 289.9823844151415;
  263.3257033900452, 290.3539991138427;
  262.8162503378863, 232.5896134591893;
  208.9770406930164, 232.8206841061768]';
tag.uc=[236.038, 261.447];
tags{3}=tag;

tag.id=25;
tag.hammingDistance=0;
tag.familyName='Tag36h11';
tag.H=[22.66873263734203, 1.386697581748106, 309.7919058703304;
  -4.001818680508134, -27.46431970622809, 262.70002582029;
  -0.01433898127957713, 0.004582752643883057, 0.9950573028327012];
tag.p=[284.3676629570027, 292.7569693225999;
  339.1679921016246, 293.158589811224;
  338.8277398981796, 234.683482530457;
  284.5323821858424, 235.9393203629921]';
tag.c=[311.33071933488;
  264.0049222014079];
tag.uH=[24.09829892922845, 0.7942248487183369, 305.3915187759899;
  -3.286467909572759, -28.26487162933848, 260.3751709643154;
  -0.01281341161778458, 0.003700116166145178, 0.9957718228047425]';
tag.up=[279.1228961238499, 290.4987273173505;
  335.6561416524485, 291.3987604235708;
  334.7373865860309, 231.909179839184;
  278.6624462968842, 232.5409986557987]';
tag.uc=[306.717, 261.496];
tags{4}=tag;

