% AprilTagFinder log 95
% @ Fri Mar 16 13:47:05 2018

K=[1664.010615128407, 0, 667.9657771371558;
  0, 1668.819944196452, 457.9230104705811;
  0, 0, 1];
distCoeffs=[-0.2237256636237109;
  0.2343996528647796;
  0;
  0;
  0];
tags={};

tag.id=1;
tag.hammingDistance=0;
tag.familyName='Tag36h11';
tag.H=[16.43416973686577, -16.80212533910631, 960.122838261728;
  -6.419013512534545, -5.872012386237385, 273.2379271789679;
  0.01693990421596557, -0.0006586711623167563, 0.9992694534697228];
tag.p=[977.1132287398286, 290.4703710049371;
  976.8810751804853, 268.1674694420262;
  945.0585730438575, 256.9511347321517;
  944.1927675269372, 278.8968629053725]';
tag.c=[960.8247654603393;
  273.4376861318185];
tag.uH=[16.13595894448371, -16.68975648787651, 963.038211881637;
  -6.738882168483408, -5.696772386349402, 271.5240903880344;
  0.01648264086464997, -0.0002040858273289226, 0.999405997416094]';
tag.up=[980.1370206652928, 288.8325055252479;
  980.0883523420616, 266.1973546018797;
  947.6288729500016, 255.0869289462964;
  946.5665736140365, 277.3583696602318]';
tag.uc=[963.602, 271.688];
tags{1}=tag;

tag.id=2;
tag.hammingDistance=0;
tag.familyName='Tag36h11';
tag.H=[-14.64816512379324, -6.281705249570867, 502.8717220737492;
  7.10395718322892, 9.229366428837265, 331.0226018819325;
  0.002274846199976397, -0.01171173560594003, 0.9991997459681603];
tag.p=[519.3164456621433, 311.9946938603332;
  488.0694188658585, 324.6166905537464;
  486.9265890360273, 350.9486370305823;
  518.9112372272174, 338.1481523451085]';
tag.c=[503.2744694970862;
  331.2877162125305];
tag.uH=[-14.83753058695348, -6.124293898418369, 502.3740537018293;
  7.035261334806703, 9.387357950533943, 330.6328013083593;
  0.002109589124262895, -0.01149137198780665, 0.9993544164637651]';
tag.up=[518.7999767688566, 311.4876788914057;
  487.3474545990141, 324.0817025170273;
  486.2848240580726, 350.5694240704906;
  518.4741635773916, 337.7969357070248]';
tag.uc=[502.705, 330.85];
tags{2}=tag;

tag.id=16;
tag.hammingDistance=0;
tag.familyName='Tag36h11';
tag.H=[3.27638889387077, -14.09346823084653, 494.207239147925;
  -7.910168816654679, 12.58603419486197, 446.5697674821562;
  0.01667950564446858, 0.004360871631176543, 0.9991197691966563];
tag.p=[516.3428681315943, 451.797579781372;
  505.7916474686714, 421.255079022541;
  473.8375258850339, 442.3282309358625;
  483.2152751168078, 473.3131670008507]';
tag.c=[494.642638835275;
  446.9631982572232];
tag.uH=[3.173650158448645, -14.4329766559069, 493.8655931836052;
  -8.002384515293006, 12.41089516115307, 446.6194019533803;
  0.01656961801555922, 0.003916344221992038, 0.9992929131217392]';
tag.up=[516.0616770467412, 451.7862199116004;
  505.430911946328, 421.1735159185416;
  473.2458332355681, 442.2806988720787;
  482.7047400795834, 473.3556957845409]';
tag.uc=[494.222, 446.937];
tags{3}=tag;

tag.id=0;
tag.hammingDistance=0;
tag.familyName='Tag36h11';
tag.H=[5.507510955811178, -30.74871466663495, 911.9020861415732;
  -21.30196992221742, -9.984460807708244, 639.5364457643824;
  0.002764331021455809, -0.01034033867358344, 0.9994717164662018];
tag.p=[930.5847850188691, 666.1281887922577;
  936.3820100116734, 620.4163411626671;
  893.9053516935312, 613.2197262569971;
  887.7484942197964, 659.8496543547747]';
tag.c=[912.3840836294544;
  639.8744809163483];
tag.uH=[6.024326927668201, -30.27250155499651, 913.8129240236428;
  -21.13517017639287, -9.573269441508851, 640.9525632230669;
  0.003443890268464982, -0.009379123265336417, 0.999574248826454]';
tag.up=[932.9214323445744, 667.9806901669582;
  938.481873838547, 621.6875529056172;
  895.2597297285918, 614.1506409105771;
  889.3050155667183, 661.2797173546778]';
tag.uc=[914.188, 641.217];
tags{4}=tag;

tag.id=3;
tag.hammingDistance=0;
tag.familyName='Tag36h11';
tag.H=[0.4699230730625876, -14.55191114406023, 559.5432485115999;
  -26.80495978326572, -2.136843760327348, 764.3582706166446;
  -0.009025747513832396, 0.008463792943995489, 0.9994015383323874];
tag.p=[573.6461787397334, 793.329036300934;
  585.1492638570693, 753.3161385081705;
  546.0949578969351, 736.2708477199063;
  535.476636241404, 775.9202564529127]';
tag.c=[559.8783142211889;
  764.8159836656459];
tag.uH=[1.267650935081463, -14.61785677291121, 558.6961721164438;
  -26.45249248610707, -2.081206253215674, 767.0271037401058;
  -0.007898481442647973, 0.008638111812676158, 0.9995156171256721]';
tag.up=[572.7434037749622, 796.5393570433655;
  584.5317648587879, 755.5186577092086;
  545.2027849275933, 738.3085333448722;
  534.2357830819312, 778.8985223297464]';
tag.uc=[558.973, 767.385];
tags{5}=tag;

tag.id=11;
tag.hammingDistance=0;
tag.familyName='Tag36h11';
tag.H=[-5.468374188219536, 2.602411314924252, 470.2280127086161;
  -2.030479861249315, 25.56197267259175, 871.1863818889794;
  0.0116674321334257, 0.01981287995241198, 0.9994773694403589];
tag.p=[488.7349315656488, 875.6792003006991;
  466.1982703528715, 850.9702057968624;
  453.3280640030278, 867.8512132290537;
  474.6803962942155, 891.9794381665833]';
tag.c=[470.4738967445683;
  871.6419285979292];
tag.uH=[-5.391443834100657, 1.933645775641218, 467.0559840522775;
  -1.931890335769664, 25.45392137685667, 878.0193832381441;
  0.01211810375658637, 0.01905147583176062, 0.9995789164057571]';
tag.up=[485.862340424463, 882.3747148269795;
  463.1352246944422, 856.9370808620785;
  449.7683310214032, 874.649808509211;
  471.3099897950464, 899.5482806653417]';
tag.uc=[467.257, 878.382];
tags{6}=tag;

tag.id=10;
tag.hammingDistance=0;
tag.familyName='Tag36h11';
tag.H=[6.688762091542855, 18.37629036791936, 588.3142198294485;
  31.49055124906815, 8.830835223215907, 951.0684575770881;
  0.01921745046799481, 0.0007190683052036341, 0.9995005916832735];
tag.p=[574.9998218051155, 929.7473195389551;
  566.4315056964545, 956.5119402076934;
  601.6842686983003, 972.4874971497347;
  611.6211995068882, 946.3880229230529]';
tag.c=[588.6081756476601;
  951.5436663978155];
tag.uH=[5.885985399920066, 18.46761207246259, 586.8502973280815;
  31.42729501776687, 8.811376733413123, 960.6453625514469;
  0.01818637361012716, 0.0003359971590024274, 0.999602889078427]';
tag.up=[573.3424925320943, 938.1586593283341;
  564.4181143685599, 966.3987952869973;
  600.3213639304208, 983.0681614827351;
  610.5737436125128, 955.468675898161]';
tag.uc=[587.086, 961.013];
tags{7}=tag;

tag.id=4;
tag.hammingDistance=0;
tag.familyName='Tag36h11';
tag.H=[-14.20474674540245, -18.75549007374887, 718.0640873773126;
  -31.39509223378089, 0.05098964931094709, 1014.304054166238;
  -0.0182221215518526, 0.0003665504924394952, 0.9996175236497666];
tag.p=[738.1269618840646, 1027.691210891018;
  736.5887654813461, 1001.864492236572;
  697.8309240346222, 1001.220254042494;
  700.7552567116339, 1027.051436606606]';
tag.c=[718.3388349931517;
  1014.692149916349];
tag.uH=[-13.55874831752569, -19.05725244899046, 719.3115264861481;
  -31.43516688031567, 0.1843928190753947, 1027.54118404348;
  -0.01718717793763643, 0.0005847504933279228, 0.9996986263923531]';
tag.up=[739.865857547548, 1041.812515376907;
  738.1520420003785, 1014.255834652433;
  698.5017844076705, 1013.424332353245;
  701.55758863634, 1040.977546794157]';
tag.uc=[719.528, 1027.84];
tags{8}=tag;

tag.id=8;
tag.hammingDistance=0;
tag.familyName='Tag36h11';
tag.H=[-6.694673007830487, 1.378358835914419, 588.4396010946654;
  2.277339839586906, 19.21633263080883, 1060.783162761428;
  0.009455785775729624, 0.0135124713801227, 0.9997056993432407];
tag.p=[607.8971580498381, 1064.041824754419;
  582.9027711999993, 1048.405769067532;
  570.1947167198311, 1058.281408609219;
  594.2767350955578, 1073.68254849366]';
tag.c=[588.6128302371811;
  1061.095443847436];
tag.uH=[-6.873289127946042, 0.9329402171753989, 586.2881835153357;
  2.184516416462205, 19.48805628630132, 1077.440417103641;
  0.009696917332922909, 0.01317486683665141, 0.9997577998969663]';
