% AprilTagFinder log 70
% @ Wed Mar  7 16:05:44 2018

K=[1664.010615128407, 0, 667.9657771371558;
  0, 1668.819944196452, 457.9230104705811;
  0, 0, 1];
distCoeffs=[-0.2237256636237109;
  0.2343996528647796;
  0;
  0;
  0];
tags={};

tag.id=1;
tag.hammingDistance=0;
tag.familyName='Tag36h11';
tag.H=[24.22427907286288, 0.9951459195255916, 508.3140164292575;
  -2.638888781093783, -29.2446504952906, 112.7082837489291;
  -0.01336022410534981, 0.0007418678825721074, 0.983019191676996];
tag.p=[485.2113025025247, 145.2253617095092;
  548.5950756294499, 143.783245757384;
  549.8072774967402, 83.29006068375119;
  486.4853365610564, 86.35110236365888]';
tag.c=[517.0947024565123;
  114.6552220986172];
tag.uH=[25.0000468480798, -0.5962979042789506, 507.4725186294214;
  -2.320135196290836, -30.44135264306984, 109.1467687848933;
  -0.01286640963228926, -0.001911858545056285, 0.9846055639725145]';
tag.up=[483.3225143550526, 141.9935961732449;
  547.5302230854945, 140.9809456670994;
  548.378353564175, 78.75951916953932;
  484.0598998087993, 81.38514482483026]';
tag.uc=[515.427, 110.862];
tags{1}=tag;

tag.id=0;
tag.hammingDistance=0;
tag.familyName='Tag36h11';
tag.H=[24.11563536492928, 1.065427999619395, 432.1908051863501;
  -2.364897675708615, -28.45444071396824, 115.5121729029031;
  -0.01159745737560088, 0.0005327267393369663, 0.9843634260363355];
tag.p=[408.8790728828747, 147.0035886685382;
  468.2425913065672, 145.6458284241744;
  469.9193276560361, 87.01628278502267;
  410.5802522496159, 89.73728376549114]';
tag.c=[439.0561389776755;
  117.3470791860153];
tag.uH=[25.1219964340389, -0.2741945587022714, 429.7644992868647;
  -1.916302832899945, -29.62812070024414, 111.2326770852882;
  -0.01085520521930942, -0.001809675176418069, 0.9856687325433886]';
tag.up=[405.5535124505488, 143.012718779006;
  466.0825093038889, 142.2684322646833;
  467.1855811538865, 81.89644866484144;
  406.5435306766174, 83.962820471528]';
tag.uc=[436.04, 112.86];
tags{2}=tag;

tag.id=25;
tag.hammingDistance=0;
tag.familyName='Tag36h11';
tag.H=[24.30120386131051, 2.509618175570701, 511.7879537536511;
  -2.833706564049087, -29.11470519692854, 189.523144908514;
  -0.01430229537420187, 0.003649784717636106, 0.9929073647801336];
tag.p=[483.2567977129734, 220.6859422046125;
  547.2861656521841, 221.3477345377829;
  548.328953050688, 160.4214349117519;
  484.7324428273713, 161.4884711259829]';
tag.c=[515.4438086648494;
  190.8769655973711];
tag.uH=[25.05009106408632, 1.351151466197389, 511.1974220025804;
  -2.480378402973777, -30.06755379864467, 187.728212965433;
  -0.01363995627568595, 0.001757991754412038, 0.9940049693661954]';
tag.up=[481.9308262052184, 218.9828869764116;
  546.6086814839276, 220.0196228371138;
  547.3554986815458, 158.0007403574971;
  482.975847339085, 158.6466542898357]';
tag.uc=[514.3, 188.874];
tags{3}=tag;

tag.id=24;
tag.hammingDistance=0;
tag.familyName='Tag36h11';
tag.H=[24.48997284648621, 2.118967301114859, 433.8476315087743;
  -2.451945391745227, -28.24105647312036, 190.0435116154553;
  -0.01171488775224182, 0.002798516694921266, 0.9931728713933097];
tag.p=[406.3896448636276, 220.2763028774813;
  466.1668869129228, 220.5390434430929;
  467.8217227919677, 161.8993724666215;
  408.3380272498065, 163.001525844025]';
tag.c=[436.8299255900284;
  191.349881867842];
tag.uH=[25.49318043099158, 1.148389270139844, 431.9988315670251;
  -1.966251229775978, -29.17802227343849, 187.6144651237314;
  -0.01077306197209872, 0.001167425407004138, 0.9941689761566562]';
tag.up=[403.8084311691767, 217.9312229546731;
  464.6126560358792, 218.7107405675952;
  465.8062986044145, 158.9184535376401;
  405.1907141516133, 159.4263677497671]';
tag.uc=[434.558, 188.73];
tags{4}=tag;

