% AprilTagFinder log 73
% @ Wed Mar  7 16:05:44 2018

K=[1664.010615128407, 0, 667.9657771371558;
  0, 1668.819944196452, 457.9230104705811;
  0, 0, 1];
distCoeffs=[-0.2237256636237109;
  0.2343996528647796;
  0;
  0;
  0];
tags={};

tag.id=1;
tag.hammingDistance=0;
tag.familyName='Tag36h11';
tag.H=[24.79491377924199, 3.689460415895512, 481.6918660526575;
  -2.437386948014105, -28.38674982837581, 119.6277112555339;
  -0.01067452434916295, 0.006050744540168487, 0.9849289573243759];
tag.p=[457.9922573610521, 152.0402525162701;
  519.3094443057744, 150.3579007958533;
  520.4259366872416, 90.58768281140763;
  459.8257568685613, 93.52363911973907]';
tag.c=[489.0625485935606;
  121.4582131695168];
tag.uH=[25.63036317946846, 2.219567883378624, 480.380486090052;
  -2.085460537620841, -29.57723446491502, 116.0123617896548;
  -0.01008962029465449, 0.003579787043609053, 0.9864098524209767]';
tag.up=[455.7169571762531, 148.7256674369593;
  517.939602511397, 147.5237427502449;
  518.6143897790602, 86.07740833193446;
  456.9630309810867, 88.51174610464608]';
tag.uc=[487.022, 117.62];
tags{1}=tag;

tag.id=0;
tag.hammingDistance=0;
tag.familyName='Tag36h11';
tag.H=[24.88841253700125, -6.421123327581007, 406.9784532614916;
  -1.887035440337886, -30.69285831781707, 123.2413885805341;
  -0.007374800995226348, -0.01923877642440939, 0.9859298628851839];
tag.p=[383.6982677356663, 153.8909602651518;
  439.2570612246915, 152.3833938630808;
  443.4885020892213, 94.50636478914967;
  385.67095125162, 96.94987466371019]';
tag.c=[412.7864147156744;
  125.0001579421539];
tag.uH=[25.92054292989162, -7.558858418851312, 403.9961149611477;
  -1.431117543323689, -31.74450841446085, 118.86603348839;
  -0.006589163896611364, -0.02139261265655627, 0.9871653678341978]';
tag.up=[379.8451470939511, 149.7699399949985;
  436.6379497784915, 148.8844353562675;
  440.2933325961608, 89.33355707708296;
  381.0708802472991, 91.06771918971208]';
tag.uc=[409.277, 120.422];
tags{2}=tag;

tag.id=25;
tag.hammingDistance=0;
tag.familyName='Tag36h11';
tag.H=[21.15356106226432, 7.264020412922624, 483.0035237864439;
  -3.875639020349441, -27.01684876951017, 196.0350991388432;
  -0.0192504457813643, 0.01267430198183888, 0.9932182072641245];
tag.p=[454.6794466558419, 226.9742639446619;
  516.9004943545123, 228.0014564977844;
  518.3451265657302, 167.3784419539994;
  457.6083568019026, 168.6534434459179]';
tag.c=[486.3015199015576;
  197.373646299571];
tag.uH=[21.98485957243066, 6.212033321143665, 482.0596299577405;
  -3.464756062989693, -27.95388986505903, 194.1617765396123;
  -0.0184968895917908, 0.01095715194851012, 0.9942919520892189]';
tag.up=[453.0071685884296, 225.1635031582575;
  515.9907315654972, 226.616796367118;
  517.0809210017037, 164.923513047371;
  455.4858202364401, 165.7346719934687]';
tag.uc=[484.849, 195.291];
tags{3}=tag;

tag.id=24;
tag.hammingDistance=0;
tag.familyName='Tag36h11';
tag.H=[25.14339080561557, -1.548453776132604, 406.55711658825;
  -1.819062733597903, -29.81896353200106, 197.1180204334296;
  -0.007517618474218001, -0.00647073535124318, 0.9936137056485089];
tag.p=[380.0728432003173, 227.0301499963718;
  436.4934947831713, 226.8037940851499;
  439.0985317164724, 168.921714673756;
  381.9044167374498, 170.0259581450856]';
tag.c=[409.1701979119737;
  198.3849652162106];
tag.uH=[26.19009724424265, -2.403262736827825, 404.1784611294825;
  -1.316591333798722, -30.70689905533379, 194.5504833377565;
  -0.006508831545977548, -0.007954388929222947, 0.9945270547326823]';
tag.up=[376.9804151444987, 224.5499933983801;
  434.5309867176646, 224.8442794441858;
  436.6483455894362, 165.8277509029451;
  378.2108970105288, 166.3087366349843]';
tag.uc=[406.429, 195.636];
tags{4}=tag;

