% AprilTagFinder log 16
% @ Wed Mar  7 16:07:12 2018

K=[1664.010615128407, 0, 667.9657771371558;
  0, 1668.819944196452, 457.9230104705811;
  0, 0, 1];
distCoeffs=[-0.2237256636237109;
  0.2343996528647796;
  0;
  0;
  0];
tags={};

tag.id=16;
tag.hammingDistance=0;
tag.familyName='Tag16h5';
tag.H=[-10.75108022084115, 184.0791454206064, 389.2487870357818;
  -1.019398010469161, 116.6709237369035, 263.2331286365055;
  -0.02340058048619898, 0.4184630606986731, 0.9076094194335916];
tag.p=[421.2701419388758, 287.9377313897156;
  417.434940849877, 312.4940980386285;
  431.8638118995262, 290.8519439667673;
  432.8200611945124, 282.2756981968213]';
tag.c=[428.8725730487667;
  290.0290840974087];
tag.uH=[-10.9128314409395, 186.6871356457703, 394.8257515866925;
  -0.9696796754689841, 118.2199645058821, 266.9667472910602;
  -0.02389587674127193, 0.4258546912658355, 0.9241208948949707]';
tag.up=[419.5086253903842, 286.7239608993693;
  415.7601026658521, 311.5218828047203;
  430.2909553225783, 289.738955239614;
  431.2078699953792, 281.0714361933058]';
tag.uc=[427.248, 288.888];
tags{1}=tag;

