% AprilTagFinder log 69
% @ Wed Mar  7 16:05:44 2018

K=[1664.010615128407, 0, 667.9657771371558;
  0, 1668.819944196452, 457.9230104705811;
  0, 0, 1];
distCoeffs=[-0.2237256636237109;
  0.2343996528647796;
  0;
  0;
  0];
tags={};

tag.id=1;
tag.hammingDistance=0;
tag.familyName='Tag36h11';
tag.H=[25.36627027485861, 1.633635729530242, 508.2224888756535;
  -2.30162118509552, -29.0111194462613, 110.7012325401105;
  -0.01069915017449045, 0.00171632397435476, 0.9826535558617602];
tag.p=[485.2812901747969, 143.2117414613002;
  548.2727728866683, 141.6257858676124;
  549.6954756625433, 81.53525569813857;
  486.890697749041, 84.40794733411569]';
tag.c=[517.1939650998936;
  112.6554031985653];
tag.uH=[26.13234594857604, 0.04171621874349807, 507.3601727413376;
  -1.994964580795278, -30.20977137782157, 107.0799565156968;
  -0.01021367621348413, -0.0009392285420567476, 0.9842257554886161]';
tag.up=[483.3758740663635, 139.9292737956173;
  547.1917388435039, 138.7690769923079;
  548.2531213343134, 76.94505426616456;
  484.4529394012177, 79.37942841105058]';
tag.uc=[515.512, 108.804];
tags{1}=tag;

tag.id=0;
tag.hammingDistance=0;
tag.familyName='Tag36h11';
tag.H=[24.46462844819234, 0.898230033087145, 432.5563335958158;
  -2.153407929552341, -28.45396585850002, 113.5540316800741;
  -0.01037176992215816, -0.0001516907780794137, 0.9839926234594949];
tag.p=[409.4388030522145, 144.9563338032171;
  468.407878897002, 143.6214138768337;
  470.3992787805857, 85.20727832498872;
  411.3706595275606, 87.76137492775264]';
tag.c=[439.5930653169389;
  115.4013038033191];
tag.uH=[25.4598566554667, -0.4414231096447605, 430.1144743493462;
  -1.712444449508251, -29.62403463217476, 109.2196246237617;
  -0.009641174073817512, -0.002503091296767731, 0.9852842146942512]';
tag.up=[406.1011545221103, 140.9158549632519;
  466.2312250112002, 140.1932068373098;
  467.6550210592658, 80.03014538845252;
  407.326341480494, 81.92708081918227]';
tag.uc=[436.565, 110.86];
tags{2}=tag;

tag.id=25;
tag.hammingDistance=0;
tag.familyName='Tag36h11';
tag.H=[23.05040691835186, 2.634707573193435, 511.4999447960989;
  -3.206718374477142, -28.96203453958404, 187.2638289402742;
  -0.01631592075559367, 0.003800427384427073, 0.9927984783885924];
tag.p=[483.2468700839358, 218.2726869599038;
  546.8545453850631, 219.0018079708564;
  547.9897820302319, 158.2145955776801;
  484.8228425423964, 159.4492533283153]';
tag.c=[515.2102424918224;
  188.6221957594269];
tag.uH=[23.79624073980713, 1.470590255580619, 510.8985081571433;
  -2.852517104708076, -29.91875103871567, 185.4255745362777;
  -0.01566590093291334, 0.001897788081334525, 0.9939078464754464]';
tag.up=[481.9041899624169, 216.5307227472168;
  546.1630232642019, 217.6376133021941;
  547.0005296964102, 155.743374158474;
  483.050462754172, 156.56075066429]';
tag.uc=[514.049, 186.576];
tags{3}=tag;

tag.id=24;
tag.hammingDistance=0;
tag.familyName='Tag36h11';
tag.H=[24.82864985707457, 2.203623799775828, 434.1207953029234;
  -2.186963473416693, -28.10831797376727, 187.9198971240091;
  -0.01043967785835372, 0.002953514720460598, 0.9931223363565573];
tag.p=[406.8409591281218, 218.0824754951059;
  466.1960137258481, 218.2656839213827;
  467.8735232026295, 159.9217033219174;
  408.8320124388729, 160.9498690944295]';
tag.c=[437.1272092173169;
  189.221297562822];
tag.uH=[25.8219761545375, 1.22659421271273, 432.2573644272721;
  -1.708604135193477, -29.04897330709538, 185.4475401130695;
  -0.009508776293728803, 0.00131022316364248, 0.9941172806578444]';
tag.up=[404.2479184666398, 215.7007935691792;
  464.6251656164877, 216.3998678945444;
  465.8408748848457, 156.8944404281157;
  405.6718596874251, 157.328262736344]';
tag.uc=[434.84, 186.559];
tags{4}=tag;

