% AprilTagFinder log 50
% @ Wed Mar  7 16:05:41 2018

K=[1664.010615128407, 0, 667.9657771371558;
  0, 1668.819944196452, 457.9230104705811;
  0, 0, 1];
distCoeffs=[-0.2237256636237109;
  0.2343996528647796;
  0;
  0;
  0];
tags={};

tag.id=25;
tag.hammingDistance=0;
tag.familyName='Tag36h11';
tag.H=[23.52475446460301, 4.958084083906545, 555.6762086908194;
  -1.239530829311344, -27.96499668399877, 65.83271098457409;
  -0.01325055561902556, 0.005030711422564651, 0.9595402226283484];
tag.p=[544.7562760798913, 98.20330653826051;
  610.0795914483987, 98.33444483039524;
  614.0508082064107, 38.5024690963103;
  549.2920169830006, 39.99425819848489]';
tag.c=[579.1067384009449;
  68.60859965228637];
tag.uH=[24.08483253938559, 3.024912372056059, 554.765304601219;
  -1.01136487651781, -29.19384879650488, 61.18563300057883;
  -0.01306658874451823, 0.001902709205496813, 0.95983560799128]';
tag.up=[543.3575172252308, 94.11952146686934;
  609.4755482884904, 94.58213310227302;
  613.2992332868834, 32.65574478424753;
  547.5488722897695, 33.85549352358555]';
tag.uc=[577.998, 63.7494];
tags{1}=tag;

tag.id=24;
tag.hammingDistance=0;
tag.familyName='Tag36h11';
tag.H=[24.35461075880302, 3.142040570032204, 480.998646154306;
  -1.09977682250611, -27.34680497375725, 67.15217933366948;
  -0.009408670036287077, 0.001790003707062023, 0.9626668784594231];
tag.p=[467.3902412142546, 98.52642002489749;
  527.8276392777001, 98.16324604645271;
  532.4289297908449, 40.52737552492223;
  472.1247968218527, 42.00287307616085]';
tag.c=[499.6522233361333;
  69.75640362856835];
tag.uH=[25.11160841525269, 1.496245177818486, 478.6052740708913;
  -0.7517301154135861, -28.51856699409059, 61.91644160229814;
  -0.008981060986510679, -0.001052127095021352, 0.9624536210388533]';
tag.up=[464.7332318889529, 93.7655199086297;
  526.1884797152292, 93.95522910648521;
  530.3989730493748, 34.27597526287252;
  468.9174313495908, 35.19118388960982]';
tag.uc=[497.302, 64.3358];
tags{2}=tag;

