% AprilTagFinder log 3
% @ Fri Mar 16 13:46:19 2018

K=[1664.010615128407, 0, 667.9657771371558;
  0, 1668.819944196452, 457.9230104705811;
  0, 0, 1];
distCoeffs=[-0.2237256636237109;
  0.2343996528647796;
  0;
  0;
  0];
tags={};

tag.id=1;
tag.hammingDistance=0;
tag.familyName='Tag36h11';
tag.H=[18.73862304618783, -16.0163718208517, 960.0821156487953;
  -5.745594645334166, -5.696865342757057, 273.1987197756253;
  0.0192331400319636, 0.0001411786935098901, 0.9992299711252643];
tag.p=[977.0417327070199, 290.4929711499792;
  976.9377235241665, 268.2353995972489;
  945.2192342673295, 256.9754146881619;
  944.0783966566332, 278.7846674139658]';
tag.c=[960.8219763140377;
  273.4092527948973];
tag.uH=[18.4451109758317, -15.8997637382707, 963.0057031962069;
  -6.070743588943371, -5.523468544898297, 271.4868761060538;
  0.01877214407094687, 0.000597235927739767, 0.9993750515157727]';
tag.up=[980.0635872220771, 288.855997418573;
  980.1458124107463, 266.2658527711355;
  947.7927330211071, 255.1101957918007;
  946.450720268296, 277.2455341366569]';
tag.uc=[963.599, 271.659];
tags{1}=tag;

tag.id=2;
tag.hammingDistance=0;
tag.familyName='Tag36h11';
tag.H=[-13.50998430512952, -6.047842884266744, 502.8387050265192;
  7.837478234150581, 9.354884130382228, 331.0446900761553;
  0.004545684436222453, -0.01128695520358386, 0.999198228842532];
tag.p=[519.3120783292659, 311.9992085342463;
  488.040885245527, 324.6475495593832;
  486.9539922158704, 350.8837835306022;
  518.9329909958655, 338.1876482397714]';
tag.c=[503.2421900997623;
  331.3103251390231];
tag.uH=[-13.70143001995268, -5.889953297316479, 502.3411524056339;
  7.767217699213171, 9.513069374480793, 330.6551103689673;
  0.004379091958803814, -0.01106538194235255, 0.9993534499804472]';
tag.up=[518.7955943997716, 311.4922093863258;
  487.3187765653178, 324.1126632178044;
  486.3122683945315, 350.5043075656812;
  518.4961704465888, 337.8366995119666]';
tag.uc=[502.672, 330.872];
tags{2}=tag;

tag.id=16;
tag.hammingDistance=0;
tag.familyName='Tag36h11';
tag.H=[3.245898362373887, -13.91541653908494, 494.1926912888601;
  -7.908701907453842, 12.74878375835455, 446.5784058108161;
  0.01665753138375784, 0.004747004341822119, 0.9991184418842454];
tag.p=[516.3700815600766, 451.8073448453429;
  505.7758203836935, 421.2746946285628;
  473.799398661863, 442.3403466318686;
  483.2126740632943, 473.2902607970458]';
tag.c=[494.6287352647182;
  446.9724379910457];
tag.uH=[3.142392281644708, -14.25567482513706, 493.8511603313547;
  -8.00147200999162, 12.57318618991911, 446.6282504314846;
  0.01654637204659229, 0.004301526918026878, 0.9992920004950129]';
tag.up=[516.0890428017876, 451.7960071944493;
  505.4150015013925, 421.1931642759749;
  473.2073659350275, 442.2928335297742;
  482.7021279866177, 473.3327266026694]';
tag.uc=[494.208, 446.946];
tags{3}=tag;

tag.id=0;
tag.hammingDistance=0;
tag.familyName='Tag36h11';
tag.H=[5.820572167750461, -30.88486299590979, 911.901435074313;
  -21.08515282157513, -10.07505167369363, 639.5276644240047;
  0.003097328829494908, -0.01049530672519704, 0.9994693127418323];
tag.p=[930.5751955743825, 666.1134740950848;
  936.3759756578232, 620.4137509389066;
  893.9247744555604, 613.2295517066759;
  887.7337502371221, 659.8571409843793]';
tag.c=[912.3856265008324;
  639.8672338119077];
tag.uH=[6.337388328041904, -30.40949382448458, 913.8126310465919;
  -20.91835022199874, -9.664419093456456, 640.9439748135776;
  0.003776029475693836, -0.009534867988849435, 0.9995722675998092]';
tag.up=[932.9115301861877, 667.9656642751181;
  938.4757066780733, 621.6848905980745;
  895.2794795376197, 614.1606700210006;
  889.2901072098796, 661.2872019146856]';
tag.uc=[914.19, 641.21];
tags{4}=tag;

tag.id=6;
tag.hammingDistance=0;
tag.familyName='Tag36h11';
tag.H=[15.91333182759012, 28.80939706390521, 1030.249057159067;
  31.75046664372893, 14.88949018537267, 693.3408791050332;
  0.02053475024453474, 0.01516316524144126, 0.9994571398711529];
tag.p=[1022.585624429464, 671.0191777292608;
  1012.464081428477, 706.7889661019301;
  1038.464508758736, 714.8502363047834;
  1049.351453994153, 680.504710418474]';
tag.c=[1030.808642071319;
  693.7174706605394];
tag.uH=[15.63036952936129, 28.47453463026425, 1035.687788777432;
  31.86593601845922, 14.5885497478993, 696.8765763347855;
  0.02011600029365079, 0.01426868986046435, 0.9995765034204398]';
tag.up=[1027.343776655093, 673.8784198451685;
  1017.33007547649, 710.3041655782999;
  1044.327018950461, 718.9156712210986;
  1055.15287475731, 683.8904959210079]';
tag.uc=[1036.12, 697.167];
tags{5}=tag;

tag.id=3;
tag.hammingDistance=0;
tag.familyName='Tag36h11';
tag.H=[0.4634153905114138, -14.73802748279726, 559.5499678793141;
  -26.82809659958392, -2.398899630268998, 764.3771489573621;
  -0.009051763097493571, 0.00812919120679792, 0.9994039582214078];
tag.p=[573.6372701294778, 793.3450941246938;
  585.1536855281414, 753.3400755603632;
  546.104677815621, 736.2682597710603;
  535.4678377564886, 775.9374905209761]';
tag.c=[559.8836819449052;
  764.8330213917584];
tag.uH=[1.26150946495281, -14.80345250363468, 558.7026226789575;
  -26.47550542144374, -2.34403383556647, 767.0460358552629;
  -0.007924073953928568, 0.00830382804209359, 0.9995176193223385]';
tag.up=[572.7343192791259, 796.5558907891384;
  584.53613299098, 755.543081842686;
  545.2126123338065, 738.3058434652044;
  534.2267661411406, 778.9162443514508]';
tag.uc=[558.979, 767.403];
tags{6}=tag;

tag.id=11;
tag.hammingDistance=0;
tag.familyName='Tag36h11';
tag.H=[-5.137345750591105, 2.361005027719508, 470.2296446065849;
  -1.421833521073471, 25.11495072072592, 871.1836285067363;
  0.01236945110196406, 0.01929741692453967, 0.9994790074547497];
tag.p=[488.7373965043403, 875.6766698625579;
  466.2040282254383, 850.9858020762136;
  453.3338250182544, 867.8468943967163;
  474.686690444118, 892.0053582549652]';
tag.c=[470.474758448465;
  871.6377452741831];
tag.uH=[-5.062366160600626, 1.693789035907993, 467.0572594216461;
  -1.318203559732452, 25.00328936399884, 878.0156681091321;
  0.01282062788638969, 0.01853577330476309, 0.9995796585798346]';
tag.up=[485.8648847082391, 882.3720509748066;
  463.1409208771197, 856.9532043802285;
  449.7742829610796, 874.6452358862778;
  471.3161098023102, 899.575290333112]';
tag.uc=[467.258, 878.377];
tags{7}=tag;

tag.id=10;
tag.hammingDistance=0;
tag.familyName='Tag36h11';
tag.H=[6.698135374964367, 18.79165542489987, 588.3307376342736;
  31.51071139613148, 9.471115657719448, 951.0894393236463;
  0.01925509750599961, 0.001414255902620064, 0.9994990992965291];
tag.p=[575.0141423459183, 929.7915353443051;
  566.4156044779053, 956.5426421784417;
  601.685463617787, 972.4582874003336;
  611.6428532829518, 946.4086267337651]';
tag.c=[588.6255806016781;
  951.566079442238];
tag.uH=[5.895847886459629, 18.8839787999566, 586.8673724731924;
  31.44825718177936, 9.460005311479131, 960.667965086152;
  0.01822526284042193, 0.00103422351079269, 0.9996019220443649]';
tag.up=[573.3568033474504, 938.2050087617354;
  564.401650870532, 966.4313186788227;
  600.3227263330813, 983.0372416770613;
  610.5957276918003, 955.4902893090721]';
tag.uc=[587.103, 961.037];
tags{8}=tag;

tag.id=4;
tag.hammingDistance=0;
tag.familyName='Tag36h11';
tag.H=[-14.88214546740773, -21.59698537188461, 718.1166727789131;
  -32.34061309353967, -3.967327345519212, 1014.296856877071;
  -0.0191681415305236, -0.003587062120340218, 0.9995935156682113];
tag.p=[738.10020921315, 1027.638395258982;
  736.6080813366107, 1001.942185688516;
  697.7997623085811, 1001.177886254572;
  700.7679627951088, 1027.084550460577]';
tag.c=[718.4086946571119;
  1014.709320317099];
tag.uH=[-14.23822287133804, -21.90341659642152, 719.3703385335969;
  -32.39375784936373, -3.886019356076193, 1027.541530855478;
  -0.01813465427848709, -0.003368506728126671, 0.9996808881188107]';
tag.up=[739.8381349691124, 1041.755898053029;
  738.172216024486, 1014.33861195584;
  698.4698225269744, 1013.379188850235;
  701.570692387243, 1041.01297631667]';
