% AprilTagFinder log 77
% @ Fri Mar 16 13:46:47 2018

K=[1664.010615128407, 0, 667.9657771371558;
  0, 1668.819944196452, 457.9230104705811;
  0, 0, 1];
distCoeffs=[-0.2237256636237109;
  0.2343996528647796;
  0;
  0;
  0];
tags={};

tag.id=1;
tag.hammingDistance=0;
tag.familyName='Tag36h11';
tag.H=[18.02116025473043, -12.75505433082744, 960.000112538199;
  -5.971138227367684, -4.73777387899266, 273.161684027488;
  0.0185617686726403, 0.00355160964220485, 0.9992340704232778];
tag.p=[977.0891296490399, 290.5174339531301;
  976.8616851361367, 268.1093091607507;
  945.0909381079773, 256.9671782559291;
  944.1183933822873, 278.7933164390894]';
tag.c=[960.7359686319952;
  273.3710670131335];
tag.uH=[17.72688156161893, -12.62999820327674, 962.919804847463;
  -6.294409757436271, -4.569980661570777, 271.449328499446;
  0.01810325805575528, 0.004007070433260407, 0.9993767493129525]';
tag.up=[980.1119540608786, 288.8804251045171;
  980.0689986801137, 266.138444415448;
  947.6617862688938, 255.1029414256656;
  946.491469709805, 277.2539921254488]';
tag.uc=[963.512, 271.621];
tags{1}=tag;

tag.id=2;
tag.hammingDistance=0;
tag.familyName='Tag36h11';
tag.H=[-13.57525986252113, -5.962409574861324, 502.8528100695594;
  7.808023263969996, 9.408378803299193, 331.0427438394958;
  0.004413102282046907, -0.0111423842427764, 0.9991997526194148];
tag.p=[519.3114638797335, 311.9766215945956;
  488.0388301316332, 324.652069377825;
  486.9818850241551, 350.9012672947654;
  518.9535261400391, 338.1741863850163]';
tag.c=[503.2555389964063;
  331.3078720963081];
tag.uH=[-13.76635548086015, -5.804159682971335, 502.3551748749367;
  7.73804558614049, 9.566782453844098, 330.6530777547833;
  0.004246904169567498, -0.01092017173327899, 0.9993546233843479]';
tag.up=[518.7948979237799, 311.4694655340973;
  487.3167197665863, 324.1172060373178;
  486.3404595282123, 350.5219712486269;
  518.5168005055104, 337.8232261060267]';
tag.uc=[502.686, 330.87];
tags{2}=tag;

tag.id=16;
tag.hammingDistance=0;
tag.familyName='Tag36h11';
tag.H=[2.736284067549947, -13.93956586443476, 494.2129896583145;
  -8.370726448129012, 12.71703271048175, 446.5995299813405;
  0.01562872475825053, 0.004686751688830386, 0.9991355953411614];
tag.p=[516.3525572259832, 451.8227764041746;
  505.7916892404748, 421.2664295597598;
  473.7939085337086, 442.3418138672206;
  483.2424830151484, 473.2749519924982]';
tag.c=[494.6405592621913;
  446.9859066815112];
tag.uH=[2.633058528756127, -14.27960823359445, 493.869799411015;
  -8.463564046849983, 12.54146031015317, 446.647834522802;
  0.01551723250954061, 0.004241443573741366, 0.9993056201839789]';
tag.up=[516.0714235942621, 451.8114648512742;
  505.4309647443654, 421.1848941748556;
  473.2018266928659, 442.2943026410383;
  482.7321889709701, 473.3173613938812]';
tag.uc=[494.22, 446.959];
tags{3}=tag;

tag.id=0;
tag.hammingDistance=0;
tag.familyName='Tag36h11';
tag.H=[4.510758547376495, -30.65271565166685, 911.9024052656607;
  -21.99574904405312, -9.934319282311803, 639.5678767447062;
  0.001674215461415451, -0.01025315898527928, 0.9994753404276657];
tag.p=[930.5494528457906, 666.1327229708583;
  936.3885082930111, 620.4318396168391;
  893.8981420550687, 613.2203228480726;
  887.7937692836191, 659.8457279582951]';
tag.c=[912.3810947406331;
  639.903608298171];
tag.uH=[5.025686120581466, -30.17644734399232, 913.8132115814145;
  -21.8303282650669, -9.523200961643616, 640.984209332941;
  0.002353877997985167, -0.009292300376917775, 0.9995776796762648]';
tag.up=[932.8854450242563, 667.98499447467;
  938.4886013841558, 621.7032806303124;
  895.2524220707598, 614.151203409252;
  889.3509275990633, 661.2760537122765]';
tag.uc=[914.185, 641.247];
tags{4}=tag;

tag.id=3;
tag.hammingDistance=0;
tag.familyName='Tag36h11';
tag.H=[0.2516973817210566, -14.78201074669146, 559.5508752373702;
  -27.09595903924867, -2.441744894107348, 764.3715942051057;
  -0.009408401098087124, 0.008059762238860443, 0.9994013281529897];
tag.p=[573.6509692988406, 793.3143385542278;
  585.1565095812065, 753.3276261206076;
  546.0839570083865, 736.2676321144219;
  535.4838272422948, 775.9361599040117]';
tag.c=[559.8860632609781;
  764.8294760801987];
tag.uH=[1.049572071904332, -14.84789447101335, 558.7040599235934;
  -26.74464975535011, -2.387351147301934, 767.0410430737373;
  -0.008281412439950809, 0.00823367940648129, 0.999515853220977]';
tag.up=[572.7483184735466, 796.5242402232225;
  584.5390286027649, 755.5303594195647;
  545.1916948862664, 738.3053138829273;
  534.2429576152352, 778.9147759226514]';
tag.uc=[558.981, 767.399];
tags{5}=tag;

tag.id=11;
tag.hammingDistance=0;
tag.familyName='Tag36h11';
tag.H=[-4.987231095791952, 3.026899643172511, 470.196473665785;
  -1.141918887151529, 26.34113804844899, 871.1590879998789;
  0.0126839335401202, 0.02071326769335121, 0.9994468484143855];
tag.p=[488.7500414665363, 875.6898481431326;
  466.1833549221269, 850.9795509241341;
  453.3464102085968, 867.8544524381831;
  474.661945045688, 891.9735875494679]';
tag.c=[470.4567075395236;
  871.6412377326178];
tag.uH=[-4.91363066578245, 2.355592424296583, 467.0271093921568;
  -1.036520929332379, 26.23955101328731, 877.9975814574339;
  0.01313456980351591, 0.0199525320018911, 0.9995546793097755]';
tag.up=[485.8776467420042, 882.3856399837584;
  463.1198814725542, 856.9469600901177;
  449.7870647972574, 874.6529423313009;
  471.291187137658, 899.5423946411004]';
tag.uc=[467.239, 878.381];
tags{6}=tag;

tag.id=10;
tag.hammingDistance=0;
tag.familyName='Tag36h11';
tag.H=[6.549303293699713, 19.18029832901709, 588.3364452506851;
  31.29190958351272, 10.11821601926856, 951.0782824318001;
  0.01901972894031667, 0.002093173464493084, 0.9995025771795767];
tag.p=[575.0335046794978, 929.7605854624657;
  566.3999896494004, 956.5369043054244;
  601.662486173011, 972.4410690289951;
  611.624370034947, 946.3945469126481]';
tag.c=[588.6292428688565;
  951.5516059153929];
tag.uH=[5.746804019022146, 19.27136412392277, 586.8728410624998;
  31.2269787723711, 10.11368385964171, 960.6553815977314;
  0.01798931192359881, 0.001713199036766378, 0.9996047297833081]';
tag.up=[573.3767336684782, 938.1723760652674;
  564.3857448351594, 966.4253763471191;
  600.2993457969087, 983.0191312888905;
  610.5769484910287, 955.4755343635318]';
tag.uc=[587.107, 961.022];
tags{7}=tag;

tag.id=4;
tag.hammingDistance=0;
tag.familyName='Tag36h11';
tag.H=[-15.46940687391391, -21.14010187042998, 718.1073557631718;
  -33.20186769666377, -3.320768635677088, 1014.304060495202;
  -0.02000224625644752, -0.002941461945743997, 0.9995790804090255];
tag.p=[738.0929529527324, 1027.68046691142;
  736.6560537690572, 1001.938554572935;
  697.8017245872381, 1001.17346963733;
  700.7758454987036, 1027.0944469053]';
tag.c=[718.4097485006627;
  1014.731180728744];
tag.uH=[-14.82559948582008, -21.44584470057226, 719.3636166457537;
  -33.26605651236024, -3.231265051114288, 1027.553578736847;
  -0.01896785127846624, -0.002722599855430574, 0.9996699178386129]';
tag.up=[739.830923974363, 1041.800840891063;
  738.2212944316597, 1014.334999782785;
  698.4718190892698, 1013.374494810836;
  701.5787945382655, 1041.023575403151]';
tag.uc=[719.601, 1027.88];
tags{8}=tag;

tag.id=13;
tag.hammingDistance=0;
tag.familyName='Tag36h11';
tag.H=[-6.594958398772173, 9.439021777777453, 857.7199366541627;
  10.77211681807918, -1.296372751374356, 1059.079831318865;
  0.00209325435577497, -0.004077115833890345, 0.9998903938765709];
tag.p=[853.2766150104455, 1047.640541357734;
  836.6154277558119, 1064.69545294562;
  862.3693423118631, 1070.797254746204;
  879.2757476989401, 1053.628101268186]';
tag.c=[857.8139583167572;
  1059.19592567823];
tag.uH=[-6.730764961873923, 9.790293051995089, 863.3045288115973;
  11.35056967211731, -1.0849789309062, 1076.739958462827;
  0.002107301893442311, -0.004205909565090033, 0.9999069431190218]';
tag.up=[858.5239773579622, 1064.33930330151;
  841.5500080741336, 1082.449224396399;
  868.2677987359359, 1089.392654578751;
  885.4994422713766, 1071.173352590275]';
