% AprilTagFinder log 58
% @ Wed Mar  7 16:05:42 2018

K=[1664.010615128407, 0, 667.9657771371558;
  0, 1668.819944196452, 457.9230104705811;
  0, 0, 1];
distCoeffs=[-0.2237256636237109;
  0.2343996528647796;
  0;
  0;
  0];
tags={};

tag.id=0;
tag.hammingDistance=0;
tag.familyName='Tag36h11';
tag.H=[24.99961972435631, 4.155358911510778, 541.0541941762413;
  -0.9746164145308799, -27.12560717647994, 61.483133458335;
  -0.008762210852084323, 0.004450062188948306, 0.9570664202428734];
tag.p=[532.4637266700091, 93.18218644221108;
  595.323394673739, 92.84710405742779;
  598.485034201588, 35.03832085892708;
  536.1448591669538, 36.41442705167976]';
tag.c=[565.3256479722052;
  64.24123985327216];
tag.uH=[25.57255850145039, 2.289845037331324, 539.5189561163698;
  -0.7469921441136629, -28.30467189580099, 56.5784303346501;
  -0.008516723591564407, 0.001407870095284765, 0.9566283484022463]';
tag.up=[530.8548278193565, 88.85139520663768;
  594.5324545329843, 88.87210793240399;
  597.4911969280129, 28.98947121795476;
  534.1464757186612, 30.02442621275395]';
tag.uc=[563.997, 59.1465];
tags{1}=tag;

tag.id=24;
tag.hammingDistance=0;
tag.familyName='Tag36h11';
tag.H=[26.04245653523826, 1.285764256645564, 554.6360560857667;
  -0.6904740729989874, -28.4760810934128, 135.6961375898171;
  -0.008747015825581, -0.0005819868976561378, 0.9886593844920196];
tag.p=[528.3707125743814, 165.1950011324827;
  590.9190043537019, 166.7339987043344;
  594.2471383625989, 108.7779817787341;
  531.5674021157278, 108.2543014764051]';
tag.c=[560.9981200661365;
  137.2526673173075];
tag.uH=[26.65381578472735, -0.1984086804287613, 554.4432730753737;
  -0.4345735266678235, -29.54243708989089, 133.0130897027206;
  -0.008357479563589917, -0.002999729524884815, 0.9900472274168848]';
tag.up=[527.2090049492631, 162.7589238857771;
  590.3649145982499, 164.6398831107669;
  593.5079265083665, 105.2769385100893;
  530.057318654612, 104.3830754868077]';
tag.uc=[560.033, 134.359];
tags{2}=tag;

