% AprilTagFinder log 59
% @ Fri Mar 16 13:46:37 2018

K=[1664.010615128407, 0, 667.9657771371558;
  0, 1668.819944196452, 457.9230104705811;
  0, 0, 1];
distCoeffs=[-0.2237256636237109;
  0.2343996528647796;
  0;
  0;
  0];
tags={};

tag.id=1;
tag.hammingDistance=0;
tag.familyName='Tag36h11';
tag.H=[18.31310185215766, -15.37987396932838, 960.0597433680831;
  -5.877536458250304, -5.530144673261261, 273.191625050591;
  0.01888105736437323, 0.000828465164415487, 0.9992326981177202];
tag.p=[977.1351401765335, 290.5488234221608;
  976.8672845738681, 268.2081770595524;
  945.0908518050245, 256.9173586241034;
  944.1352937747399, 278.7857348368483]';
tag.c=[960.7969646875765;
  273.4014064643891];
tag.uH=[18.02212774648308, -15.2658513129728, 962.9819207634532;
  -6.200382218336046, -5.359243220179062, 271.479565823878;
  0.01842547996467151, 0.00128019726700073, 0.9993767202547331]';
tag.up=[980.1588454880983, 288.9118882050943;
  980.07384921469, 266.2388345280018;
  947.6621265975314, 255.0523495975342;
  946.5087743533604, 277.2461773585275]';
tag.uc=[963.574, 271.652];
tags{1}=tag;

tag.id=2;
tag.hammingDistance=0;
tag.familyName='Tag36h11';
tag.H=[-12.97706652633896, -5.485077549434737, 502.8174988664088;
  8.220817183419676, 9.678330634800707, 331.0810525043335;
  0.005591051202855881, -0.01025799383133102, 0.9992042789217314];
tag.p=[519.2694359115183, 311.9741835038251;
  487.9797919966376, 324.735194963282;
  487.0157580970039, 350.8970328084809;
  518.9472433332993, 338.1672812591582]';
tag.c=[503.2179199722933;
  331.344710474631];
tag.uH=[-13.16852044022835, -5.326646561564545, 502.3192474878261;
  8.150599814883085, 9.836628395293825, 330.6912036781505;
  0.005425249077749297, -0.010034776522072, 0.9993582637338776]';
tag.up=[518.7525672826027, 311.4668652371862;
  487.2574557716301, 324.2006734348673;
  486.3746165622382, 350.5178187031602;
  518.5104573900005, 337.8162670744537]';
tag.uc=[502.648, 330.907];
tags{2}=tag;

tag.id=16;
tag.hammingDistance=0;
tag.familyName='Tag36h11';
tag.H=[3.092263468366517, -13.74845108430001, 494.2023919241757;
  -8.028227945045034, 12.89021373867387, 446.5960365954169;
  0.01635315614095643, 0.005091936520599082, 0.999122617290402];
tag.p=[516.3855840214467, 451.8197868663112;
  505.7910546543901, 421.3028547776496;
  473.8011986789244, 442.3596964578645;
  483.2273824014254, 473.2591833042658]';
tag.c=[494.6363773291826;
  446.988216327817];
tag.uH=[2.98860753585298, -14.0890791800623, 493.8605758018678;
  -8.121172617471391, 12.71436840955707, 446.6456038197348;
  0.01624145344967544, 0.004646030024599687, 0.999295449674955]';
tag.up=[516.1046330289292, 451.8084746579419;
  505.4303605697713, 421.2214075993591;
  473.2091915820156, 442.3122439697736;
  482.7169713032583, 473.3015553992973]';
tag.uc=[494.216, 446.962];
tags{3}=tag;

tag.id=0;
tag.hammingDistance=0;
tag.familyName='Tag36h11';
tag.H=[5.235177060460593, -30.09592479441602, 911.8864094967259;
  -21.48687554699632, -9.524776140322867, 639.5453875032264;
  0.002466922851531216, -0.009627701490483706, 0.9994798164663925];
tag.p=[930.5676343528056, 666.1335162232075;
  936.3794429153689, 620.4024763565744;
  893.8916094009478, 613.2440400903894;
  887.7541557575156, 659.831129843227]';
tag.c=[912.3610046680599;
  639.878241628035];
tag.uH=[5.751216764061054, -29.61840852908506, 913.7950625019353;
  -21.32052328263586, -9.112628117922625, 640.9601174046392;
  0.003146208532903963, -0.008666611918573536, 0.9995803465547534]';
tag.up=[932.9039900931585, 667.985954798756;
  938.4791636490418, 621.6735051707287;
  895.2459282221952, 614.1751164159334;
  889.3106317915638, 661.2609831905967]';
tag.uc=[914.165, 641.221];
tags{4}=tag;

tag.id=3;
tag.hammingDistance=0;
tag.familyName='Tag36h11';
tag.H=[0.3948795842806234, -14.36503149957211, 559.5343611699415;
  -26.91416552903063, -1.864901980696475, 764.3582907113102;
  -0.009162484594968542, 0.008797346690723514, 0.9993974468035971];
tag.p=[573.640704160605, 793.325705875274;
  585.1561659889497, 753.2919214359257;
  546.0926582601776, 736.2917261524615;
  535.4799752445239, 775.9393590246291]';
tag.c=[559.8717136605832;
  764.8191349257298];
tag.uH=[1.192940612565585, -14.43209997561286, 558.6877183543887;
  -26.56196687614986, -1.809007067496759, 767.0279147233099;
  -0.008034928896862059, 0.008970389863843213, 0.9995124283663536]';
tag.up=[572.7378854876256, 796.5359638355753;
  584.5388181930635, 755.4939043172535;
  545.2003526398249, 738.3298291551755;
  534.2390382400725, 778.9180801351449]';
tag.uc=[558.967, 767.389];
tags{5}=tag;

tag.id=6;
tag.hammingDistance=0;
tag.familyName='Tag36h11';
tag.H=[22.31894293225448, 34.62728265412168, 1095.156406332288;
  35.67760131098672, 20.70670332697936, 785.4587994737403;
  0.02602738075342286, 0.0226934805537, 0.9992782860174815];
tag.p=[1092.2119524365, 766.9967914436398;
  1080.026835396787, 798.3442735497969;
  1099.335466884512, 803.2860582575992;
  1111.974485548035, 773.6254277462432]';
tag.c=[1095.947366871063;
  786.0260854902629];
tag.uH=[22.21497915731899, 34.61098036595233, 1104.820506014583;
  36.06170463970273, 20.62821264747329, 792.8588758664273;
  0.02570929057517498, 0.02200702190712884, 0.9994366909878404]';
tag.up=[1101.157660641287, 773.5139600577922;
  1089.010465638288, 805.7660347003532;
  1109.337509193983, 811.293889818775;
  1122.006835362056, 780.7587047006009]';
tag.uc=[1105.44, 793.3];
tags{6}=tag;

tag.id=11;
tag.hammingDistance=0;
tag.familyName='Tag36h11';
tag.H=[-5.347257607413247, 1.963209520715846, 470.2519788572898;
  -1.82007867596568, 24.35849115013656, 871.1949981957853;
  0.01190390340837715, 0.01844850700618456, 0.9995011023980019];
tag.p=[488.7134769533179, 875.6722190738047;
  466.2253706869742, 851.0105220024544;
  453.3343091636021, 867.8257631312448;
  474.6925941229634, 891.9809136640016]';
tag.c=[470.4867035454606;
  871.6298522388972];
tag.uH=[-5.270953676096288, 1.299434637182395, 467.0776705205124;
  -1.719963426262621, 24.24117695448227, 878.0225263310662;
  0.01235433680813982, 0.01768780068453346, 0.9995969968410607]';
tag.up=[485.8405167049638, 882.3676805483165;
  463.1624255240531, 856.978614925617;
  449.77505254853, 874.6232243689583;
  471.3224493233144, 899.5496718454533]';
tag.uc=[467.27, 878.369];
tags{7}=tag;

tag.id=10;
tag.hammingDistance=0;
tag.familyName='Tag36h11';
tag.H=[7.079247366017979, 19.29993448085363, 588.3310174302187;
  32.16400320389963, 10.32294019958152, 951.0966047079014;
  0.01992571532472963, 0.002303900615391181, 0.9994844689786683];
tag.p=[575.0310001900611, 929.757123721933;
  566.4209724734162, 956.574237437967;
  601.6460067945042, 972.4673103536177;
  611.6453273110437, 946.4211085562725]';
tag.c=[588.6344767632155;
  951.5871774173615];
tag.uH=[6.274872893076481, 19.39038526330877, 586.8699489230302;
  32.10775954653397, 10.32023659949358, 960.6797059567948;
  0.01889472173202773, 0.001923407129686968, 0.9995910599669169]';
tag.up=[573.3742035202299, 938.1687561939474;
  564.4069035500434, 966.4646295969999;
  600.2823894289477, 983.0469842433718;
  610.5981990205585, 955.503425546515]';
tag.uc=[587.112, 961.059];
tags{8}=tag;

tag.id=4;
tag.hammingDistance=0;
tag.familyName='Tag36h11';
tag.H=[-14.21997503983527, -19.95964270008017, 718.096545401837;
  -31.39721717953987, -1.627969675001825, 1014.319783825425;
  -0.01822876372199995, -0.001306406580375204, 0.9996165944827724];
tag.p=[738.1394892647255, 1027.663402909146;
  736.5833496902844, 1001.888989381643;
  697.816437275968, 1001.237828572764;
  700.7669274288686, 1027.101843624921]';
tag.c=[718.3719731797759;
  1014.708828788762];
tag.uH=[-13.57445394961798, -20.2644414205901, 719.3451904510723;
  -31.4374790308396, -1.516808541985634, 1027.558641670647;
  -0.01719414276454929, -0.001089625147636809, 0.9996981796213289]';
tag.up=[739.878551782789, 1041.78285208002;
  738.1466270105009, 1014.281874267546;
  698.4870103646489, 1013.442995694918;
  701.569675852719, 1041.031459115238]';
