% AprilTagFinder log 97
% @ Fri Mar 16 13:47:07 2018

K=[1664.010615128407, 0, 667.9657771371558;
  0, 1668.819944196452, 457.9230104705811;
  0, 0, 1];
distCoeffs=[-0.2237256636237109;
  0.2343996528647796;
  0;
  0;
  0];
tags={};

tag.id=1;
tag.hammingDistance=0;
tag.familyName='Tag36h11';
tag.H=[19.35799948372359, -14.67642626995083, 960.0286087973853;
  -5.590186724433003, -5.273353634957539, 273.1495934874142;
  0.01994161511675699, 0.001533664349496315, 0.9992136438971938];
tag.p=[977.0988541905481, 290.4796867739816;
  976.8493905426968, 268.1082652220064;
  945.1559235424795, 256.9696281837956;
  944.1158320448685, 278.8181476640979]';
tag.c=[960.7841272593352;
  273.3645553738233];
tag.uH=[19.06713711750294, -14.55641723687624, 962.9545217668178;
  -5.91616987631892, -5.10184139240382, 271.4382333096802;
  0.01948244633847509, 0.0019895791896876, 0.9993616675326097]';
tag.up=[980.1222184884917, 288.8420678830536;
  980.05640473833, 266.1374951450796;
  947.7281288580793, 255.1048672433038;
  946.4886655845323, 277.2791799252498]';
tag.uc=[963.561, 271.614];
tags{1}=tag;

tag.id=2;
tag.hammingDistance=0;
tag.familyName='Tag36h11';
tag.H=[-14.25434710570542, -6.43326602613787, 502.8457028824653;
  7.36874439654327, 9.122650277548514, 331.0354029843388;
  0.003071159136672922, -0.01201985329284077, 0.9991940124586377];
tag.p=[519.3047696315299, 312.0034557076144;
  488.0527757545132, 324.64395019501;
  486.9077195711084, 350.9502052018576;
  518.9159914632106, 338.1651197643898]';
tag.c=[503.251317174282;
  331.3024286142249];
tag.uH=[-14.44435565923483, -6.275682728501258, 502.348557805024;
  7.299621230686111, 9.280768887535721, 330.6460499776862;
  0.002905698219162814, -0.01179950985636328, 0.9993499877798191]';
tag.up=[518.7882491541041, 311.4964603672991;
  487.3307624073478, 324.1090846784709;
  486.2657938632185, 350.5709423583796;
  518.4789967900758, 337.8140051346851]';
tag.uc=[502.682, 330.864];
tags{2}=tag;

tag.id=16;
tag.hammingDistance=0;
tag.familyName='Tag36h11';
tag.H=[2.72984722209922, -13.93568080420638, 494.2085271249569;
  -8.387134373830994, 12.72536370825626, 446.6044410464407;
  0.01559854388954868, 0.004712706518583356, 0.9991357118627844];
tag.p=[516.3483143402003, 451.8340408603542;
  505.8051043948873, 421.2701632823101;
  473.7889379423082, 442.3404915311609;
  483.2209053851032, 473.2780152074787]';
tag.c=[494.6360351824044;
  446.990769866281];
tag.uH=[2.626864638350892, -14.27595674122566, 493.865291307917;
  -8.479826766460107, 12.54964474756655, 446.652744960292;
  0.01548738972464376, 0.004267095017392804, 0.9993057136951549]';
tag.up=[516.0671588441917, 451.8227496328176;
  505.4444698336179, 421.1886497855942;
  473.1968103584658, 442.2929738182965;
  482.7104325315005, 473.3204429783326]';
tag.uc=[494.215, 446.964];
tags{3}=tag;

tag.id=0;
tag.hammingDistance=0;
tag.familyName='Tag36h11';
tag.H=[5.669165408914951, -30.61060468288074, 911.8853309837737;
  -21.18032809321071, -9.88432063074387, 639.5311969556685;
  0.00294448691531172, -0.01019090942042467, 0.9994729543701544];
tag.p=[930.5738935566474, 666.1199347936164;
  936.3591564444456, 620.4128072371298;
  893.8925368611754, 613.2334992977945;
  887.7341775739455, 659.8422610157008]';
tag.c=[912.3661895968196;
  639.8684368189702];
tag.uH=[6.186160545239302, -30.13424662993222, 913.7954025123383;
  -21.01329012976336, -9.473003249516905, 640.9468196050923;
  0.003623895740150588, -0.009229941108295819, 0.999575028754546]';
tag.up=[932.910257263891, 667.9722147024791;
  938.4585599077819, 621.6838208626109;
  895.2468106712523, 614.1644776719627;
  889.290437715941, 661.2721248218733]';
tag.uc=[914.17, 641.211];
tags{4}=tag;

tag.id=3;
tag.hammingDistance=0;
tag.familyName='Tag36h11';
tag.H=[-0.3083419969015333, -14.56358988214004, 559.5361332450326;
  -27.88055690194341, -2.1796270039192, 764.3857678127006;
  -0.0104151978694124, 0.008422616904107118, 0.9993884227833419];
tag.p=[573.615899416696, 793.3503319361688;
  585.1726330524322, 753.3367802544637;
  546.0862964629831, 736.2428768184168;
  535.5203639891902, 775.9441552070626]';
tag.c=[559.8785422055413;
  764.85353480867];
tag.uH=[0.4909743135971053, -14.62859679692821, 558.6910322761104;
  -27.53175150860307, -2.123332771659588, 767.0584038355502;
  -0.009287507128523012, 0.008598426742342269, 0.9995063757978287]';
tag.up=[572.7126889463416, 796.561374452708;
  584.5552547343049, 755.5396444934903;
  545.1941878829764, 738.2800658463138;
  534.2798841072864, 778.9227319858967]';
tag.uc=[558.973, 767.424];
tags{5}=tag;

tag.id=11;
tag.hammingDistance=0;
tag.familyName='Tag36h11';
tag.H=[-5.504457699832068, 3.045594689373128, 470.223215405853;
  -2.090037948020716, 26.37830647085697, 871.1878718116936;
  0.01160323290271113, 0.0207611820989494, 0.9994587014079883];
tag.p=[488.7652476707044, 875.7156517136426;
  466.1949028974695, 850.9733285677868;
  453.3377329469374, 867.8581881848563;
  474.6830894654, 891.9704187826159]';
tag.c=[470.4778844222635;
  871.6596999800062];
tag.uH=[-5.427675791994231, 2.374218602950789, 467.0531432995103;
  -1.992444641020776, 26.27708060376811, 878.0252475832675;
  0.01205344424032847, 0.02000067206931432, 0.9995645706359986]';
tag.up=[485.892883387292, 882.4123543637525;
  463.1317486956136, 856.9403628979749;
  449.7781358951551, 874.6569458007079;
  471.3128555916238, 899.5388218089763]';
tag.uc=[467.26, 878.4];
tags{6}=tag;

tag.id=10;
tag.hammingDistance=0;
tag.familyName='Tag36h11';
tag.H=[6.632222665874034, 18.27991076747852, 588.3158598472863;
  31.40471605621238, 8.70444298397733, 951.0690984146252;
  0.01912873712779841, 0.0005869451684603296, 0.9995028480461138];
tag.p=[575.026644672108, 929.7528802362457;
  566.4468423924844, 956.5095018639316;
  601.6648785561672, 972.4884585073837;
  611.60791677322, 946.387035022384]';
tag.c=[588.6084877070239;
  951.542159458405];
tag.uH=[5.829499530181357, 18.37093134483308, 586.8516299081388;
  31.34055004808544, 8.683608711164105, 960.6453932295238;
  0.01809765172417089, 0.0002036763766688235, 0.9996045962887264]';
tag.up=[573.3697920031944, 938.1643271505837;
  564.4337957485653, 966.3961093793387;
  600.3015581688301, 983.0692738649752;
  610.5602117396081, 955.4676887937746]';
tag.uc=[587.086, 961.012];
tags{7}=tag;

tag.id=4;
tag.hammingDistance=0;
tag.familyName='Tag36h11';
tag.H=[-13.20269474597575, -19.2511584755797, 718.0855172009136;
  -29.97169925811236, -0.6351706105445821, 1014.313624541433;
  -0.01681036355595143, -0.0003051150701932319, 0.9996419684303829];
tag.p=[738.1695335453413, 1027.698884758693;
  736.5547092690266, 1001.871943049125;
  697.825118298811, 1001.201255010206;
  700.722337883519, 1027.065897357203]';
tag.c=[718.342706567669;
  1014.676910908499];
tag.uH=[-12.55454152153728, -19.55312000463693, 719.328732838231;
  -29.99265384840105, -0.509812456746267, 1027.543984825603;
  -0.01577431599760631, -8.580768645783522e-05, 0.999717129519869]';
tag.up=[739.9095551776619, 1041.820954538995;
  738.1172262851507, 1014.263584625093;
  698.4958043260808, 1013.404107228537;
  701.523896443256, 1040.992919678924]';
tag.uc=[719.532, 1027.82];
tags{8}=tag;

tag.id=8;
tag.hammingDistance=0;
tag.familyName='Tag36h11';
tag.H=[-8.089203593438707, 2.730102355029102, 588.4629790405369;
  -0.2699153593251351, 21.75625261196147, 1060.822719041844;
  0.007083706307950735, 0.01596243732581087, 0.999688409035558];
tag.p=[608.0241469322901, 1064.193531867698;
  583.0016459344185, 1048.431978529788;
  570.1419554861388, 1058.250211132177;
  594.1917609543219, 1073.650770493849]';
tag.c=[588.6463959387628;
  1061.153364842216];
tag.uH=[-8.26482997270967, 2.282604461404627, 586.3148126005744;
  -0.4087950830274045, 22.07484688245958, 1077.488752715313;
  0.007320880297454668, 0.01563424493035155, 0.9997449532112254]';
tag.up=[606.37074020631, 1080.916663260947;
  580.7441254623338, 1064.1219651803;
  567.4511347165054, 1074.763294273407;
  592.0916768124887, 1091.178352309468]';
