% AprilTagFinder log 89
% @ Wed Mar  7 16:05:46 2018

K=[1664.010615128407, 0, 667.9657771371558;
  0, 1668.819944196452, 457.9230104705811;
  0, 0, 1];
distCoeffs=[-0.2237256636237109;
  0.2343996528647796;
  0;
  0;
  0];
tags={};

tag.id=1;
tag.hammingDistance=0;
tag.familyName='Tag36h11';
tag.H=[31.39339367027657, 1.015451088213102, 336.549417346726;
  -3.856287431667889, -38.52669852529615, 120.4763087836647;
  -0.01621744173444786, -0.0002568468480970596, 0.9735952603067199];
tag.p=[307.1911189768884, 164.4927822730601;
  383.1600642482181, 162.0103422312816;
  385.4875956176863, 81.5919044026607;
  309.4029237035093, 86.71152541793099]';
tag.c=[345.676926611886;
  123.7437297565623];
tag.uH=[33.15153806459734, -0.4436197368849915, 331.8371102126934;
  -3.09040555361123, -40.16995956711764, 115.2197175998274;
  -0.01492599977651704, -0.002868420942098122, 0.9753348585049073]';
tag.up=[301.1376740492992, 159.5693108309652;
  379.3976036721983, 158.1011518681327;
  380.6468071450134, 75.1427716931446;
  302.0834196135147, 79.13381914669657]';
tag.uc=[340.29, 118.158];
tags{1}=tag;

tag.id=0;
tag.hammingDistance=0;
tag.familyName='Tag36h11';
tag.H=[29.92762789659323, 1.008186462230789, 245.9419067765522;
  -3.702966873124509, -36.92710124883983, 125.1862421484872;
  -0.01614304925967369, -0.0005336313427582426, 0.9752664243006411];
tag.p=[216.7524441220219, 167.1631260410385;
  286.4162366163243, 165.06978584061;
  288.8386016599663, 88.20892835793111;
  219.0208460996473, 92.80891091961924]';
tag.c=[252.1792001123344;
  128.3610704000783];
tag.uH=[32.01706522293882, -0.09817124811861058, 237.4039803393287;
  -2.806267331116265, -38.52926523562143, 118.3638805341485;
  -0.01461850890260324, -0.002395324810351495, 0.9762634596224044]';
tag.up=[206.8309782772457, 160.7697771496794;
  279.589880832629, 159.8303081544418;
  280.717813108057, 80.28976539705633;
  207.6967711212244, 83.59936392809965]';
tag.uc=[243.237, 121.273];
tags{2}=tag;

tag.id=25;
tag.hammingDistance=0;
tag.familyName='Tag36h11';
tag.H=[30.0512533568791, 2.287650068610376, 339.12051346805;
  -4.852916565151754, -38.39399300107205, 222.995332391553;
  -0.02212027795329987, 0.003608137083440257, 0.9892657056045866];
tag.p=[304.4139252671491, 264.1874326660224;
  380.7679477979529, 266.2444010613096;
  382.6505823803453, 185.1638040334657;
  306.7573534150617, 186.6555205619571]';
tag.c=[342.8002320779912;
  225.4150033991829];
tag.uH=[31.89438284138578, 1.335033484373805, 335.5444641488396;
  -3.95446505888646, -39.61732082463004, 220.4162245994446;
  -0.02032576463446418, 0.00206786663900858, 0.9907858778141551]';
tag.up=[299.5749700220139, 261.6087694421533;
  378.0576758076031, 264.435539318077;
  379.1594149109389, 181.826273870356;
  301.0221075193637, 182.348351470763]';
tag.uc=[338.72, 222.497];
tags{3}=tag;

tag.id=24;
tag.hammingDistance=0;
tag.familyName='Tag36h11';
tag.H=[31.13283635878061, 1.567739513658236, 246.2701224639385;
  -2.953061060061291, -37.40694058401155, 222.7047409077103;
  -0.01323753058611911, 0.0009438313110988353, 0.9882575346559221];
tag.p=[213.4518846700459, 262.9198122301649;
  283.1762310003554, 264.0025776458073;
  285.841225077259, 186.8355492829009;
  216.1777903510635, 187.7928540393392]';
tag.c=[249.1963013969647;
  225.3509162318186];
tag.uH=[33.29492472762697, 0.82554712894355, 239.1623765256172;
  -1.934436074557587, -38.65024886932889, 218.8601902341961;
  -0.01110173855820803, -0.0001369067701324772, 0.9894883385727997]';
tag.up=[204.87015469467, 259.2379340315682;
  277.5905239808515, 261.1875772547377;
  279.335695118565, 182.2203849583998;
  206.5964723196179, 182.0640542165202]';
tag.uc=[241.756, 221.219];
tags{4}=tag;

