% AprilTagFinder log 96
% @ Fri Mar 16 13:47:07 2018

K=[1664.010615128407, 0, 667.9657771371558;
  0, 1668.819944196452, 457.9230104705811;
  0, 0, 1];
distCoeffs=[-0.2237256636237109;
  0.2343996528647796;
  0;
  0;
  0];
tags={};

tag.id=1;
tag.hammingDistance=0;
tag.familyName='Tag36h11';
tag.H=[17.10134145604345, -15.97494483211172, 960.0984746216491;
  -6.227970806423344, -5.672866155704718, 273.2159452313029;
  0.01760395682301061, 0.0002131263950342629, 0.9992572322319058];
tag.p=[977.1070390398037, 290.508578113411;
  976.9110839707262, 268.1958984579332;
  945.0881382451761, 256.9282345445621;
  944.1428962538353, 278.8271901136824]';
tag.c=[960.8121349066515;
  273.4190320755121];
tag.uH=[16.80496822301863, -15.86050612887535, 963.0159647664942;
  -6.549300098651663, -5.499778760729274, 271.5025929548264;
  0.0171460747867471, 0.0006672946686242794, 0.9993961393997312]';
tag.up=[980.1303742556796, 288.8713008833313;
  980.1188590558918, 266.2259643322711;
  947.6592619519649, 255.0634177493462;
  946.5162147619701, 277.2881363841697]';
tag.uc=[963.589, 271.669];
tags{1}=tag;

tag.id=2;
tag.hammingDistance=0;
tag.familyName='Tag36h11';
tag.H=[-14.28888605724948, -6.266042061893843, 502.8616255432542;
  7.326877210396633, 9.232345961533623, 331.0279206418762;
  0.002987774365916437, -0.01168416318443779, 0.9991989646119706];
tag.p=[519.316367399539, 312.0053053123167;
  488.068826605572, 324.6196840138188;
  486.9312904489478, 350.9199797237976;
  518.9136057172317, 338.1658199741597]';
tag.c=[503.2647584243002;
  331.2932982976296];
tag.uH=[-14.4789989722586, -6.108554690210088, 502.3640358051466;
  7.257595995859476, 9.390360445351721, 330.6382085669345;
  0.002821930199771856, -0.01146360593077123, 0.9993538887584155]';
tag.up=[518.7999344699916, 311.4983627816956;
  487.3468682726923, 324.0847141488396;
  486.2894786932175, 350.5406276771881;
  518.4765975619366, 337.8147021849747]';
tag.uc=[502.695, 330.855];
tags{2}=tag;

tag.id=16;
tag.hammingDistance=0;
tag.familyName='Tag36h11';
tag.H=[3.342698745585963, -13.85978605031297, 494.1908208160898;
  -7.858240621575081, 12.78451184899465, 446.5743650962788;
  0.01679895141260176, 0.004840900505041106, 0.9991158741783399];
tag.p=[516.3378912901958, 451.8249898830457;
  505.7922006727064, 421.2665385367563;
  473.8388638398707, 442.3199642979453;
  483.193593542896, 473.2952589270925]';
tag.c=[494.6281343217632;
  446.9695424102192];
tag.uH=[3.240047393996432, -14.19965701962423, 493.8495493997303;
  -7.950398956825858, 12.6092378283828, 446.6244400981009;
  0.01668924767399282, 0.004396167270897804, 0.9992899764417871]';
tag.up=[516.0566766607291, 451.8136802707641;
  505.4314795738821, 421.1850039050163;
  473.2471793488589, 442.2724073658534;
  482.6828882654617, 473.3377474026847]';
tag.uc=[494.207, 446.943];
tags{3}=tag;

tag.id=0;
tag.hammingDistance=0;
tag.familyName='Tag36h11';
tag.H=[5.090338484575038, -30.78041403663492, 911.9034670550202;
  -21.59064853207513, -9.999165902198044, 639.5458654151188;
  0.002307685884945785, -0.01037341354034663, 0.9994726389596762];
tag.p=[930.5785007046595, 666.1142663024708;
  936.3935374961268, 620.4140329385433;
  893.8947080135596, 613.2255525443439;
  887.7586394256734, 659.8529901788924]';
tag.c=[912.3846231590647;
  639.8833149457744];
tag.uH=[5.606043764749796, -30.30446188160516, 913.8144609414536;
  -21.42464227973923, -9.588096783182213, 640.962162243978;
  0.002986912531341607, -0.00941242840186237, 0.9995752640660895]';
tag.up=[932.9149068935495, 667.9664969636153;
  938.4936058015272, 621.6852958129224;
  895.2489685732947, 614.1564652288827;
  889.3153326988248, 661.2831687469611]';
tag.uc=[914.189, 641.226];
tags{4}=tag;

tag.id=3;
tag.hammingDistance=0;
tag.familyName='Tag36h11';
tag.H=[0.4768516964291134, -14.26866239012969, 559.5352575281914;
  -26.79595966325719, -1.735314675576944, 764.3417850112293;
  -0.009007196674008336, 0.008979934948187187, 0.9993970096954609];
tag.p=[573.65733914643, 793.3298019894174;
  585.1589478008885, 753.2847962310395;
  546.0876196655397, 736.2745492019322;
  535.480868353278, 775.9138342539148]';
tag.c=[559.8728554317914;
  764.8029537772398];
tag.uH=[1.274634574027798, -14.3354481672238, 558.6886520296079;
  -26.44343300481917, -1.67854131241858, 767.0109665213751;
  -0.007879784447617022, 0.00915376587515841, 0.9995119048511801]';
tag.up=[572.7546826615268, 796.5400885968027;
  584.5416508936208, 755.486618451941;
  545.1953562951726, 738.3123456967893;
  534.2401081205978, 778.8919120752249]';
tag.uc=[558.968, 767.372];
tags{5}=tag;

tag.id=11;
tag.hammingDistance=0;
tag.familyName='Tag36h11';
tag.H=[-5.167708479108915, 2.636425074429047, 470.2160301361317;
  -1.506019480306154, 25.62603526336847, 871.1635371315244;
  0.01228668369234659, 0.01989879306435086, 0.9994683012384769];
tag.p=[488.7374215437821, 875.6937473817595;
  466.2086100530644, 850.9615499798953;
  453.334981858264, 867.8139624074295;
  474.6593803764876, 891.9800071681091]';
tag.c=[470.4661764194724;
  871.6269801173629];
tag.uH=[-5.091780395469153, 1.967545100780473, 467.0448010394189;
  -1.402858051154937, 25.51853088891728, 877.9973793922397;
  0.01273866802826398, 0.01913777144215292, 0.9995714774644976]';
tag.up=[485.8647209704138, 882.3898431612915;
  463.145886645244, 856.927971656648;
  449.7758940622698, 874.6109268543594;
  471.2884847266812, 899.5491350731068]';
tag.uc=[467.249, 878.366];
tags{6}=tag;

tag.id=10;
tag.hammingDistance=0;
tag.familyName='Tag36h11';
tag.H=[6.791807014108066, 19.17672000916916, 588.3413059970319;
  31.69114680619516, 10.13351495299435, 951.0697633662679;
  0.01942671863942593, 0.002082231412203317, 0.999494520184425];
tag.p=[575.0317756706705, 929.7121853072091;
  566.4184682175612, 956.5205387775995;
  601.6726200531735, 972.4691972848063;
  611.6440450379437, 946.4054373794141]';
tag.c=[588.6388510549034;
  951.5507530654378];
tag.uH=[5.988151425032669, 19.2661146661584, 586.8790405560817;
  31.6298657649406, 10.12762119526823, 960.6485655989286;
  0.01839541202150569, 0.001699477390012617, 0.9995986215150343]';
tag.up=[573.3752815643714, 938.1215508268293;
  564.4047364110901, 966.407966736668;
  600.309557494935, 983.0488509411014;
  610.5969548905767, 955.4869254181187]';
tag.uc=[587.117, 961.021];
tags{7}=tag;

tag.id=4;
tag.hammingDistance=0;
tag.familyName='Tag36h11';
tag.H=[-14.31711935242363, -19.9521781077131, 718.0882468611004;
  -31.55102970456348, -1.635613306344283, 1014.305243719324;
  -0.01836710538104397, -0.001304548303771159, 0.9996140875055385];
tag.p=[738.1223085124399, 1027.672461607221;
  736.5754194092394, 1001.870941966817;
  697.8154285398214, 1001.200240796908;
  700.7667500792869, 1027.092208404211]';
tag.c=[718.365473072749;
  1014.696827903302];
tag.uH=[-13.6710027443523, -20.25634425407749, 719.3371362532394;
  -31.59290269675063, -1.524297698247448, 1027.54388347953;
  -0.01733143101960745, -0.0010870536193128, 0.99969629953539]';
tag.up=[739.8609831552279, 1041.792443083139;
  738.1384166992084, 1014.262627955228;
  698.485893397591, 1013.403006117232;
  701.5694694412002, 1041.021159115279]';
tag.uc=[719.555, 1027.84];
tags{8}=tag;

tag.id=8;
tag.hammingDistance=0;
tag.familyName='Tag36h11';
tag.H=[-5.549523356952981, 1.135510933123025, 588.4076249031484;
  4.330529607786575, 18.78040611034399, 1060.758340277685;
  0.01140044443529924, 0.01309718096720094, 0.9996909062910554];
tag.p=[607.9016836404207, 1064.042815814003;
  582.891772557609, 1048.411399064218;
  570.2012807287063, 1058.271248364375;
  594.2680274300483, 1073.718279316071]';
tag.c=[588.5895542315119;
  1061.086315382417];
tag.uH=[-5.731566324606688, 0.6906664936379351, 586.2570781544977;
  4.270595869669632, 19.04499463008099, 1077.417461565466;
  0.01164288042395961, 0.01275901050363265, 0.9997454702812543]';
tag.up=[606.2455665299898, 1080.75505306195;
  580.6313641518341, 1064.100620744637;
  567.5120038094869, 1074.78545054383;
  592.1697680367145, 1091.250676334443]';
