% AprilTagFinder log 36
% @ Fri Mar 16 13:46:29 2018

K=[1664.010615128407, 0, 667.9657771371558;
  0, 1668.819944196452, 457.9230104705811;
  0, 0, 1];
distCoeffs=[-0.2237256636237109;
  0.2343996528647796;
  0;
  0;
  0];
tags={};

tag.id=1;
tag.hammingDistance=0;
tag.familyName='Tag36h11';
tag.H=[20.09331975295759, -17.30913695874063, 960.0664964782345;
  -5.362694714368883, -6.052639126816304, 273.1683358925038;
  0.02069432602968562, -0.00118113269163868, 0.999198845012834];
tag.p=[977.1321158450461, 290.4846766380512;
  976.881848404275, 268.2060250693093;
  945.1647207695127, 256.9450366710612;
  944.0724050077422, 278.800646031797]';
tag.c=[960.8362752520027;
  273.3873615406302];
tag.uH=[19.8058485291914, -17.19806487208085, 962.9974794014428;
  -5.689490151503613, -5.877034199018429, 271.4580418346262;
  0.02023641899839631, -0.0007262834064271338, 0.9993511032682977]';
tag.up=[980.1562580686742, 288.8468614175679;
  980.0887981307642, 266.2365165489291;
  947.7373242299802, 255.0798180519018;
  946.4444834769324, 277.2617756782941]';
tag.uc=[963.614, 271.637];
tags{1}=tag;

tag.id=2;
tag.hammingDistance=0;
tag.familyName='Tag36h11';
tag.H=[-14.25517275177782, -6.255424635028859, 502.8544560163388;
  7.359017543311065, 9.231902315766222, 331.0396871274806;
  0.003087891215430013, -0.01169457364474392, 0.9991979037262048];
tag.p=[519.3120378620531, 312.0136300112841;
  488.031842854593, 324.6283779773045;
  486.9252303670158, 350.932452774452;
  518.9416825091159, 338.183005625577]';
tag.c=[503.2581174771245;
  331.3054259751435];
tag.uH=[-14.4460375010132, -6.097298410337087, 502.3569685897084;
  7.289267344154904, 9.390320720738904, 330.6501016048209;
  0.002920951768024138, -0.01147302151559558, 0.9993530556876941]';
tag.up=[518.7956032695371, 311.5067295336425;
  487.3095785074375, 324.0933262590116;
  486.2834037621645, 350.5531488692089;
  518.5049051284703, 337.8320575067159]';
tag.uc=[502.688, 330.868];
tags{2}=tag;

tag.id=16;
tag.hammingDistance=0;
tag.familyName='Tag36h11';
tag.H=[2.589287235580747, -14.69634862364346, 494.2491076738276;
  -8.517664640197747, 12.03468533464084, 446.6040280791541;
  0.01530237369077244, 0.003149081713059952, 0.9991468015600357];
tag.p=[516.3236177744019, 451.8090242004034;
  505.8189421733283, 421.2910498345687;
  473.8039230966217, 442.33669396859;
  483.2488432638683, 473.3125127151893]';
tag.c=[494.6711603361217;
  446.9853953211289];
tag.uH=[2.486693478293946, -15.03561446940641, 493.9047421054788;
  -8.610106652128326, 11.8591642237059, 446.6510766286112;
  0.01519161562285162, 0.002703853125530396, 0.9993140049572407]';
tag.up=[516.0423216218444, 451.7976827580115;
  505.4584164969879, 421.209600434789;
  473.211929667837, 442.289171776377;
  482.7385845467568, 473.3550243978361]';
tag.uc=[494.251, 446.959];
tags{3}=tag;

tag.id=0;
tag.hammingDistance=0;
tag.familyName='Tag36h11';
tag.H=[5.987931101906899, -30.19446711283271, 911.8867996233084;
  -20.9595218545884, -9.598586194788785, 639.525964573904;
  0.003287464124029746, -0.009742382656991842, 0.9994764748884392];
tag.p=[930.573736694277, 666.1329758724131;
  936.3587935676626, 620.4060315182634;
  893.9184229497382, 613.2473687273426;
  887.7362205481738, 659.8298191585752]';
tag.c=[912.3644453213295;
  639.8609478480097];
tag.uH=[6.505360680699178, -29.71733703892835, 913.7956655614462;
  -20.79213176097849, -9.186753295809124, 640.9406924409601;
  0.003966556233874367, -0.008781604248615051, 0.9995773152190699]';
tag.up=[932.9102076440385, 667.9854579389606;
  938.4581441331341, 621.676961837735;
  895.2731368903941, 614.1786261273041;
  889.2924244519072, 661.2595299012658]';
tag.uc=[914.168, 641.204];
tags{4}=tag;

tag.id=6;
tag.hammingDistance=0;
tag.familyName='Tag36h11';
tag.H=[10.28206489621481, 33.77065540735127, 1062.289707883843;
  27.48069612538843, 18.46139978086084, 738.5519117071699;
  0.01460022798596554, 0.02077402127667217, 0.9995089485614643];
tag.p=[1056.114864780613, 718.3745344967106;
  1045.771018835588, 752.5870841125408;
  1069.050527164374, 758.0507725537145;
  1079.642966125974, 725.4102959140557]';
tag.c=[1062.811603050414;
  738.914756861482];
tag.uH=[9.987605868697042, 33.60814323535225, 1069.580475732924;
  27.65207209188505, 18.26410731893707, 743.7375968770132;
  0.01417656793159605, 0.01998676892144233, 0.9996189502139995]';
tag.up=[1062.694832600557, 722.7897520028287;
  1052.480844391383, 757.8203215414583;
  1076.799441774798, 763.8492089201983;
  1087.302616077665, 730.3871540636599]';
tag.uc=[1069.98, 744.015];
tags{5}=tag;

tag.id=3;
tag.hammingDistance=0;
tag.familyName='Tag36h11';
tag.H=[0.4004718232747253, -14.95441313204221, 559.5648306673218;
  -26.9081727662733, -2.671502020124168, 764.3767101130343;
  -0.00915252600465353, 0.007745471126297276, 0.9994062046029174];
tag.p=[573.6522438498245, 793.3112170305809;
  585.1551277133149, 753.3169023303077;
  546.1035608186364, 736.270201762631;
  535.4793818460596, 775.9619408379575]';
tag.c=[559.8972951039934;
  764.8308631591249];
tag.uH=[1.198581660320027, -15.02047367403527, 558.7174804088088;
  -26.55588146706741, -2.618329201032855, 767.0452583088637;
  -0.008024869391393257, 0.00791854531199428, 0.9995195730155541]';
tag.up=[572.7496222034526, 796.5210284396881;
  584.5376758288579, 755.5194151285391;
  545.211474285247, 738.307829080268;
  534.2382908182437, 778.9412298593538]';
tag.uc=[558.993, 767.4];
tags{6}=tag;

tag.id=11;
tag.hammingDistance=0;
tag.familyName='Tag36h11';
tag.H=[-4.915451565781002, 2.56731815356065, 470.2116913837095;
  -1.008250116369197, 25.48786420368537, 871.1619306291658;
  0.01283625562146808, 0.01972824939576395, 0.9994648778117242];
tag.p=[488.7368317277184, 875.6665530025666;
  466.1913790976776, 850.9861894204842;
  453.3432533567998, 867.8450048208767;
  474.6770003668818, 891.9877930922355]';
tag.c=[470.4634468128718;
  871.6283583036244];
tag.uH=[-4.842197324067371, 1.899015336117639, 467.0405837485577;
  -0.9015444100202828, 25.37935696035071, 877.9961858088087;
  0.01328709339858834, 0.01896704194419672, 0.9995684542089206]';
tag.up=[485.8644203177519, 882.3615168950762;
  463.12799799537, 856.9537567932906;
  449.7839565763913, 874.6431451512121;
  471.3064132800627, 899.5570538408115]';
tag.uc=[467.246, 878.368];
tags{7}=tag;

tag.id=10;
tag.hammingDistance=0;
tag.familyName='Tag36h11';
tag.H=[5.983263722522514, 18.65792588928293, 588.3468344565613;
  30.34859091485669, 9.27724475831069, 951.0926802209103;
  0.01801346499751654, 0.001199329489721292, 0.999522638167166];
tag.p=[575.0280367773255, 929.7742447696337;
  566.4187178903643, 956.5372931082861;
  601.7146399543335, 972.4983387616885;
  611.5969231942726, 946.3857609327422]';
tag.c=[588.6278229129641;
  951.5469123990407];
tag.uH=[5.182086123937669, 18.74895492597863, 586.8801796395084;
  30.27357119569648, 9.262555958932658, 960.6648132076209;
  0.01698187926283354, 0.0008171107688967112, 0.9996196897370947]';
tag.up=[573.3710738764646, 938.1867582106951;
  564.4048695664119, 966.4256497464468;
  600.3523260862875, 983.0794870361831;
  610.5490137804421, 955.4663910806159]';
tag.uc=[587.106, 961.017];
tags{8}=tag;

tag.id=4;
tag.hammingDistance=0;
tag.familyName='Tag36h11';
tag.H=[-13.53318718283095, -21.19602421260489, 718.1393728133033;
  -30.44605175818207, -3.375727317112154, 1014.313002306705;
  -0.0172888569940898, -0.003016954936292398, 0.9996294475630262];
tag.p=[738.1533064977884, 1027.648344957304;
  736.5876611529188, 1001.913145506427;
  697.8389334761474, 1001.19223876182;
  700.7353684352346, 1027.10517856321]';
tag.c=[718.405579751616;
  1014.688997787606];
tag.uH=[-12.88605524597759, -21.50257232326167, 719.3865744675771;
  -30.47372141395252, -3.287291763826737, 1027.547711795255;
  -0.01625393446398341, -0.002799571952171682, 0.9997079827766727]';
tag.up=[739.8926384190447, 1041.766828249822;
  738.1511655448857, 1014.307602136614;
  698.5099110398247, 1013.394547051014;
  701.5373483679263, 1041.034942676045]';
