% AprilTagFinder log 45
% @ Wed Mar  7 16:07:44 2018

K=[1664.010615128407, 0, 667.9657771371558;
  0, 1668.819944196452, 457.9230104705811;
  0, 0, 1];
distCoeffs=[-0.2237256636237109;
  0.2343996528647796;
  0;
  0;
  0];
tags={};

tag.id=28;
tag.hammingDistance=0;
tag.familyName='Tag16h5';
tag.H=[20.58987742439651, 4.502408843257311, 247.3335788538315;
  -1.77524525600053, -20.62087211020375, 213.5360389518179;
  -0.01310850307631359, 0.01197410345023922, 0.9946346378725318];
tag.p=[223.1855824162325, 236.9346178012212;
  271.6935645725757, 239.6794171875621;
  274.2081527854698, 192.3904134366172;
  226.7747373527695, 190.9258798622602]';
tag.c=[248.6677714973452;
  214.6879173729156];
tag.uH=[22.1364248563827, 3.979220514331611, 239.8705373138413;
  -1.011330937386086, -21.42308657109051, 209.2444743811508;
  -0.01157817125084746, 0.01132630957024965, 0.9951967633352901]';
tag.up=[214.7230967622567, 232.7300441154863;
  265.3793211136833, 236.2019006278868;
  267.3284763120144, 187.7510661636397;
  217.7699492615218, 185.476420636447]';
tag.uc=[241.05, 210.269];
tags{1}=tag;

