% AprilTagFinder log 36
% @ Wed Mar  7 16:07:36 2018

K=[1664.010615128407, 0, 667.9657771371558;
  0, 1668.819944196452, 457.9230104705811;
  0, 0, 1];
distCoeffs=[-0.2237256636237109;
  0.2343996528647796;
  0;
  0;
  0];
tags={};

tag.id=28;
tag.hammingDistance=0;
tag.familyName='Tag16h5';
tag.H=[18.07062526300805, 5.286635148987576, 437.0227631983941;
  2.278717233691429, -18.50143572522814, 54.24032786940496;
  -0.003745099984669809, 0.008270272519665736, 0.9716024496478074];
tag.p=[427.7481361379807, 72.86185709099442;
  468.7503239949968, 78.17996158477644;
  471.6391721206437, 38.94737584912697;
  431.3044797786854, 34.01745490669838]';
tag.c=[449.7958638914598;
  55.82563927156249];
tag.uH=[18.76259795730563, 4.147731160408532, 432.3513220630149;
  2.679182757159358, -19.34031251256852, 47.76418423318736;
  -0.003203004969855655, 0.006260613281669112, 0.9688735006826947]';
tag.up=[423.9073238186177, 66.7051584594667;
  465.8943082192343, 72.73584507048133;
  468.3841293227829, 32.00087146761933;
  427.0040400296448, 26.31454648299945]';
tag.uc=[446.255, 49.3];
tags{1}=tag;

