% AprilTagFinder log 51
% @ Wed Mar  7 16:05:42 2018

K=[1664.010615128407, 0, 667.9657771371558;
  0, 1668.819944196452, 457.9230104705811;
  0, 0, 1];
distCoeffs=[-0.2237256636237109;
  0.2343996528647796;
  0;
  0;
  0];
tags={};

tag.id=25;
tag.hammingDistance=0;
tag.familyName='Tag36h11';
tag.H=[21.43973340248749, 5.123887238302112, 577.501639643526;
  -1.335791997304681, -28.24140275233882, 75.75711134264954;
  -0.01675325443473561, 0.005827983796678531, 0.9674220602388107];
tag.p=[563.1313150401757, 107.6655526804418;
  628.4841551893305, 108.6561034477403;
  631.5392449319723, 48.2802630339008;
  566.8524482155739, 49.34478568213039]';
tag.c=[596.9490084823661;
  78.30823221454004];
tag.uH=[21.9796992074595, 3.178432734488635, 577.4064384719081;
  -1.121646308693064, -29.49492804900184, 71.54717347047138;
  -0.01660223766770216, 0.002732773100338013, 0.9686335853414073]';
tag.up=[562.0288422069701, 103.9821328954093;
  628.0998392023009, 105.2563227526448;
  631.0580453768453, 42.86882538407883;
  565.4552192030856, 43.69886980106844]';
tag.uc=[596.118, 73.868];
tags{1}=tag;

tag.id=24;
tag.hammingDistance=0;
tag.familyName='Tag36h11';
tag.H=[26.27510923912151, 0.9344877525461621, 500.2155596903069;
  -0.6305366276214551, -27.91163080846718, 76.6820724417654;
  -0.005850145188076076, -0.001861077113015659, 0.9697509857364044];
tag.p=[483.912276924055, 107.6504431707068;
  544.1881395049736, 107.6488570540913;
  548.2363377565717, 50.03941295916474;
  487.6814262132394, 50.73323015475409]';
tag.c=[515.8185627524327;
  79.07398246523563];
tag.uH=[27.01372967485412, -0.72280644462648, 498.6737613441471;
  -0.3204533222257667, -29.08518024242859, 71.94739874684855;
  -0.005428927005597437, -0.004688120609738441, 0.9705355959255921]';
tag.up=[481.6533325530103, 103.3514418296983;
  542.8450384615633, 103.8480608041954;
  546.5497843546614, 44.29381294194911;
  484.9034381470055, 44.45887331450268]';
tag.uc=[513.835, 74.136];
tags{2}=tag;

