% AprilTagFinder log 67
% @ Fri Mar 16 13:46:42 2018

K=[1664.010615128407, 0, 667.9657771371558;
  0, 1668.819944196452, 457.9230104705811;
  0, 0, 1];
distCoeffs=[-0.2237256636237109;
  0.2343996528647796;
  0;
  0;
  0];
tags={};

tag.id=1;
tag.hammingDistance=0;
tag.familyName='Tag36h11';
tag.H=[17.8461593728466, -18.84660103945805, 960.1287469358228;
  -6.012719649701267, -6.487312966660674, 273.2161727299734;
  0.01838690254688986, -0.002770070917549774, 0.9992394149377206];
tag.p=[977.1320879698691, 290.4734094100796;
  976.896349965577, 268.22004581524;
  945.0878471839146, 256.8995766597803;
  944.1289888943829, 278.8533643464498]';
tag.c=[960.8595623659066;
  273.4241350427536];
tag.uH=[17.55253103983174, -18.74120045430732, 963.0519892039982;
  -6.335199840474012, -6.309111563366879, 271.5038668573495;
  0.01792980149971304, -0.002316415960742185, 0.9993832495529454]';
tag.up=[980.1563193303458, 288.8354355523766;
  980.1035377646203, 266.2506291009452;
  947.6592112150422, 255.0343176891482;
  946.5018219700389, 277.3147728140524]';
tag.uc=[963.638, 271.674];
tags{1}=tag;

tag.id=2;
tag.hammingDistance=0;
tag.familyName='Tag36h11';
tag.H=[-11.97867068641845, -5.881290698689808, 502.7799022873488;
  8.908610729863975, 9.434333626901822, 331.0836951061501;
  0.007604945497761508, -0.01099492430619393, 0.999182064282659];
tag.p=[519.3041909160366, 311.9384316613837;
  488.0048521841338, 324.7827075116676;
  486.9690651048978, 350.9032101781651;
  518.9542346785181, 338.1760548685854]';
tag.c=[503.1914805719703;
  331.3547219683576];
tag.uH=[-12.17056044488469, -5.723603851663652, 502.283878211181;
  8.838184148786031, 9.592309175465877, 330.6954126540728;
  0.007440836085653302, -0.01077360385938172, 0.9993408589414676]';
tag.up=[518.7874425926125, 311.4309886274232;
  487.2829259578656, 324.2486055864612;
  486.3275331589155, 350.5238849408757;
  518.5175189360798, 337.8251063463595]';
tag.uc=[502.622, 330.917];
tags{2}=tag;

tag.id=16;
tag.hammingDistance=0;
tag.familyName='Tag36h11';
tag.H=[3.012844822835044, -13.55854647164657, 494.1887031666513;
  -8.100828906503502, 13.0556843503853, 446.6000626879682;
  0.01621747440390472, 0.005459815644125296, 0.9991225310543423];
tag.p=[516.381259676319, 451.8362653128251;
  505.7630594329643, 421.2812111002855;
  473.7882898485901, 442.3540333737629;
  483.2398694657625, 473.2630519930612]';
tag.c=[494.6227192426035;
  446.9922845365977];
tag.uH=[2.908914036746872, -13.89910621391747, 493.8468516719473;
  -8.194023210802589, 12.87999920295544, 446.6496997901797;
  0.01610530393018216, 0.005014264507934766, 0.9992955031558703]';
tag.up=[516.1002871468656, 451.8249831039837;
  505.4021645125393, 421.1996844806632;
  473.1961628909303, 442.306557164389;
  482.729559299307, 473.3054292602321]';
tag.uc=[494.202, 446.966];
tags{3}=tag;

tag.id=0;
tag.hammingDistance=0;
tag.familyName='Tag36h11';
tag.H=[6.03242871364834, -31.31446787435065, 911.902341153768;
  -20.93577368185565, -10.37317898983222, 639.5241332124338;
  0.003327760292660477, -0.01097685003088847, 0.9994636149647381];
tag.p=[930.565542404591, 666.0953463812916;
  936.357260035278, 620.4194635727032;
  893.9376057137092, 613.2347985142102;
  887.7302450118661, 659.88000398091]';
tag.c=[912.3917344264108;
  639.8673484827125];
tag.uH=[6.549462235357225, -30.84068358968415, 913.8148936353726;
  -20.76883401144377, -9.963646763496689, 640.9413675944909;
  0.00400619802615044, -0.01001741839322198, 0.9995679545532781]';
tag.up=[932.901534212137, 667.947171613313;
  938.4566724508372, 621.6905436660176;
  895.2925200292184, 614.1660392193601;
  889.2867089981128, 661.310347976959]';
tag.uc=[914.196, 641.21];
tags{4}=tag;

tag.id=3;
tag.hammingDistance=0;
tag.familyName='Tag36h11';
tag.H=[-0.03928152045212841, -14.38480418359935, 559.5159579412795;
  -27.49841660448578, -1.923582481426299, 764.3628398674565;
  -0.009924177890263416, 0.008760186006601649, 0.999390330482789];
tag.p=[573.6220721008756, 793.3450700367338;
  585.1514114900086, 753.3226378914546;
  546.0603984885723, 736.2466931226563;
  535.4915884735965, 775.9132786144445]';
tag.c=[559.8572858624582;
  764.8291328756457];
tag.uH=[0.7592151097261602, -14.45023869667709, 558.6702682938468;
  -27.14849580247303, -1.866451811231424, 767.0343597200517;
  -0.008796966815823164, 0.008935904443733704, 0.99950740785186]';
tag.up=[572.7189549123227, 796.5559406220843;
  584.5339060345704, 755.5252857055311;
  545.1680197905465, 738.2840940011753;
  534.2509614561313, 778.8912724555857]';
tag.uc=[558.952, 767.399];
tags{5}=tag;

tag.id=11;
tag.hammingDistance=0;
tag.familyName='Tag36h11';
tag.H=[-5.194312205467377, 2.612342721698039, 470.2210971229994;
  -1.524768837731041, 25.54858741785031, 871.1679259187263;
  0.01224104117186758, 0.01980542766513362, 0.9994710397235886];
tag.p=[488.7234424627779, 875.6694142699409;
  466.1874589608792, 850.9818609585882;
  453.3506448104673, 867.8396024009546;
  474.6881188142298, 891.9659217439295]';
tag.c=[470.4699570415194;
  871.6289830265162];
tag.uH=[-5.119212597303672, 1.944427056389322, 467.0496558201729;
  -1.422129328335347, 25.44087424129605, 878.0013144170125;
  0.01269170718123194, 0.01904497700276141, 0.9995736480982756]';
tag.up=[485.8507207025916, 882.3646472159642;
  463.1240455630889, 856.9493095902745;
  449.7915911694536, 874.6374228677843;
  471.3180555792437, 899.5340600915324]';
tag.uc=[467.253, 878.368];
tags{6}=tag;

tag.id=10;
tag.hammingDistance=0;
tag.familyName='Tag36h11';
tag.H=[6.265740472284897, 18.50954013393965, 588.3276819730477;
  30.80736872934486, 9.058786999907456, 951.0713750589375;
  0.01848368684666336, 0.0009665419840788492, 0.9995145272563919];
tag.p=[575.0157436324323, 929.7402433630344;
  566.4365212059986, 956.528674039731;
  601.6920201770396, 972.4944114784009;
  611.5815504219511, 946.3597459538]';
tag.c=[588.6134377535985;
  951.5333185497284];
tag.uH=[5.463439788525915, 18.60012829474277, 586.8619653231342;
  30.73664570355873, 9.041176254506034, 960.6446386182186;
  0.01745132373584276, 0.0005833471625421897, 0.9996135338988296]';
tag.up=[573.3587637281356, 938.1511243915379;
  564.4231151340185, 966.4164217765458;
  600.3292460363517, 983.075441300703;
  610.5334520816876, 955.4390534411474]';
tag.uc=[587.091, 961.002];
tags{7}=tag;

tag.id=4;
tag.hammingDistance=0;
tag.familyName='Tag36h11';
tag.H=[-13.3696996839229, -20.3071023270272, 718.1222454123133;
  -30.2008265193637, -2.115051937713189, 1014.319526802856;
  -0.01706085824879185, -0.001791067041289445, 0.9996365592166649];
tag.p=[738.1517404071186, 1027.63597348557;
  736.5746910796452, 1001.896634742982;
  697.8549823534421, 1001.242897142786;
  700.7393760734459, 1027.095062464479]';
tag.c=[718.3833352143984;
  1014.688305915599];
tag.uH=[-12.72299809881178, -20.61304787867346, 719.367608179393;
  -30.22562316117482, -2.010997685239032, 1027.552306321648;
  -0.01602697984468495, -0.001575299866587421, 0.9997132668433806]';
tag.up=[739.8909647727562, 1041.75359217357;
  738.1378052757584, 1014.289964494917;
  698.52643771766, 1013.448476038324;
  701.5414287743446, 1041.024139416484]';
tag.uc=[719.574, 1027.83];
tags{8}=tag;

tag.id=13;
tag.hammingDistance=0;
tag.familyName='Tag36h11';
tag.H=[-9.112069599607045, 12.3008043598766, 857.7894835636333;
  7.633664340638831, 2.280192775865636, 1059.085688187107;
  -0.0008636743202513713, -0.0007149708117594434, 0.9999005826787261];
tag.p=[853.338466811285, 1047.622159237515;
  836.5841835659451, 1064.703334826772;
  862.4254220433921, 1070.796408551915;
  879.1590271267116, 1053.680284738553]';
tag.c=[857.8747711753721;
  1059.190990118062];
tag.uH=[-9.265711122435192, 12.66776214898572, 863.374682493913;
  8.157318152484979, 2.548557882445469, 1076.744693174233;
  -0.0008519110601777414, -0.0008466781164665457, 0.9999154810761696]';
tag.up=[858.5875973565212, 1064.320454006468;
  841.5178384200341, 1082.457296307187;
  868.3258389467356, 1089.392598827755;
  885.3794553419973, 1071.2275565311]';
