% AprilTagFinder log 5
% @ Fri Mar 16 13:46:20 2018

K=[1664.010615128407, 0, 667.9657771371558;
  0, 1668.819944196452, 457.9230104705811;
  0, 0, 1];
distCoeffs=[-0.2237256636237109;
  0.2343996528647796;
  0;
  0;
  0];
tags={};

tag.id=1;
tag.hammingDistance=0;
tag.familyName='Tag36h11';
tag.H=[17.68040122843362, -16.46312092638715, 960.1115875196336;
  -6.064274968120076, -5.791353667588047, 273.2371493978794;
  0.01821636189931245, -0.000299793698209793, 0.999246889352256];
tag.p=[977.1371438852032, 290.5166302200448;
  976.9023493317309, 268.2001763100141;
  945.1075544278982, 256.9710097439866;
  944.1613620282279, 278.883959974698]';
tag.c=[960.8352027415456;
  273.4430822947074];
tag.uH=[17.38573314770004, -16.34960517965865, 963.0317647177314;
  -6.386620386239221, -5.616907516433749, 271.5246590474442;
  0.01775869349952183, 0.0001550450133600676, 0.9993882826444193]';
tag.up=[980.1611550257086, 288.8792251647382;
  980.1098665455604, 266.2303892689276;
  947.6787219915303, 255.1066886330876;
  946.5346236720611, 277.3455338211526]';
tag.uc=[963.613, 271.694];
tags{1}=tag;

tag.id=2;
tag.hammingDistance=0;
tag.familyName='Tag36h11';
tag.H=[-13.68109595817774, -7.554543107765984, 502.8058599711617;
  7.724345001862224, 8.343433989690388, 331.0016770728078;
  0.0041709145814946, -0.01431623475633355, 0.9991617151718736];
tag.p=[519.2092006542778, 312.0298254664108;
  488.0655051485245, 324.6528342014673;
  486.9183396162628, 350.9238651856737;
  518.9615704866741, 338.155773193321]';
tag.c=[503.2277081239749;
  331.2793835539121];
tag.uH=[-13.87207772333053, -7.394927199650986, 502.3120304332892;
  7.654570542560728, 8.503001986080561, 330.61445668916;
  0.004004768463337366, -0.01409485953585574, 0.99932471823453]';
tag.up=[518.692101620891, 311.52267998937;
  487.3436421854888, 324.1180778986419;
  486.2764261783045, 350.5444939548574;
  518.5248447534763, 337.8047399192358]';
tag.uc=[502.658, 330.841];
tags{2}=tag;

tag.id=16;
tag.hammingDistance=0;
tag.familyName='Tag36h11';
tag.H=[3.072081758383415, -13.91116210018065, 494.1985308547465;
  -8.062871628103684, 12.74984855842543, 446.5953077941321;
  0.01631787723037951, 0.004753076471873592, 0.999123974814724];
tag.p=[516.3703810475395, 451.8245139319428;
  505.7756522757313, 421.2796242504157;
  473.7912696896, 442.349076740136;
  483.2270303723758, 473.2962239223281]';
tag.c=[494.6318408047309;
  446.9868795581129];
tag.uH=[2.968512155969214, -14.25141756480054, 493.8564674019741;
  -8.155776457434664, 12.5742139822895, 446.6446874873743;
  0.01620636985897178, 0.004307555692081471, 0.9992964040662132]';
tag.up=[516.0893464865784, 451.8132082568268;
  505.4148369807722, 421.1981057595789;
  473.1991673925868, 442.3015866650662;
  482.7165996660443, 473.3386999071346]';
tag.uc=[494.211, 446.96];
tags{3}=tag;

tag.id=0;
tag.hammingDistance=0;
tag.familyName='Tag36h11';
tag.H=[5.633487934485629, -30.25041755853312, 911.8965547665828;
  -21.21820123379378, -9.626573263634615, 639.537596398364;
  0.002892659791868512, -0.009792821374295144, 0.9994769191884577];
tag.p=[930.5791062662728, 666.1343781619905;
  936.3916896414419, 620.4004102584699;
  893.9153756557234, 613.2450888423232;
  887.7383969091275, 659.8448256437066]';
tag.c=[912.3737999943137;
  639.8723013210224];
tag.uH=[6.149949233107697, -29.77341917307544, 913.8058202345926;
  -21.05162032894531, -9.214743064058338, 640.9526511598053;
  0.003571407596094855, -0.008831906477576892, 0.9995779231414713]';
tag.up=[932.9156944804017, 667.986927799927;
  938.4916302258341, 621.671497996155;
  895.2700342153767, 614.1763070624437;
  889.2947367015369, 661.2747533400482]';
tag.uc=[914.178, 641.215];
tags{4}=tag;

tag.id=6;
tag.hammingDistance=0;
tag.familyName='Tag36h11';
tag.H=[17.32508822994503, 28.65725503715055, 1031.329834469066;
  32.67879071643338, 14.43074844645757, 696.8468150371939;
  0.0216452821788758, 0.01499261188432683, 0.9994388185217394];
tag.p=[1023.417682898584, 674.8407270586123;
  1013.821982394398, 710.7652388039887;
  1039.799625501031, 718.0514195169618;
  1050.23826444209, 683.5296543762078]';
tag.c=[1031.908922643705;
  697.2380921404408];
tag.uH=[17.0408983045861, 28.33888406656796, 1036.856215629557;
  32.79645364033485, 14.13469921206355, 700.4815957282705;
  0.02120705279055758, 0.01411488827783474, 0.9995622535320017]';
tag.up=[1028.246900902141, 677.7878006999626;
  1018.783312593303, 714.3922773359589;
  1045.756311124515, 722.2186118294545;
  1056.111116947853, 686.9956494137243]';
tag.uc=[1037.3, 700.783];
tags{5}=tag;

tag.id=3;
tag.hammingDistance=0;
tag.familyName='Tag36h11';
tag.H=[0.5005195241031686, -14.40009710163614, 559.5389696150085;
  -26.75562157156449, -1.931140730787997, 764.3625721780528;
  -0.008956476603038558, 0.008729391698976772, 0.9994000054558833];
tag.p=[573.6524677277984, 793.345180546122;
  585.1393644041142, 753.3130708306848;
  546.0910527240176, 736.2847758818389;
  535.4890546035759, 775.9296175287191]';
tag.c=[559.8748914952936;
  764.8214608818053];
tag.uH=[1.298130198852164, -14.46614686624501, 558.6919433357795;
  -26.40302615730688, -1.874613164350291, 767.0317017861548;
  -0.007829198929835919, 0.008903934930885073, 0.9995142913971508]';
tag.up=[572.7496828968556, 796.5559049815436;
  584.5217926456929, 755.5155634049402;
  545.1987683801631, 738.3227525533773;
  534.2482907186263, 778.9080359683289]';
tag.uc=[558.97, 767.391];
tags{6}=tag;

tag.id=11;
tag.hammingDistance=0;
tag.familyName='Tag36h11';
tag.H=[-5.211305313839087, 2.002529193983231, 470.2389028021245;
  -1.553982563137544, 24.45334509289591, 871.1842824370459;
  0.01221364495531605, 0.01854406283296174, 0.9994951692267382];
tag.p=[488.7265102961608, 875.6602832801417;
  466.2117414712307, 850.993708378135;
  453.3160130893395, 867.8293115349127;
  474.6874044877496, 891.9952142756232]';
tag.c=[470.4764137738915;
  871.6243052090384];
tag.uH=[-5.136178619881544, 1.337758936726892, 467.0649726165955;
  -1.451818324200918, 24.33645423856551, 878.0126642618037;
  0.01266409119293625, 0.01778246667829105, 0.9995921898009323]';
tag.up=[485.8539535956321, 882.3550997855798;
  463.1487048739571, 856.9613210161313;
  449.7562820358099, 874.6271582290797;
  471.3169648913426, 899.5646806538298]';
tag.uc=[467.259, 878.363];
tags{7}=tag;

tag.id=10;
tag.hammingDistance=0;
tag.familyName='Tag36h11';
tag.H=[6.499018873195268, 18.32237773042325, 588.3099802443654;
  31.18566557059598, 8.742810083929527, 951.0758659051794;
  0.01890788965020229, 0.0006325382422306594, 0.9995066796715991];
tag.p=[575.0081521865797, 929.7742535484574;
  566.4146190276642, 956.5100303050405;
  601.6712792734733, 972.4813840339907;
  611.6124932166408, 946.3955987440885]';
tag.c=[588.6003487617133;
  951.5452825364484];
tag.uH=[5.697017533016955, 18.41434504917207, 586.8450085893162;
  31.1195922144355, 8.72314448937126, 960.6515136301591;
  0.01787748337133929, 0.0002504295849076688, 0.9996074737863568]';
tag.up=[573.3508094775389, 938.1868955225045;
  564.4008815767473, 966.3969028240047;
  600.3081289776776, 983.0617552824369;
  610.5648411676102, 955.4766898961473]';
tag.uc=[587.078, 961.015];
tags{8}=tag;

tag.id=4;
tag.hammingDistance=0;
tag.familyName='Tag36h11';
tag.H=[-15.68290642307677, -20.19247532393555, 718.0663874192164;
  -33.52600085403596, -1.992148125532309, 1014.307436936717;
  -0.0203271039432365, -0.001650053966618432, 0.9995759129712191];
tag.p=[738.0348516949447, 1027.676011987146;
  736.6467467544127, 1001.911227838402;
  697.8231121308893, 1001.217813432781;
  700.7657669393019, 1027.093784866105]';
tag.c=[718.371039258818;
  1014.737774064311];
tag.uH=[-15.039438797749, -20.49826571341487, 719.3222514156976;
  -33.59467223187826, -1.887366872784846, 1027.557878048858;
  -0.01929333867812941, -0.001434138994728134, 0.9996674307250468]';
tag.up=[739.7713191811869, 1041.79575837407;
  738.2116265131582, 1014.305871581769;
  698.4937904939615, 1013.421718074397;
  701.5684661357171, 1041.022841734301]';
