% AprilTagFinder log 91
% @ Fri Mar 16 13:47:03 2018

K=[1664.010615128407, 0, 667.9657771371558;
  0, 1668.819944196452, 457.9230104705811;
  0, 0, 1];
distCoeffs=[-0.2237256636237109;
  0.2343996528647796;
  0;
  0;
  0];
tags={};

tag.id=1;
tag.hammingDistance=0;
tag.familyName='Tag36h11';
tag.H=[17.80600904527706, -15.50290941922187, 960.0797693684042;
  -6.030397412965431, -5.524632003729254, 273.1990519582487;
  0.01840964485596847, 0.0007116037944946159, 0.9992411770572734];
tag.p=[977.2035462019628, 290.5298353006785;
  976.8417523228078, 268.151017966907;
  945.0298289684315, 256.9262336635388;
  944.1977809397786, 278.851542362226]';
tag.c=[960.8088531697642;
  273.406519097631];
tag.uH=[17.51443912591909, -15.3895183337582, 963.000435945814;
  -6.351810644068244, -5.352798502464513, 271.4864470720474;
  0.01795589215865189, 0.001163581404573857, 0.9993833353481723]';
tag.up=[980.2290849613521, 288.8920840613476;
  980.0481900389645, 266.1809972365208;
  947.5997336528446, 255.0618901846419;
  946.5720370872772, 277.3123958182157]';
tag.uc=[963.586, 271.657];
tags{1}=tag;

tag.id=2;
tag.hammingDistance=0;
tag.familyName='Tag36h11';
tag.H=[-14.64056660883947, -6.295618222742441, 502.8819549804586;
  7.115059867123286, 9.20047077018814, 331.0280819190278;
  0.002304751422953148, -0.01176112028737326, 0.9991996083978995];
tag.p=[519.3228926613617, 312.0117843706284;
  488.0626215960111, 324.6362157534755;
  486.9401991329028, 350.9431524079533;
  518.9416262258076, 338.1403766986581]';
tag.c=[503.284779891749;
  331.2932462511599];
tag.uH=[-14.83025665431183, -6.137963466900975, 502.3844165346237;
  7.046161382788345, 9.358549020525556, 330.6383688095515;
  0.002138972605795319, -0.01154041621885459, 0.9993543283179481]';
tag.up=[518.8065276946678, 311.504908809978;
  487.3406691380962, 324.1013350352125;
  486.2985366974984, 350.563952092614;
  518.5047275374644, 337.7892062658041]';
tag.uc=[502.715, 330.855];
tags{2}=tag;

tag.id=16;
tag.hammingDistance=0;
tag.familyName='Tag36h11';
tag.H=[3.358176722990684, -13.74111051996672, 494.1941627702498;
  -7.82584615478514, 12.89429972554482, 446.5794886673728;
  0.01685797490105787, 0.005092766634232661, 0.9991136101888067];
tag.p=[516.3694945372914, 451.8295253123916;
  505.7910411005888, 421.2763538142471;
  473.8303008584564, 442.3305362443725;
  483.2082318648363, 473.2874774882432]';
tag.c=[494.6326000672335;
  446.9756833589533];
tag.uH=[3.255015541160238, -14.08135082019593, 493.8532073423532;
  -7.918347920494401, 12.7188205159528, 446.6298330882255;
  0.01674749235449997, 0.004647601351725089, 0.9992882691962024]';
tag.up=[516.0884558013308, 451.818228825848;
  505.4303218326993, 421.1948420110974;
  473.2385437800733, 442.2830078009899;
  482.6976505095491, 473.3299375154187]';
tag.uc=[494.212, 446.949];
tags{3}=tag;

tag.id=0;
tag.hammingDistance=0;
tag.familyName='Tag36h11';
tag.H=[5.906835170335819, -30.51024380744434, 911.8955099169972;
  -21.01366601879493, -9.825223587792497, 639.5186182020474;
  0.003200534559287886, -0.01008371097351895, 0.9994733187897887];
tag.p=[930.5836679319571, 666.1232982579721;
  936.3668288462268, 620.41518908952;
  893.9158907586367, 613.2236283736526;
  887.738928244122, 659.8197833241335]';
tag.c=[912.3760412345623;
  639.8556181333663];
tag.uH=[6.424241125539944, -30.03340198093188, 913.8053886387403;
  -20.84631187087957, -9.413650860513032, 640.9339562896824;
  0.003879781701015647, -0.009122399752062157, 0.9995751007396794]';
tag.up=[932.9202519561221, 667.9757138142706;
  938.466394966031, 621.6862834864648;
  895.2704383770001, 614.1546395545691;
  889.2951023305184, 661.2493779969096]';
tag.uc=[914.18, 641.198];
tags{4}=tag;

tag.id=3;
tag.hammingDistance=0;
tag.familyName='Tag36h11';
tag.H=[0.3694172767175452, -14.71527531291325, 559.5452824249727;
  -26.95069265581407, -2.344716304079373, 764.3760137503499;
  -0.009199597117205183, 0.008188580212951668, 0.9994017976926736];
tag.p=[573.6543275811525, 793.3439187601958;
  585.154791236475, 753.3195284252007;
  546.0781838933228, 736.2654172447086;
  535.4700608875662, 775.9537460864219]';
tag.c=[559.8802040548647;
  764.8335389380633];
tag.uH=[1.167651764278778, -14.7812575551586, 558.6982058465866;
  -26.59855790326239, -2.289904929947216, 767.0453623398569;
  -0.008071779755674172, 0.008362617588418355, 0.9995160142318572]';
tag.up=[572.7515692719754, 796.5546001085975;
  584.5373264698175, 755.5220978071068;
  545.1858777736571, 738.3030867590305;
  534.2289104390969, 778.9328913849239]';
tag.uc=[558.975, 767.403];
tags{5}=tag;

tag.id=11;
tag.hammingDistance=0;
tag.familyName='Tag36h11';
tag.H=[-5.261388401136044, 2.000180940358188, 470.244823274616;
  -1.638821688204163, 24.4489499379357, 871.1837955059304;
  0.01211328742843078, 0.01853889978156824, 0.9994964389450015];
tag.p=[488.7328689698484, 875.6553653870936;
  466.2137297115468, 850.9926998662214;
  453.3167389222667, 867.8300403044443;
  474.6952231536129, 891.9891615599284]';
tag.c=[470.4817395557442;
  871.6227107577203];
tag.uH=[-5.186214720247514, 1.33544863185148, 467.0709247515396;
  -1.537535842627559, 24.33205311514586, 878.0118643583013;
  0.01256333439043983, 0.01777733967702446, 0.9995932402154604]';
tag.up=[485.860499103744, 882.3499051377903;
  463.15074733476, 856.9602503661083;
  449.7570154111554, 874.6279076678591;
  471.3250373104275, 899.5582586999503]';
tag.uc=[467.265, 878.362];
tags{6}=tag;

tag.id=10;
tag.hammingDistance=0;
tag.familyName='Tag36h11';
tag.H=[6.522338536110801, 18.54169452427562, 588.3266398705036;
  31.2231291788318, 9.118889383360695, 951.0817859074298;
  0.01893615511794196, 0.001016417323599179, 0.999505927334064];
tag.p=[575.0198332707653, 929.7500363777165;
  566.4367468159008, 956.5180622606738;
  601.6828277618997, 972.5004055465195;
  611.6080302028074, 946.4044584282187]';
tag.c=[588.6174596680183;
  951.5519217021616];
tag.uH=[5.719889937997803, 18.63192558657996, 586.8621454527166;
  31.15708666690763, 9.101931701323807, 960.6579766739156;
  0.01790493537930068, 0.0006326672522614951, 0.9996070270122754]';
tag.up=[573.3628687433484, 938.1613840114401;
  564.4234227105745, 966.4052190018456;
  600.3198296289736, 983.0818301111344;
  610.5602577137012, 955.4860390528843]';
tag.uc=[587.095, 961.022];
tags{7}=tag;

tag.id=4;
tag.hammingDistance=0;
tag.familyName='Tag36h11';
tag.H=[-12.34240363175883, -19.29254809305801, 718.0997167720756;
  -28.7820727287036, -0.6703212823614104, 1014.317961341025;
  -0.01564129783550851, -0.0003595161169057544, 0.9996609338346429];
tag.p=[738.1735800628785, 1027.675166093709;
  736.5554823817567, 1001.8560508669;
  697.8678419223171, 1001.225471505215;
  700.6795175855107, 1027.082313920681]';
tag.c=[718.3432826743419;
  1014.661998894124];
tag.uH=[-11.69247906328515, -19.59661580836405, 719.3395174688619;
  -28.7874781170184, -0.5474638451488538, 1027.54269940186;
  -0.01460543776519108, -0.0001432377086404084, 0.9997313439975328]';
tag.up=[739.9135749238383, 1041.795616834118;
  738.1179346731271, 1014.246677452749;
  698.5395481132946, 1013.429967391109;
  701.4800639568565, 1041.010357881721]';
tag.uc=[719.533, 1027.81];
tags{8}=tag;

tag.id=8;
tag.hammingDistance=0;
tag.familyName='Tag36h11';
tag.H=[-6.197978458853687, 0.8829453210855595, 588.4392220693593;
  3.158363884116584, 18.31065507587477, 1060.772099244208;
  0.0102923832846768, 0.01267755021415665, 0.9997084276135949];
tag.p=[607.8948037624536, 1064.054592448677;
  582.9186194761331, 1048.42617160579;
  570.1931429323411, 1058.241925669554;
  594.2759729153225, 1073.676547075981]';
tag.c=[588.6108447380234;
  1061.081481303882];
tag.uH=[-6.378150412050807, 0.4405035238411812, 586.2872761422555;
  3.079063921231581, 18.56911646039213, 1077.42733649831;
  0.01053365745529737, 0.01234186714372151, 0.9997595814051259]';
tag.up=[606.2384368922196, 1080.767760472917;
  580.6588511413364, 1064.11629437802;
  567.5038598131987, 1074.75398487586;
  592.1781931734666, 1091.20563822648]';
