% AprilTagFinder log 74
% @ Fri Mar 16 13:46:45 2018

K=[1664.010615128407, 0, 667.9657771371558;
  0, 1668.819944196452, 457.9230104705811;
  0, 0, 1];
distCoeffs=[-0.2237256636237109;
  0.2343996528647796;
  0;
  0;
  0];
tags={};

tag.id=1;
tag.hammingDistance=0;
tag.familyName='Tag36h11';
tag.H=[15.32199220000876, -17.93793665722247, 960.1497405829281;
  -6.725433252691168, -6.222879986872273, 273.2713940210345;
  0.01573467671291001, -0.001844103865833261, 0.9992884504759603];
tag.p=[977.0324321753154, 290.4610551316742;
  976.9315394398011, 268.2443021320466;
  945.0785834325541, 256.9369033398068;
  944.1587876207233, 278.8746568173429]';
tag.c=[960.8334211464263;
  273.4659786079541];
tag.uH=[15.01943399523778, -17.82831806834801, 963.0614796495122;
  -7.043710776954076, -6.045915845380827, 271.5568508458875;
  0.01527547808979901, -0.001389340189554383, 0.9994212357203615]';
tag.up=[980.0543125127476, 288.823706094315;
  980.1393929049918, 266.2749528511362;
  947.6494299819213, 255.0723036957286;
  946.5320678260528, 277.3361243513037]';
tag.uc=[963.611, 271.717];
tags{1}=tag;

tag.id=2;
tag.hammingDistance=0;
tag.familyName='Tag36h11';
tag.H=[-14.27180404970636, -6.76205375416269, 502.8490006348037;
  7.382684078121214, 8.895817032797924, 331.0246790489574;
  0.00305559701556865, -0.01270652580942599, 0.9991846829387442];
tag.p=[519.2945732148989, 311.9895593271976;
  488.0445433458175, 324.6589320967673;
  486.9112759547035, 350.9765874131309;
  518.9618091243664, 338.1433632813654]';
tag.c=[503.2593165418161;
  331.2947893430139];
tag.uH=[-14.46177496803319, -6.603685864325267, 502.352886616313;
  7.313714448131715, 9.054493829622876, 330.6359638733331;
  0.002890274196079858, -0.01248566280005164, 0.9993426367010843]';
tag.up=[518.777933532736, 311.4824334694216;
  487.3225113971474, 324.1241373970624;
  486.2694624687884, 350.5974769456177;
  518.5250497306322, 337.7922660133814]';
tag.uc=[502.69, 330.857];
tags{2}=tag;

tag.id=16;
tag.hammingDistance=0;
tag.familyName='Tag36h11';
tag.H=[2.982622445538959, -14.1282724410561, 494.2112577932353;
  -8.157254673094281, 12.54736322450812, 446.5870109885336;
  0.01610253925337406, 0.004320332389073572, 0.999129809039015];
tag.p=[516.3516150534695, 451.8174803311358;
  505.8028242180214, 421.2853209686875;
  473.8015180096825, 442.3284133180025;
  483.2141809589524, 473.279752598667]';
tag.c=[494.6416905212532;
  446.9759654334312];
tag.uH=[2.879564646765386, -14.46840416058936, 493.868600792512;
  -8.249857904070163, 12.37164103600333, 446.6357623323315;
  0.01599161666590439, 0.003874683866380356, 0.999300894669968]';
tag.up=[516.0704754155638, 451.8061587863075;
  505.4421893305114, 421.2038422536401;
  473.209498774756, 442.2808643946489;
  482.7036520196368, 473.3221882876255]';
tag.uc=[494.221, 446.949];
tags{3}=tag;

tag.id=0;
tag.hammingDistance=0;
tag.familyName='Tag36h11';
tag.H=[5.417701121524884, -31.14386327968037, 911.9081734628543;
  -21.36394516831975, -10.25681543996774, 639.5362830812886;
  0.002664988135032852, -0.01077814971644456, 0.9994674883175212];
tag.p=[930.5799349313238, 666.1075158171186;
  936.3804795407611, 620.4191535928132;
  893.9104691481247, 613.2171980067661;
  887.753541429192, 659.8654612354294]';
tag.c=[912.394033944954;
  639.8770250724896];
tag.uH=[5.934129470083343, -30.6689369409917, 913.82031984476;
  -21.19746000677268, -9.846501833812328, 640.9532913890329;
  0.003344285063948698, -0.009817576969133953, 0.9995712583507]';
tag.up=[932.916312169624, 667.9596533551096;
  938.4803332245077, 621.6903884457266;
  895.2649051719286, 614.1481162771372;
  889.3102463416207, 661.295771999753]';
tag.uc=[914.198, 641.22];
tags{4}=tag;

tag.id=3;
tag.hammingDistance=0;
tag.familyName='Tag36h11';
tag.H=[-0.1255751501892135, -14.49468118311004, 559.5298774636649;
  -27.59715482270554, -2.06167294876959, 764.3745511763143;
  -0.01006401748666405, 0.008567955606016765, 0.9993908191822208];
tag.p=[573.6413821182859, 793.3297897806239;
  585.158100571637, 753.3340864048906;
  546.0592082915299, 736.265741481194;
  535.5093968107658, 775.9256855979577]';
tag.c=[559.8709401008064;
  764.8404773237611];
tag.uH=[0.6725556074126535, -14.56037095081216, 558.6843102133032;
  -27.24788127526385, -2.005325446719248, 767.0463090936895;
  -0.008937470781325754, 0.008743032563080375, 0.9995079596246912]';
tag.up=[572.7385509505815, 796.5401543332923;
  584.5406085377244, 755.5369496379222;
  545.166717311262, 738.3035182737201;
  534.2689044172732, 778.9038728218102]';
tag.uc=[558.966, 767.41];
tags{5}=tag;

tag.id=6;
tag.hammingDistance=0;
tag.familyName='Tag36h11';
tag.H=[21.76922028159013, 36.0909017600719, 1110.300932052585;
  34.78963018977222, 20.68749946028773, 858.521106190097;
  0.02466366290616363, 0.02436282521503392, 0.9993130949715748];
tag.p=[1107.498308851395, 845.054503295211;
  1096.402535781697, 872.9602583620922;
  1114.296429261959, 871.8532149131614;
  1125.734549636622, 845.2538688157108]';
tag.c=[1111.064127588729;
  859.1112340167197];
tag.uH=[21.86879476699655, 36.48725728551698, 1122.30732834956;
  35.41102972051495, 20.86785831774202, 869.3723892622766;
  0.02447181277773466, 0.02403562461525905, 0.9994570779907918]';
tag.up=[1118.828094080202, 855.0335522905248;
  1107.812479680556, 884.0133522407809;
  1126.623335710178, 883.2852751625862;
  1138.045435559897, 855.6704509377618]';
tag.uc=[1122.91, 869.837];
tags{6}=tag;

tag.id=11;
tag.hammingDistance=0;
tag.familyName='Tag36h11';
tag.H=[-5.020806870385274, 2.555993687498392, 470.2129010045936;
  -1.197045168210076, 25.47588053408528, 871.1634467722431;
  0.01261991176834334, 0.01972315237585507, 0.9994675509613015];
tag.p=[488.7454724087349, 875.6728042255907;
  466.1958270967792, 850.9884044186119;
  453.327462398592, 867.8358887076984;
  474.6707390722191, 891.9753881147253]';
tag.c=[470.4633987890217;
  871.6275440201598];
tag.uH=[-4.947295996103548, 1.887714910134821, 467.0415818574116;
  -1.092444169874572, 25.36733752809593, 877.997289612753;
  0.013069964507473, 0.01896218370766418, 0.999570664152857]';
tag.up=[485.8731715176596, 882.3679334782016;
  463.1325144877956, 856.9560035442258;
  449.7679141213788, 874.6338580325772;
  471.3001607917973, 899.5441675893505]';
tag.uc=[467.246, 878.367];
tags{7}=tag;

tag.id=10;
tag.hammingDistance=0;
tag.familyName='Tag36h11';
tag.H=[6.994586354664986, 18.6898802202892, 588.3228515677763;
  32.01873930847881, 9.349751792713125, 951.0726326120973;
  0.01977781554820328, 0.001269215423463657, 0.9994892799801092];
tag.p=[575.0348429485771, 929.7474045430924;
  566.4329651086919, 956.526176682777;
  601.6516135227887, 972.4701738321446;
  611.6513380486392, 946.4035981149092]';
tag.c=[588.6234733597988;
  951.558612645675];
tag.uH=[6.190679419513759, 18.78100869249377, 586.8608868426347;
  31.96102546351399, 9.336604168558724, 960.6529369491428;
  0.01874707866137397, 0.0008874376938919993, 0.9995944696658079]';
tag.up=[573.3781818948368, 938.1585230225255;
  564.4195013794101, 966.4138117282027;
  600.2881010344812, 983.0499873263873;
  610.6043942072092, 955.4849589731514]';
tag.uc=[587.101, 961.029];
tags{8}=tag;

tag.id=4;
tag.hammingDistance=0;
tag.familyName='Tag36h11';
tag.H=[-14.91818046719252, -19.6830346128381, 718.0722309979568;
  -32.35860722100831, -1.228188820587647, 1014.311860963764;
  -0.01917058144893603, -0.0009085935057839768, 0.9995991816071419];
tag.p=[738.1479083422363, 1027.675688379471;
  736.583806066462, 1001.879322328004;
  697.7611598294313, 1001.230253860627;
  700.7904399845225, 1027.097123496789]';
tag.c=[718.3601629639693;
  1014.718578833735];
tag.uH=[-14.27404907169747, -19.98656161095849, 719.3236031373575;
  -32.41136846155222, -1.110468513917652, 1027.555410838389;
  -0.01813556816301203, -0.0006902422790891332, 0.9996849542821215]';
tag.up=[739.8872524220172, 1041.796033975195;
  738.1470436686045, 1014.27158969398;
  698.4304670385192, 1013.434811140734;
  701.5937552256092, 1041.02647417899]';
