% AprilTagFinder log 86
% @ Fri Mar 16 13:46:59 2018

K=[1664.010615128407, 0, 667.9657771371558;
  0, 1668.819944196452, 457.9230104705811;
  0, 0, 1];
distCoeffs=[-0.2237256636237109;
  0.2343996528647796;
  0;
  0;
  0];
tags={};

tag.id=1;
tag.hammingDistance=0;
tag.familyName='Tag36h11';
tag.H=[17.57077276011594, -18.70128929026357, 960.1423219370087;
  -6.103364071712341, -6.446362999965979, 273.2361677995803;
  0.01811695770925635, -0.002629401503924861, 0.9992437206769038];
tag.p=[977.1454280883789, 290.5048071792967;
  976.8863478503267, 268.2174779163686;
  945.0894313156755, 256.901947014841;
  944.1724589881597, 278.8900406058418]';
tag.c=[960.8690072994333;
  273.4429670616151];
tag.uH=[17.2765985342237, -18.59622539990916, 963.0646348263194;
  -6.425349573623125, -6.268710529993426, 271.5237725849327;
  0.01766031429022388, -0.002176727658430414, 0.9993865055393734]';
tag.up=[980.1697371497074, 288.8671690369176;
  980.0933075531971, 266.2481108492665;
  947.6608085499636, 255.0367111232504;
  946.5459013363779, 277.3516113775675]';
tag.uc=[963.647, 271.693];
tags{1}=tag;

tag.id=2;
tag.hammingDistance=0;
tag.familyName='Tag36h11';
tag.H=[-14.21017977188226, -4.723463320643725, 502.8836829228732;
  7.39118615126017, 10.18746021737227, 331.0695592802132;
  0.003128000668652741, -0.008732316613811603, 0.9992298613699543];
tag.p=[519.3069043587664, 311.9827330607117;
  487.9851242638261, 324.6726079879679;
  487.0547481983754, 350.8849055403375;
  518.9246543427017, 338.136653440003]';
tag.c=[503.2712715705018;
  331.3247252502177];
tag.uH=[-14.40041309976155, -4.565743436614567, 502.3829152555961;
  7.321744432902096, 10.34513319421403, 330.6778676355919;
  0.002961580247534393, -0.008508741564470249, 0.999378144397494]';
tag.up=[518.790327515427, 311.4756031033033;
  487.2625994209927, 324.1376797911078;
  486.4139111323035, 350.505746870334;
  518.4876350574259, 337.7854151565429]';
tag.uc=[502.702, 330.887];
tags{2}=tag;

tag.id=16;
tag.hammingDistance=0;
tag.familyName='Tag36h11';
tag.H=[3.068387058212856, -13.42075173297285, 494.185119142113;
  -8.076082036485966, 13.18635247693969, 446.6020502295428;
  0.01629119683511024, 0.005740371058302011, 0.9991194701497961];
tag.p=[516.3685709870599, 451.8444847895;
  505.7831848609924, 421.2658502801357;
  473.8111566673846, 442.3560314207731;
  483.219838167042, 473.2746556408508]';
tag.c=[494.6206473866641;
  446.9956432363235];
tag.uH=[2.965108786106853, -13.7612533580797, 493.8435935972913;
  -8.168814178849862, 13.01085864060043, 446.6520054894452;
  0.01618012896405175, 0.005295212228035482, 0.9992931453332612]';
tag.up=[516.087529334542, 451.833215987484;
  505.4224050381448, 421.18430537711;
  473.2192381636842, 442.3085724268847;
  482.7093580527271, 473.3170744871059]';
tag.uc=[494.2, 446.969];
tags{3}=tag;

tag.id=0;
tag.hammingDistance=0;
tag.familyName='Tag36h11';
tag.H=[6.073724001496243, -29.78616993678588, 911.8850733178889;
  -20.89889835709936, -9.323206669770094, 639.5225379899022;
  0.003383944409516306, -0.009300372583670618, 0.9994803715284033];
tag.p=[930.5753902637955, 666.1495672304833;
  936.3545063407485, 620.3998750635909;
  893.9259856634379, 613.2473275006826;
  887.7469415827944, 659.8103292821743]';
tag.c=[912.3591611143258;
  639.8550248785232];
tag.uH=[6.591635937151077, -29.30793007788933, 913.7927390549381;
  -20.73112040528137, -8.910662192262052, 640.9363990132902;
  0.00406342562078658, -0.008339322238415834, 0.9995800384660625]';
tag.up=[932.9120340373281, 668.0023222821521;
  938.4537332846819, 621.6707026908597;
  895.2808056636065, 614.1786263899755;
  889.3031676969758, 661.2398526830953]';
tag.uc=[914.163, 641.198];
tags{4}=tag;

tag.id=3;
tag.hammingDistance=0;
tag.familyName='Tag36h11';
tag.H=[0.3547813964807816, -14.66421012232726, 559.5521252840739;
  -26.99521259730696, -2.292334630904048, 764.3646294136967;
  -0.009272211795861306, 0.008261165175758572, 0.9994007839461383];
tag.p=[573.6253175705751, 793.3254609681038;
  585.181983556557, 753.3214222136712;
  546.1220965857867, 736.2626584626419;
  535.4654752416204, 775.9278208020719]';
tag.c=[559.8876189336975;
  764.822923587872];
tag.uH=[1.153367814455067, -14.7302730639614, 558.7053452283814;
  -26.64301895359467, -2.237667390843866, 767.0338852041316;
  -0.008144256925015135, 0.008434936405595835, 0.9995152642719684]';
tag.up=[572.7223315889439, 796.5357878246341;
  584.5647435428101, 755.5239272190453;
  545.2302288059434, 738.3000408100372;
  534.2244379436659, 778.9063485858162]';
tag.uc=[558.983, 767.392];
tags{5}=tag;

tag.id=11;
tag.hammingDistance=0;
tag.familyName='Tag36h11';
tag.H=[-6.272271748837846, 2.388206929306195, 470.2673206390368;
  -3.564934909794049, 25.16468213404235, 871.2236622131504;
  0.009915954735666038, 0.0193509415190662, 0.9995058085810821];
tag.p=[488.6954949288642, 875.6852608104039;
  466.2361841173628, 850.9432119609271;
  453.3394535325828, 867.8529331509509;
  474.6837490540433, 891.9782839506224]';
tag.c=[470.4998376213916;
  871.6544263509149];
tag.uH=[-6.188187164493672, 1.720647988539317, 467.0931305947828;
  -3.476944774963747, 25.05305275317675, 878.0523586720878;
  0.01036858070710759, 0.01858884917109999, 0.9996020264681025]';
tag.up=[485.8220158351971, 882.3814687802223;
  463.1742639501776, 856.9086058480619;
  449.7799649368363, 874.6514509670801;
  471.3134336563777, 899.5470330275864]';
tag.uc=[467.283, 878.394];
tags{6}=tag;

tag.id=10;
tag.hammingDistance=0;
tag.familyName='Tag36h11';
tag.H=[6.820810393914352, 18.3727743230209, 588.3077277082696;
  31.7068827539203, 8.824338604138688, 951.0730268850201;
  0.0194436021467026, 0.0007134802406212307, 0.9994962161571763];
tag.p=[574.9940174694048, 929.7512721889668;
  566.4317865477684, 956.5216834670941;
  601.6763867688603, 972.4915808721851;
  611.623602358954, 946.3933227055501]';
tag.c=[588.6042570227748;
  951.5524036115596];
tag.uH=[6.017634268280196, 18.46422161827286, 586.8443060569396;
  31.64583116608491, 8.804913799435173, 960.6514073157072;
  0.01841249338770099, 0.0003305507596241036, 0.9995995729230748]';
tag.up=[573.3365520311486, 938.1628483426874;
  564.4183303627625, 966.4090775914958;
  600.3132950809934, 983.0725220643592;
  610.5761710777908, 955.4742480863786]';
tag.uc=[587.082, 961.023];
tags{7}=tag;

tag.id=4;
tag.hammingDistance=0;
tag.familyName='Tag36h11';
tag.H=[-13.68958835641266, -19.92689561195942, 718.0988386862248;
  -30.6535786070108, -1.576815244390789, 1014.318531315354;
  -0.01748840710485458, -0.001233214608332774, 0.9996294945624823];
tag.p=[738.1690957474298, 1027.689672491558;
  736.5823414543389, 1001.899038731082;
  697.8049352683862, 1001.20323696784;
  700.7306444312336, 1027.080443252485]';
tag.c=[718.3649968236704;
  1014.694481138035];
tag.uH=[-13.04269575379393, -20.23023322784594, 719.3449530737212;
  -30.68377917552473, -1.463648911007942, 1027.553294552126;
  -0.01645302108998689, -0.001013853094817055, 0.9997078658881232]';
tag.up=[739.9090558168305, 1041.811102367198;
  738.1456475480269, 1014.292562776803;
  698.475169923493, 1013.406169558341;
  701.5324447244448, 1041.008489790624]';
tag.uc=[719.555, 1027.84];
tags{8}=tag;

tag.id=8;
tag.hammingDistance=0;
tag.familyName='Tag36h11';
tag.H=[-10.02630111736345, 2.079800003806024, 588.5446032392053;
  -3.801212846887971, 20.57751353755136, 1060.865622045103;
  0.003759171692376702, 0.01484269726394215, 0.9997241208025917];
tag.p=[607.9681744352324, 1064.178617282072;
  583.061736386956, 1048.396050759434;
  570.1495473596868, 1058.248472074153;
  594.2284929431964, 1073.640818134286]';
tag.c=[588.7070152580834;
  1061.158373565525];
tag.uH=[-10.19330043085881, 1.634214899605285, 586.3940684056882;
  -3.99435161050805, 20.87670286596219, 1077.524914065189;
  0.003997535834768907, 0.01451317111659598, 0.9997738899948916]';
