% AprilTagFinder log 2
% @ Fri Mar 16 13:46:19 2018

K=[1664.010615128407, 0, 667.9657771371558;
  0, 1668.819944196452, 457.9230104705811;
  0, 0, 1];
distCoeffs=[-0.2237256636237109;
  0.2343996528647796;
  0;
  0;
  0];
tags={};

tag.id=1;
tag.hammingDistance=0;
tag.familyName='Tag36h11';
tag.H=[17.38981497265253, -15.42583671390771, 960.0876078495986;
  -6.133063324907365, -5.529600416599287, 273.2197843233341;
  0.01784569380357525, 0.0007678019225202471, 0.9992546150225806];
tag.p=[977.0379915113233, 290.5063253611232;
  976.9472616409207, 268.2353654569019;
  945.1633035253677, 256.965630242059;
  944.0988920986923, 278.7922384841388]';
tag.c=[960.8037765508875;
  273.4235901599114];
tag.uH=[17.09266804282066, -15.30797430941475, 963.0052712233693;
  -6.45555689351345, -5.357336723046981, 271.5067134462402;
  0.01738522496599352, 0.001223466017312134, 0.9993940081763274]';
tag.up=[980.0596476765883, 288.8695698224425;
  980.1555904397071, 266.2657317901832;
  947.7356997781884, 255.1007434279085;
  946.471577337803, 277.2530498988729]';
tag.uc=[963.581, 271.674];
tags{1}=tag;

tag.id=2;
tag.hammingDistance=0;
tag.familyName='Tag36h11';
tag.H=[-13.71713325857795, -4.707609604719074, 502.8717613291348;
  7.69198900850127, 10.18639528568185, 331.0899894499448;
  0.004108962779707539, -0.008720255378519816, 0.9992274434818712];
tag.p=[519.3030368879216, 312.0138662696388;
  487.9788418910682, 324.681014045454;
  487.069326227738, 350.8573367065276;
  518.9397870368654, 338.1843024075536]';
tag.c=[503.2605585539628;
  331.3459729410961];
tag.uH=[-13.90872073202392, -4.549430762673912, 502.3713126105705;
  7.621506268981183, 10.34433231516275, 330.6986046913232;
  0.003941146313233359, -0.008495868145536862, 0.9993763529914678]';
tag.up=[518.7865401019399, 311.5069362621683;
  487.2562913380511, 324.1461192317253;
  486.4285322292483, 350.4780753067192;
  518.5030010487101, 337.8333556372181]';
tag.uc=[502.691, 330.908];
tags{2}=tag;

tag.id=16;
tag.hammingDistance=0;
tag.familyName='Tag36h11';
tag.H=[3.191781919715276, -13.9778845891356, 494.1902248907182;
  -7.952531429872349, 12.7067381442065, 446.5855492883068;
  0.01656607478127061, 0.004636163455107321, 0.9991198322711616];
tag.p=[516.3792231988178, 451.8083581572795;
  505.7712487816332, 421.2713394286398;
  473.7760126866978, 442.3502823751824;
  483.2105233866591, 473.3079308742439]';
tag.c=[494.625578362651;
  446.978965749429];
tag.uH=[3.088061774840364, -14.31832006611022, 493.8485058293539;
  -8.045476254338089, 12.53100630569762, 446.6352646618201;
  0.01645453485906374, 0.004190345249021678, 0.9992930650213758]';
tag.up=[516.098235262597, 451.7970237513603;
  505.4103972692078, 421.1897965365183;
  473.1837725035577, 442.3027886498292;
  482.6999516367749, 473.3504471522542]';
tag.uc=[494.205, 446.952];
tags{3}=tag;

tag.id=0;
tag.hammingDistance=0;
tag.familyName='Tag36h11';
tag.H=[5.939995201005326, -30.65854878231387, 911.8971734384996;
  -21.01684257115132, -9.922029098880982, 639.5180543600567;
  0.003209394621107319, -0.0102480644431013, 0.9994713794135701];
tag.p=[930.5577502491503, 666.1204491095696;
  936.3892915194423, 620.4021615498436;
  893.9433487861346, 613.2195934377031;
  887.7142719699608, 659.8414630919245]';
tag.c=[912.3794760121557;
  639.8562955702519];
tag.uH=[6.456469980762619, -30.18270744394634, 913.8075968269352;
  -20.85035237612828, -9.511102972088224, 640.9337707249304;
  0.00388720459557724, -0.009287600849263928, 0.9995736729709109]';
tag.up=[932.8938014518176, 667.9725996957469;
  938.489198189071, 621.6732538154081;
  895.298260085824, 614.1507172369807;
  889.2702346711426, 661.2711774624288]';
tag.uc=[914.183, 641.199];
tags{4}=tag;

tag.id=6;
tag.hammingDistance=0;
tag.familyName='Tag36h11';
tag.H=[14.36257668465528, 28.69493763010522, 1029.729279945694;
  30.72045835928029, 14.98512180747083, 691.1881211059489;
  0.01914384941731269, 0.01509987575271883, 0.9994842428191317];
tag.p=[1022.203013228278, 668.7271505254549;
  1011.826974390521, 704.4380477260081;
  1037.784434087886, 712.8506958229315;
  1048.844087629589, 678.546775215177]';
tag.c=[1030.260644271143;
  691.5447902974369];
tag.uH=[14.07479129807285, 28.3528727067381, 1035.115428535389;
  30.83098623774575, 14.68245832021608, 694.6628284088323;
  0.01873336006899854, 0.01420074035533707, 0.9995976044375311]';
tag.up=[1026.922804344211, 671.5358657198592;
  1016.642538127492, 707.8903386024067;
  1043.594225124347, 716.8555683556419;
  1054.602140256365, 681.8821272505145]';
tag.uc=[1035.52, 694.937];
tags{5}=tag;

tag.id=3;
tag.hammingDistance=0;
tag.familyName='Tag36h11';
tag.H=[-0.4228183950615269, -15.00981047149723, 559.5500817613143;
  -28.02367930765778, -2.767787968346931, 764.4026178193392;
  -0.01059408588758228, 0.007641786405581023, 0.9993926327132613];
tag.p=[573.637569422921, 793.3337711936829;
  585.1634488987509, 753.3421327735141;
  546.0612489764335, 736.2318907388844;
  535.5226263846039, 775.9791567097118]';
tag.c=[559.8901407169534;
  764.867173118992];
tag.uH=[0.3764810321793245, -15.07461499572651, 558.7047039142041;
  -27.67549347168906, -2.713747265786025, 767.0750913916;
  -0.009466506728974802, 0.007816942030137117, 0.9995100173075219]';
tag.up=[572.7346770813708, 796.5442616129205;
  584.54597182059, 755.5451449393947;
  545.168956808407, 738.2689999250849;
  534.2819463056862, 778.9585929612208]';
tag.uc=[558.985, 767.438];
tags{6}=tag;

tag.id=11;
tag.hammingDistance=0;
tag.familyName='Tag36h11';
tag.H=[-5.509342250559732, 2.129173364532217, 470.2475456648148;
  -2.124172082067335, 24.67555419827361, 871.2020782156525;
  0.011572905241966, 0.01879311616872947, 0.9994982552874003];
tag.p=[488.7131992878262, 875.6810128012041;
  466.2090758521213, 850.973531798129;
  453.3290330990373, 867.8361610884987;
  474.6968266878337, 892.0088730198752]';
tag.c=[470.483608327658;
  871.6394186852713];
tag.uH=[-5.431183349972549, 1.463707588627256, 467.0734610073247;
  -2.025451214124658, 24.56036972360734, 878.0308043493745;
  0.01202496649223033, 0.01803143437961192, 0.9995950344477084]';
tag.up=[485.8401357742584, 882.3768455105442;
  463.1462208408236, 856.9404055191684;
  449.7695180673437, 874.6341211854624;
  471.3264354010482, 899.5788381148973]';
tag.uc=[467.267, 878.379];
tags{7}=tag;

tag.id=10;
tag.hammingDistance=0;
tag.familyName='Tag36h11';
tag.H=[7.043279047212181, 18.23740934782731, 588.2964829625615;
  32.15053870322524, 8.645311388352603, 951.0649061025412;
  0.01995696903517869, 0.0005417841365545684, 0.9994869505892162];
tag.p=[575.0996754125604, 929.805955181281;
  566.3962539303498, 956.4904218703979;
  601.5546777716436, 972.4261355202071;
  611.6803220433098, 946.420161521619]';
tag.c=[588.5984630572212;
  951.5530998597536];
tag.uH=[6.239664933048894, 18.33128002318809, 586.83431708647;
  32.09519546842731, 8.628079028422153, 960.645382393312;
  0.01892878833615138, 0.0001634972397754511, 0.9995925144828678]';
tag.up=[573.4438775956488, 938.2196038128016;
  564.3822675578141, 966.3763398175086;
  600.1893255712693, 983.0038549164738;
  610.6338643545944, 955.5022876016271]';
tag.uc=[587.076, 961.023];
tags{8}=tag;

tag.id=4;
tag.hammingDistance=0;
tag.familyName='Tag36h11';
tag.H=[-14.94008036601001, -21.38306390615053, 718.111139569364;
  -32.42792192306329, -3.662886767834783, 1014.304047487512;
  -0.0192425075663587, -0.003288088085689245, 0.9995930223565871];
tag.p=[738.1047365986518, 1027.65931407089;
  736.6060268386034, 1001.932020002885;
  697.7936891880647, 1001.177828622431;
  700.7729296641463, 1027.100300460305]';
tag.c=[718.4035137384049;
  1014.717014626856];
tag.uH=[-14.29570210495541, -21.68910730864079, 719.3647901786618;
  -32.48186236950419, -3.577489219308911, 1027.549328986628;
  -0.01820804724079165, -0.003069447617497855, 0.9996805089434859]';
tag.up=[739.8428919792577, 1041.778289163086;
  738.1700603127779, 1014.327783492409;
  698.4636121136533, 1013.379113663612;
  701.5758219177925, 1041.029825026879]';
