% AprilTagFinder log 107
% @ Wed Mar  7 16:05:48 2018

K=[1664.010615128407, 0, 667.9657771371558;
  0, 1668.819944196452, 457.9230104705811;
  0, 0, 1];
distCoeffs=[-0.2237256636237109;
  0.2343996528647796;
  0;
  0;
  0];
tags={};

tag.id=25;
tag.hammingDistance=0;
tag.familyName='Tag36h11';
tag.H=[45.44149798175192, 2.622377179065747, 446.7001601580581;
  -5.652047035157084, -59.32451378997241, 180.2421439374819;
  -0.03355694168661087, 0.0003115844707392195, 0.9704559526264404];
tag.p=[397.1662496483828, 244.3144213901015;
  522.6626656800413, 249.7520296360897;
  527.9112696139889, 122.9879214733561;
  402.1419848737143, 126.0246861013873]';
tag.c=[460.2992634020221;
  185.7293403679733];
tag.uH=[47.50600077790367, 0.5308271578965613, 446.5749402040025;
  -4.729050346743311, -61.46380912358319, 178.4704078194812;
  -0.03194567796268306, -0.003232333805564072, 0.9744798421231821]';
tag.up=[394.6173132515688, 242.3038022711227;
  521.9160603429358, 248.6823927662187;
  526.4580074136002, 119.5124995606199;
  398.3887040801807, 121.3384704859455]';
tag.uc=[458.375, 183.208];
tags{1}=tag;

tag.id=24;
tag.hammingDistance=0;
tag.familyName='Tag36h11';
tag.H=[44.88400986733939, 1.164232977681029, 301.438693208786;
  -3.772902018504642, -55.75843996524629, 179.4945910060847;
  -0.02325159144578091, -0.003280845069415068, 0.9711048610380014];
tag.p=[255.9952910643333, 239.5920176361389;
  362.8914837328003, 243.3727540465469;
  367.8774935964868, 127.0027008071284;
  260.0396119035707, 128.6572407850935]';
tag.c=[310.4079747748169;
  184.8354366326879];
tag.uH=[47.78519476874127, -0.2795020071496228, 296.7937335642958;
  -2.452729847361971, -57.83638485508147, 175.8078398119978;
  -0.02074730394230494, -0.005743540264856251, 0.9742038728814827]';
tag.up=[249.0416802203226, 235.9068294717401;
  359.5452159607615, 241.019417091988;
  363.218030460066, 121.8645095862743;
  251.4603497213836, 121.7323175845092]';
tag.uc=[304.774, 180.533];
tags{2}=tag;

