% AprilTagFinder log 56
% @ Fri Mar 16 13:46:36 2018

K=[1664.010615128407, 0, 667.9657771371558;
  0, 1668.819944196452, 457.9230104705811;
  0, 0, 1];
distCoeffs=[-0.2237256636237109;
  0.2343996528647796;
  0;
  0;
  0];
tags={};

tag.id=1;
tag.hammingDistance=0;
tag.familyName='Tag36h11';
tag.H=[18.77666583373437, -13.64347662427749, 960.028455001347;
  -5.739078157354519, -5.008114532033026, 273.1833149501904;
  0.01932482123250594, 0.002635718890099987, 0.9992233855528118];
tag.p=[977.1120126556442, 290.5364805049837;
  976.9036302679262, 268.1848629396609;
  945.139871421732, 256.9920223599543;
  944.0976548038593, 278.783431027469]';
tag.c=[960.7746064412008;
  273.3956379524225];
tag.uH=[18.48498124319569, -13.52098940719814, 962.9514792967217;
  -6.06350866374677, -4.838923969993512, 271.4717725988302;
  0.0188664940355921, 0.003091280059100554, 0.9993688519563374]';
tag.up=[980.1352477674714, 288.8995566919209;
  980.111317420967, 266.2148207058947;
  947.7115436597858, 255.1277476873065;
  946.4703822193253, 277.2441325048524]';
tag.uc=[963.551, 271.646];
tags{1}=tag;

tag.id=2;
tag.hammingDistance=0;
tag.familyName='Tag36h11';
tag.H=[-14.11372369856304, -6.627331440003471, 502.8531999741257;
  7.444000765022563, 8.976149871214876, 331.0264141888521;
  0.003337204398129106, -0.01243943976027824, 0.9991890632338118];
tag.p=[519.2886776289687, 312.0192190398765;
  488.062605571499, 324.6358597959324;
  486.9392575113136, 350.9253482060529;
  518.9476788512616, 338.167951557611]';
tag.c=[503.2613130758991;
  331.2950735444463];
tag.uH=[-14.30432188491479, -6.468933062185817, 502.3566907086427;
  7.374421774272839, 9.13478042577484, 330.6374264960153;
  0.003170864029461181, -0.01221817406188013, 0.9993461530268622]';
tag.up=[518.772098736056, 311.5122760116741;
  487.3406516157581, 324.1009765871399;
  486.2975321340778, 350.546049552342;
  518.510897632346, 337.8169421083898]';
tag.uc=[502.692, 330.857];
tags{2}=tag;

tag.id=16;
tag.hammingDistance=0;
tag.familyName='Tag36h11';
tag.H=[2.700838227246354, -14.25289513414195, 494.2274656449996;
  -8.397246297871339, 12.46215810766279, 446.5942099156362;
  0.01557021354459933, 0.004065241955391352, 0.999138347494398];
tag.p=[516.3634805835602, 451.7896799720439;
  505.7978312961075, 421.2512935781679;
  473.7807424174241, 442.3544464932712;
  483.2499021675713, 473.3068218687301]';
tag.c=[494.6536852322852;
  446.9793507931995];
tag.uH=[2.59754941172531, -14.59274725078926, 493.8839731119452;
  -8.49011061450069, 12.28660146435092, 446.6421508737775;
  0.0154586289417124, 0.003619824434345352, 0.999307591160717]';
tag.up=[516.0824026142595, 451.7783084815008;
  505.437132013319, 421.1697271384309;
  473.1885471619413, 442.3069679131872;
  482.7396547288456, 473.3493171353933]';
tag.uc=[494.233, 446.953];
tags{3}=tag;

tag.id=0;
tag.hammingDistance=0;
tag.familyName='Tag36h11';
tag.H=[5.487902894903812, -30.48946706111922, 911.8994401724563;
  -21.31434627726112, -9.803657532595752, 639.5432592331694;
  0.002732256313479367, -0.01006553361113812, 0.9994749581463641];
tag.p=[930.5654953502434, 666.1261195854751;
  936.3847954365884, 620.4183325939599;
  893.9226051339401, 613.2443250472542;
  887.7494062167027, 659.8449512632449]';
tag.c=[912.378477059269;
  639.8792226063098];
tag.uH=[6.003951142574264, -30.01314692215549, 913.8094536153083;
  -21.14804592217495, -9.392381315735978, 640.9588692661385;
  0.00341080534804297, -0.009104959787096125, 0.9995766558168832]';
tag.up=[932.9017465346806, 667.9784245444564;
  938.4847259679384, 621.6895871059922;
  895.2773610875004, 614.1755758419438;
  889.3059083525313, 661.2749573716649]';
tag.uc=[914.183, 641.222];
tags{4}=tag;

tag.id=3;
tag.hammingDistance=0;
tag.familyName='Tag36h11';
tag.H=[-0.006462932323464622, -14.49396043175638, 559.5384235096431;
  -27.44792435638808, -2.058726025396531, 764.3815172210936;
  -0.009847811218341206, 0.008554959348980234, 0.9993931794740573];
tag.p=[573.6453082122844, 793.343908815321;
  585.1493712856976, 753.3124811216776;
  546.0753644411474, 736.2735453688387;
  535.5208241770375, 775.9617392071337]';
tag.c=[559.8781690746648;
  764.8456412553852];
tag.uH=[0.7920479421947685, -14.55989769823046, 558.6925356760121;
  -27.09775017808444, -2.002557097345639, 767.0528554968656;
  -0.008720347859001085, 0.008729516674082262, 0.9995096602382256]';
tag.up=[572.7424511758828, 796.5546341401484;
  584.5318871480063, 755.5149229047136;
  545.1829881039226, 738.3113876018988;
  534.2802355449696, 778.9407521676856]';
tag.uc=[558.973, 767.416];
tags{5}=tag;

tag.id=6;
tag.hammingDistance=0;
tag.familyName='Tag36h11';
tag.H=[20.06871293710472, 34.75651387308702, 1094.846181766712;
  33.9279415097646, 20.08052277035835, 786.1134389535102;
  0.02367715910954354, 0.02268010926122895, 0.9993377194592671];
tag.p=[1091.33503606355, 768.226644982252;
  1079.796897970867, 799.6931449724962;
  1099.432838405996, 803.4100889944986;
  1111.378126201223, 773.549594563799]';
tag.c=[1095.571757622762;
  786.6344116169951];
tag.uH=[19.95214984730365, 34.77820734562469, 1104.490441475923;
  34.29926776300569, 20.01283991385464, 793.5192172438988;
  0.02335121738587241, 0.02203307332014118, 0.9994831210451495]';
tag.up=[1100.26267899291, 774.7700583033507;
  1088.796705553824, 807.1618992567562;
  1109.442247331301, 811.4248872439534;
  1121.378991711191, 780.6683386076886]';
tag.uc=[1105.05, 793.923];
tags{6}=tag;

tag.id=11;
tag.hammingDistance=0;
tag.familyName='Tag36h11';
tag.H=[-5.144601512514776, 2.676212036205669, 470.2124540149497;
  -1.393842491419464, 25.68774711292617, 871.1641836509209;
  0.01237097945334554, 0.01994849333373075, 0.9994663192284535];
tag.p=[488.7374086267157, 875.6377401689089;
  466.1728592692094, 850.9850998372488;
  453.3344693814125, 867.8720866307003;
  474.68963301025, 891.9629352004448]';
tag.c=[470.4635313553479;
  871.6293554778549];
tag.uH=[-5.071205587590556, 2.007169927182458, 467.0413484704376;
  -1.290974099979419, 25.58088965484077, 877.9985160848771;
  0.01281992618224865, 0.01918717239843308, 0.9995699252594011]';
tag.up=[485.8653285814946, 882.3314915528681;
  463.1090969027717, 856.9528456322871;
  449.7746156149398, 874.6714616989983;
  471.3196412110341, 899.5309203414951]';
tag.uc=[467.246, 878.369];
tags{7}=tag;

tag.id=10;
tag.hammingDistance=0;
tag.familyName='Tag36h11';
tag.H=[6.740445146448841, 18.13901960386566, 588.3093907222695;
  31.5773935389291, 8.480275299377036, 951.0698167639661;
  0.01931447964919853, 0.0003388748832702773, 0.999499227526835];
tag.p=[575.0189305284695, 929.7504567138163;
  566.4458246514806, 956.4958348656487;
  601.6654093478055, 972.5015694898168;
  611.6201091525569, 946.4052440791559]';
tag.c=[588.6041474769168;
  951.5463249704526];
tag.uH=[5.937623569204926, 18.22991282052017, 586.8455160214234;
  31.51509647559288, 8.456799434287191, 960.6470964430024;
  0.01828371636764685, -4.535242510237813e-05, 0.9996017670775966]';
tag.up=[573.3619460702189, 938.1618313212041;
  564.4328556703232, 966.3816908553562;
  600.3020363796779, 983.0831472508005;
  610.5725636889013, 955.4868179817479]';
tag.uc=[587.082, 961.016];
tags{8}=tag;

tag.id=4;
tag.hammingDistance=0;
tag.familyName='Tag36h11';
tag.H=[-14.13053379680192, -19.58397343244984, 718.0887066121054;
  -31.2776481548592, -1.094943914688727, 1014.321947761561;
  -0.01810929195408733, -0.0007808534178982507, 0.999619275336096];
tag.p=[738.1406578632266, 1027.672909597079;
  736.586476368749, 1001.881730595702;
  697.8218332394166, 1001.244202594398;
  700.7590038851839, 1027.097694162187]';
tag.c=[718.3622048210973;
  1014.708272227466];
tag.uH=[-13.48468937981853, -19.88825569060275, 719.3365976242829;
  -31.31628388726444, -0.9770056683253616, 1027.560020465276;
  -0.01707453312534094, -0.0005641829230675078, 0.9997001331905933]';
tag.up=[739.879802137874, 1041.793023016505;
  738.1497891325495, 1014.274166401146;
  698.4925427152114, 1013.449788982279;
  701.5615465853479, 1041.027003132745]';
