% AprilTagFinder log 103
% @ Wed Mar  7 16:05:48 2018

K=[1664.010615128407, 0, 667.9657771371558;
  0, 1668.819944196452, 457.9230104705811;
  0, 0, 1];
distCoeffs=[-0.2237256636237109;
  0.2343996528647796;
  0;
  0;
  0];
tags={};

tag.id=25;
tag.hammingDistance=0;
tag.familyName='Tag36h11';
tag.H=[44.89898683097797, 3.463542841123108, 391.9219694932234;
  -6.232392272047132, -57.91441900942876, 190.5085370165646;
  -0.03288508783012366, 0.003634129565721375, 0.9726221896755026];
tag.p=[342.9171053516746, 254.1792329913961;
  462.9377603916145, 258.7221394716314;
  466.7139345629018, 133.9469781647636;
  347.311608707568, 137.5689366290841]';
tag.c=[402.9539667648143;
  195.8710576818366];
tag.uH=[47.32735019903511, 1.674044936043935, 390.4583011127413;
  -5.122961733754916, -59.99851465310861, 188.3636340588703;
  -0.03083844254331149, 0.0006085226924145582, 0.9763015192657984]';
tag.up=[339.1497576271888, 251.8178215380033;
  461.6042990215321, 257.4265766964545;
  464.4133614108662, 130.2435061751801;
  342.1911077512671, 132.4532278594335]';
tag.uc=[400.054, 193.003];
tags{1}=tag;

