% AprilTagFinder log 47
% @ Wed Mar  7 16:07:44 2018

K=[1664.010615128407, 0, 667.9657771371558;
  0, 1668.819944196452, 457.9230104705811;
  0, 0, 1];
distCoeffs=[-0.2237256636237109;
  0.2343996528647796;
  0;
  0;
  0];
tags={};

tag.id=2;
tag.hammingDistance=0;
tag.familyName='Tag16h5';
tag.H=[-19.36702947536747, -2.31727911522309, 561.5906324628454;
  -0.235521236754147, 19.52453169954427, 172.0821016971232;
  0.002833277438630743, -0.00235026465675215, 0.996330873030046];
tag.p=[585.7068778639366, 153.4301546787043;
  543.7174681449824, 152.0917187614799;
  541.6320253529479, 191.9827912549972;
  583.8086475774751, 193.5556386481032]';
tag.c=[563.6587680505507;
  172.7158179629487];
tag.uH=[-19.75146657561501, -1.422883507272052, 561.1332615661222;
  -0.407757371149603, 20.18111521723728, 170.0934417215493;
  0.002518978095629697, -0.0009117360233373688, 0.9968797996385875]';
tag.up=[585.0591743434468, 151.0325892310398;
  542.6471537031125, 149.4571907671184;
  540.7627911968975, 190.1530005716286;
  583.2939269253429, 191.9387186469234]';
tag.uc=[562.896, 170.631];
tags{1}=tag;

