% AprilTagFinder log 24
% @ Fri Mar 16 13:46:26 2018

K=[1664.010615128407, 0, 667.9657771371558;
  0, 1668.819944196452, 457.9230104705811;
  0, 0, 1];
distCoeffs=[-0.2237256636237109;
  0.2343996528647796;
  0;
  0;
  0];
tags={};

tag.id=1;
tag.hammingDistance=0;
tag.familyName='Tag36h11';
tag.H=[16.89786513732389, -15.86411131585939, 960.1015041412222;
  -6.282138322243586, -5.604739373098616, 273.2265852918239;
  0.01741293592690765, 0.0003274670277213241, 0.9992618440327675];
tag.p=[977.1235860790603, 290.4811357701847;
  976.8938904656497, 268.1654025890326;
  945.0669954858005, 256.9706294854631;
  944.168024365192, 278.8745394163207]';
tag.c=[960.8107323166628;
  273.4284181102629];
tag.uH=[16.60087452972369, -15.74837567485368, 963.0179120974436;
  -6.602877819010375, -5.430951713509236, 271.5131060243718;
  0.01695542487137151, 0.0007829260025732958, 0.9993997392462861]';
tag.up=[980.1475468196959, 288.8433390178873;
  980.1015080789668, 266.195138896474;
  947.6373063251483, 255.1066532600358;
  946.5414946665217, 277.3359341630661]';
tag.uc=[963.588, 271.679];
tags{1}=tag;

tag.id=2;
tag.hammingDistance=0;
tag.familyName='Tag36h11';
tag.H=[-14.52138770001099, -6.427825975028512, 502.8782302374991;
  7.195207011316792, 9.118067386848095, 331.0171203399394;
  0.002572736122611174, -0.01201607997360921, 0.9991955362114361];
tag.p=[519.3409199932031, 312.0084424291621;
  488.0571172619191, 324.6195891811681;
  486.918867452183, 350.9266232689657;
  518.9602930017471, 338.1451435518448]';
tag.c=[503.2831032694755;
  331.2836260208173];
tag.uH=[-14.71177669108537, -6.27004782318653, 502.3810927411139;
  7.125845676646494, 9.27627480537549, 330.6276336927381;
  0.00240620851094586, -0.01179537344600122, 0.9993511451899245]';
tag.up=[518.8246696903985, 311.5016063495013;
  487.3350512457287, 324.0845739661042;
  486.2769671178231, 350.5472684551248;
  518.5235288328579, 337.7940512360174]';
tag.uc=[502.714, 330.846];
tags{2}=tag;

tag.id=16;
tag.hammingDistance=0;
tag.familyName='Tag36h11';
tag.H=[2.869923852688244, -13.6285616384818, 494.2004206686496;
  -8.224805062588109, 13.00027538154763, 446.5981701680951;
  0.01592427342321287, 0.005301036544366002, 0.9991282637067647];
tag.p=[516.3692946458975, 451.8062842123014;
  505.7669197457362, 421.2651226338972;
  473.7982943911867, 442.3698334898127;
  483.2569609791569, 473.2634007066825]';
tag.c=[494.631608993991;
  446.9878256783733];
tag.uH=[2.766243238925882, -13.96869724462194, 493.8580216453476;
  -8.317856716830798, 12.82485924490246, 446.6472482613856;
  0.01581231244265842, 0.004856012407452911, 0.9993000068056495]';
tag.up=[516.0882513684858, 451.794944471653;
  505.4060344518997, 421.1835604525347;
  473.2062658064636, 442.3224108975966;
  482.7467911690088, 473.3057712016981]';
tag.uc=[494.211, 446.961];
tags{3}=tag;

tag.id=0;
tag.hammingDistance=0;
tag.familyName='Tag36h11';
tag.H=[5.528912502189359, -30.63402724810773, 911.8965312361162;
  -21.28045916988241, -9.907797331844892, 639.5351587435879;
  0.002794827338687809, -0.01021653935393241, 0.9994729820364985];
tag.p=[930.5855433715128, 666.1306482272986;
  936.3695075152793, 620.4169947851803;
  893.8967604680341, 613.2212322341236;
  887.7523239265021, 659.8410018769158]';
tag.c=[912.377370499862;
  639.8723829837689];
tag.uH=[6.046058313549757, -30.15742113859756, 913.80690378124;
  -21.1133601055357, -9.496357501012296, 640.9509635060589;
  0.00347479408752345, -0.009255170745260988, 0.9995751488563513]';
tag.up=[932.9222263907022, 667.9831944335027;
  938.4691370347417, 621.6881290042218;
  895.2510260783961, 614.1521140369825;
  889.3088414930934, 661.270975208887]';
tag.uc=[914.181, 641.215];
tags{4}=tag;

tag.id=6;
tag.hammingDistance=0;
tag.familyName='Tag36h11';
tag.H=[16.4553610316918, 29.52774161858165, 1045.762701695404;
  32.73174567207901, 17.76837261824122, 728.5108952063713;
  0.02225984193594212, 0.01694407708212275, 0.9994236431582232];
tag.p=[1041.198773479056, 706.0996143598121;
  1027.81906718656, 739.9672614924425;
  1051.142723439852, 750.0388415115721;
  1065.110845000335, 717.7767501144774]';
tag.c=[1046.36578177273;
  728.9310195866935];
tag.uH=[16.21613672478611, 29.21374751500057, 1052.264299558429;
  32.93090498106807, 17.51058712934087, 733.1633561332141;
  0.02190959148556864, 0.01603819992293209, 0.9995508633322038]';
tag.up=[1047.038805477235, 709.9828704548459;
  1033.665416934519, 744.5494881427772;
  1058.021131198602, 755.2826115715241;
  1072.041303270139, 722.3113790059906]';
tag.uc=[1052.73, 733.487];
tags{5}=tag;

tag.id=3;
tag.hammingDistance=0;
tag.familyName='Tag36h11';
tag.H=[0.3702806297888408, -14.4700219487195, 559.5360475690126;
  -26.94615460247877, -2.005960425413013, 764.3629592914006;
  -0.009196135601790775, 0.00861762468605916, 0.9993984882450222];
tag.p=[573.6489832959917, 793.3333216514923;
  585.152084978834, 753.2948955442557;
  546.0806938488603, 736.2796709672325;
  535.4789482491194, 775.9473547500832]';
tag.c=[559.8728176501216;
  764.8230093219852];
tag.uH=[1.168426267120835, -14.53675487824202, 558.6892985223545;
  -26.59404799636115, -1.95031266489113, 767.0325538689665;
  -0.00806843349255253, 0.008791027011375059, 0.9995133114439978]';
tag.up=[572.7462181434124, 796.5437439783988;
  584.5346910339239, 755.496956684007;
  545.188336537459, 738.3176037024789;
  534.2379468320673, 778.9262822798637]';
tag.uc=[558.968, 767.393];
tags{6}=tag;

tag.id=11;
tag.hammingDistance=0;
tag.familyName='Tag36h11';
tag.H=[-5.24314473481278, 2.971263817923844, 470.2078979577204;
  -1.61703879210359, 26.26576112805077, 871.180537934207;
  0.01213019085334518, 0.02062679208323385, 0.9994554676933575];
tag.p=[488.7560975059202, 875.6937441680665;
  466.2085430990136, 850.9916673167386;
  453.3330485940762, 867.8729458489378;
  474.6478739029088, 891.9703283260224]';
tag.c=[470.4640808488575;
  871.6551823412441];
tag.uH=[-5.168142351365373, 2.299639059231146, 467.0377752323338;
  -1.515873472609538, 26.1632624810932, 878.0182043143365;
  0.01257995884637085, 0.0198654826465972, 0.999561729099419]';
tag.up=[485.8837856236809, 882.3896316051754;
  463.1454625491263, 856.9592399953381;
  449.7731504106137, 874.6723749955094;
  471.2768332149208, 899.539162585671]';
tag.uc=[467.246, 878.396];
tags{7}=tag;

tag.id=10;
tag.hammingDistance=0;
tag.familyName='Tag36h11';
tag.H=[6.476256664365408, 18.48218851337831, 588.3211805511265;
  31.16371791666157, 8.99939534008265, 951.0841075252187;
  0.01888086913490778, 0.000910226302722716, 0.9995070380273005];
tag.p=[575.0266081046449, 929.7807197672514;
  566.4156173089592, 956.5304953713319;
  601.668545829796, 972.4801686944979;
  611.619819029536, 946.3936227896916]';
tag.c=[588.6113435602012;
  951.5531870614409];
tag.uH=[5.673941704321196, 18.57423327735191, 586.8563900318887;
  31.09732702503713, 8.982839463379188, 960.660121921933;
  0.01785013682518531, 0.0005290122422260077, 0.9996078278537252]';
tag.up=[573.36957645328, 938.1935683797842;
  564.4017523125536, 966.4184971478555;
  600.3053435208727, 983.0604824169798;
  610.5723144620935, 955.4745793418615]';
tag.uc=[587.089, 961.023];
tags{8}=tag;

tag.id=4;
tag.hammingDistance=0;
tag.familyName='Tag36h11';
tag.H=[-14.1418427624061, -20.0636111966506, 718.1085470512197;
  -31.28155320721515, -1.789725647659205, 1014.319353974652;
  -0.01810713870486779, -0.001451294982753814, 0.9996185503967355];
tag.p=[738.1583500790747, 1027.682776579298;
  736.5796388500539, 1001.897141903566;
  697.8174924499539, 1001.212128103583;
  700.781976539387, 1027.095819371927]';
tag.c=[718.3825737989874;
  1014.706413333448];
tag.uH=[-13.49591461079365, -20.36724404109743, 719.3570954364759;
  -31.32002701872849, -1.679489767642029, 1027.557644206814;
  -0.01707180251079806, -0.001232592387273144, 0.9996996743188878]';
tag.up=[739.8979988029214, 1041.803670122129;
  738.1428716893568, 1014.290530130939;
  698.4880309487617, 1013.415656964119;
  701.5850800525827, 1041.025058307899]';
