% AprilTagFinder log 70
% @ Fri Mar 16 13:46:43 2018

K=[1664.010615128407, 0, 667.9657771371558;
  0, 1668.819944196452, 457.9230104705811;
  0, 0, 1];
distCoeffs=[-0.2237256636237109;
  0.2343996528647796;
  0;
  0;
  0];
tags={};

tag.id=1;
tag.hammingDistance=0;
tag.familyName='Tag36h11';
tag.H=[18.12022809165592, -15.44128918232916, 960.0706089583829;
  -5.930795289741262, -5.538122595456012, 273.1844861237533;
  0.01862932296005206, 0.0007584602784418798, 0.9992390790751277];
tag.p=[977.078536423835, 290.5067383371706;
  976.9171310194655, 268.2028778111301;
  945.1444719227245, 256.9297727375044;
  944.0993464097255, 278.7711627990377]';
tag.c=[960.8017030789085;
  273.392516210041];
tag.uH=[17.82623594258067, -15.32472979519138, 962.9917004749478;
  -6.254307804631801, -5.366219644315322, 271.4719038339347;
  0.01817029580173726, 0.001212966996099807, 0.9993818241614613]';
tag.up=[980.1011857036118, 288.869663647809;
  980.1249952036634, 266.232999994018;
  947.7167771485845, 255.0644924489769;
  946.4722025108274, 277.2316847997095]';
tag.uc=[963.579, 271.643];
tags{1}=tag;

tag.id=2;
tag.hammingDistance=0;
tag.familyName='Tag36h11';
tag.H=[-13.25732219948145, -6.590165050189245, 502.8247210901648;
  8.018527776305721, 9.01438673832091, 331.0348696374119;
  0.005064715710787952, -0.01233738519970143, 0.9991823303440909];
tag.p=[519.3199978404992, 311.9880721690348;
  488.0633115033623, 324.6547955373379;
  486.9165538967471, 350.906738676132;
  518.9469730240828, 338.1925186973655]';
tag.c=[503.2362020623462;
  331.3057683109874];
tag.uH=[-13.44880892655679, -6.432260955622604, 502.3288146921906;
  7.948324118764186, 9.172756023687006, 330.6463713855386;
  0.004898824274682235, -0.01211678929339068, 0.999340963441145]';
tag.up=[518.8035310266413, 311.4810241184828;
  487.3414358787862, 324.1200442455635;
  486.2745721747536, 350.5272701027889;
  518.5102569167727, 337.8416352326595]';
tag.uc=[502.666, 330.868];
tags{2}=tag;

tag.id=16;
tag.hammingDistance=0;
tag.familyName='Tag36h11';
tag.H=[3.405482123119477, -13.72367457273306, 494.1835275799442;
  -7.754000208464145, 12.92729724173925, 446.571375147341;
  0.01698602774946703, 0.005126701456636227, 0.999111195774974];
tag.p=[516.3792342492836, 451.7899395115896;
  505.7641871001097, 421.2685418621667;
  473.8092432952905, 442.356138678387;
  483.2144517835429, 473.2861866776093]';
tag.c=[494.6231507261053;
  446.9686427654851];
tag.uH=[3.301825376770705, -14.06395005055731, 493.8427547117385;
  -7.846771912945907, 12.75185795619712, 446.6219298848525;
  0.01687490090512575, 0.004681502973613728, 0.99928636743768]';
tag.up=[516.0982436451645, 451.7785708552363;
  505.4032874407855, 421.1869854160772;
  473.2173074829505, 442.3086790914364;
  482.7039221672045, 473.3286402645576]';
tag.uc=[494.202, 446.942];
tags{3}=tag;

tag.id=0;
tag.hammingDistance=0;
tag.familyName='Tag36h11';
tag.H=[5.005322380939314, -30.40024122193189, 911.898246498217;
  -21.65383582629921, -9.760654250000531, 639.5511372665761;
  0.002218579705629809, -0.009982079282440066, 0.9994769099346762];
tag.p=[930.5555619971587, 666.1424829731518;
  936.3692931432647, 620.4130396590881;
  893.9107996304338, 613.2181342297534;
  887.7886833142795, 659.8399568694842]';
tag.c=[912.3755010586656;
  639.8858552003727];
tag.uH=[5.52161426550217, -29.92349566081122, 913.8080858883553;
  -21.48741714396619, -9.349221949274069, 640.96667570328;
  0.002898747666817057, -0.009021369519220095, 0.9995784248351807]';
tag.up=[932.8917566404422, 667.9949587522349;
  938.468891734211, 621.6841252298123;
  895.2652454532152, 614.1490634856975;
  889.3457270151428, 661.2701695573041]';
tag.uc=[914.18, 641.229];
tags{4}=tag;

tag.id=3;
tag.hammingDistance=0;
tag.familyName='Tag36h11';
tag.H=[0.4019901794721772, -14.54208782412053, 559.535599058769;
  -26.89414443803435, -2.121410261947181, 764.3526982152511;
  -0.009123220116792202, 0.008482911259482711, 0.9994003284743196];
tag.p=[573.6523850012082, 793.3360138565442;
  585.1324837327313, 753.2942914362199;
  546.0726207515404, 736.2500791704157;
  535.4848199638581, 775.9296165210852]';
tag.c=[559.871337958187;
  764.8113337946453];
tag.uH=[1.199942346989246, -14.60783365671913, 558.6886435910149;
  -26.54192281820287, -2.0653682779067, 767.021708647679;
  -0.007995593631269404, 0.008657657166971679, 0.999514729690208]';
tag.up=[572.7496439706659, 796.5464919601997;
  584.5149248805637, 755.4964150237223;
  545.1803420945511, 738.2874806983375;
  534.2440048870482, 778.9080626293545]';
tag.uc=[558.966, 767.381];
tags{5}=tag;

tag.id=6;
tag.hammingDistance=0;
tag.familyName='Tag36h11';
tag.H=[12.02015634612293, 34.46420160888422, 1111.068880910021;
  27.62203400796074, 20.59547389083165, 838.1736847864088;
  0.01632248656201144, 0.02312381972964814, 0.9995065472083241];
tag.p=[1108.872628595212, 822.8193848891888;
  1096.624476480932, 851.4111066902244;
  1114.15377027505, 853.1582445720816;
  1126.407681264801, 825.9372115408255]';
tag.c=[1111.617411625063;
  838.5874881234878];
tag.uH=[11.9362199284903, 34.67382133517776, 1122.58647709319;
  28.07270738492554, 20.66782622745494, 848.044886105111;
  0.01608543308387688, 0.0226409265814101, 0.9996133671313432]';
tag.up=[1119.772637563249, 831.8402783963188;
  1107.542291220597, 861.4331362054692;
  1126.02362317234, 863.6726110740078;
  1138.306739932484, 835.489179913804]';
tag.uc=[1123.01, 848.366];
tags{6}=tag;

tag.id=11;
tag.hammingDistance=0;
tag.familyName='Tag36h11';
tag.H=[-5.864251963265172, 2.833014551745714, 470.2319937620991;
  -2.772937185279992, 25.98571915933372, 871.1934953702862;
  0.01080751708968609, 0.02030837377799483, 0.9994773754139737];
tag.p=[488.7257896211733, 875.6861223095192;
  466.207751918392, 850.9644654098325;
  453.3318542204569, 867.8557357271771;
  474.6675845317541, 891.9440708247804]';
tag.c=[470.4778770678362;
  871.6490405892844];
tag.uH=[-5.784702372948049, 2.162932002329263, 467.0602630939554;
  -2.680422982714335, 25.88115190219896, 878.0272796962666;
  0.01125766646449709, 0.01954748122528203, 0.9995795390817011]';
tag.up=[485.8529314954421, 882.3820285473514;
  463.1449758176647, 856.9310086166161;
  449.7721513250511, 874.654468607738;
  471.2973187590312, 899.5114790071152]';
tag.uc=[467.261, 878.389];
tags{7}=tag;

tag.id=10;
tag.hammingDistance=0;
tag.familyName='Tag36h11';
tag.H=[6.317760196495044, 18.89979286579297, 588.3375771546266;
  30.89402221431475, 9.665503918115355, 951.081493142756;
  0.01860356434910526, 0.001619867805797799, 0.9995114569118856];
tag.p=[575.0300318765574, 929.7795377782533;
  566.4124836486078, 956.5318714348545;
  601.6810219942657, 972.449829761819;
  611.6057317286384, 946.3885015297059]';
tag.c=[588.625145901147;
  951.5463645421735];
tag.uH=[5.516273414872611, 18.99127872152264, 586.8725747857414;
  30.82507929643596, 9.655979730417283, 960.6562342680967;
  0.0175732915807353, 0.001239506764880759, 0.9996113520577564]';
tag.up=[573.3730731811208, 938.1923048328301;
  564.3985418317075, 966.4199725577022;
  600.3182317516918, 983.0283123610404;
  610.5579792016478, 955.469242130521]';
tag.uc=[587.103, 961.016];
tags{8}=tag;

tag.id=4;
tag.hammingDistance=0;
tag.familyName='Tag36h11';
tag.H=[-14.46690019362535, -20.96291863986855, 718.1230498388866;
  -31.76314417110044, -3.049792533012586, 1014.301370798818;
  -0.01857683942708871, -0.002695014279992405, 0.9996072199477808];
tag.p=[738.1411649222827, 1027.657765328644;
  736.6070573302086, 1001.893439337736;
  697.8110518775112, 1001.178601831023;
  700.7727309615203, 1027.105833859052]';
tag.c=[718.4052250807083;
  1014.699924688224];
tag.uH=[-13.82111352315796, -21.268844080881, 719.3741819779524;
  -31.80790086080804, -2.956712063996285, 1027.54212874301;
  -0.01754130700038606, -0.002477183340157768, 0.9996912153547451]';
tag.up=[739.8802392633493, 1041.776833632496;
  738.170913680379, 1014.286733971757;
  698.4813686992524, 1013.379975903196;
  701.575632507652, 1041.035739432632]';
