% AprilTagFinder log 87
% @ Wed Mar  7 16:05:46 2018

K=[1664.010615128407, 0, 667.9657771371558;
  0, 1668.819944196452, 457.9230104705811;
  0, 0, 1];
distCoeffs=[-0.2237256636237109;
  0.2343996528647796;
  0;
  0;
  0];
tags={};

tag.id=1;
tag.hammingDistance=0;
tag.familyName='Tag36h11';
tag.H=[25.73121941939819, 0.8689455900218358, 317.8692254367659;
  -4.932323456951932, -34.67716848992531, 138.1684737297276;
  -0.02255642324642474, 0.001034256788368866, 0.9821204234816746];
tag.p=[290.2119373439869, 177.1327437263105;
  357.5595870751771, 175.1779951646396;
  358.5988085315839, 102.6016662660122;
  291.3430612259235, 107.8079264687952]';
tag.c=[323.6560587039834;
  140.6838412339622];
tag.uH=[27.43690706156009, -0.3409447310869165, 312.5493910163723;
  -4.164876474465576, -36.12278545852588, 133.0543687688706;
  -0.0212745157745598, -0.001057701043076375, 0.9836104556322153]';
tag.up=[283.7249409817391, 172.3108590833325;
  353.2787665176683, 171.2786506515255;
  353.2828282921282, 96.49603303386027;
  283.7050581588707, 100.7075048201514]';
tag.uc=[317.806, 135.294];
tags{1}=tag;

tag.id=0;
tag.hammingDistance=0;
tag.familyName='Tag36h11';
tag.H=[27.19374680227434, 0.276142049874727, 236.1430094151479;
  -3.446920396424816, -33.92487346962241, 141.793845555503;
  -0.01462125540997185, -0.002169425396318186, 0.9824742572940415];
tag.p=[208.8266210557734, 179.2974341340906;
  271.1902392866109, 177.595686227268;
  272.9806167213413, 108.132782033267;
  210.2924099908964, 111.8835799989225]';
tag.c=[240.3554166045425;
  144.3232171253379];
tag.uH=[29.1415739009664, -0.6481262273821427, 227.2899670985794;
  -2.607122073714129, -35.32891657868088, 135.277872169792;
  -0.01312049965858386, -0.003669098578665609, 0.983438907540396]';
tag.up=[198.7196313352578, 173.1640739128889;
  263.9544127946825, 172.4834762100889;
  264.5757898171764, 100.6896509554085;
  198.9231986698221, 103.2875032051437]';
tag.uc=[231.166, 137.584];
tags{2}=tag;

tag.id=25;
tag.hammingDistance=0;
tag.familyName='Tag36h11';
tag.H=[27.79939653456854, 1.935591257426215, 319.6723285210675;
  -3.916177598851253, -34.53744982411156, 230.0728516513742;
  -0.01756549231654101, 0.004169075611341033, 0.9913533136148971];
tag.p=[288.5667265983773, 267.2570800181144;
  356.3628852424704, 268.8625039854422;
  357.2829410142459, 195.9383126535741;
  290.0128691663939, 196.8749040037666]';
tag.c=[322.4605437141334;
  232.079570917487];
tag.uH=[29.53201329714333, 1.102740074611709, 315.4340037233951;
  -3.067438533873041, -35.63932468891169, 227.3319525986232;
  -0.01582979421923613, 0.002859586417575101, 0.992550746914537]';
tag.up=[283.2126008927052, 264.566379137388;
  353.0938998746738, 266.8790948278115;
  353.2590934787065, 192.545185135442;
  283.8158367782349, 192.5946787785447]';
tag.uc=[317.846, 229.063];
tags{3}=tag;

tag.id=24;
tag.hammingDistance=0;
tag.familyName='Tag36h11';
tag.H=[27.97054519871663, 1.455638857363322, 236.2227649899385;
  -2.979177534210395, -33.69049901912405, 229.7699474697594;
  -0.01290944465410879, 0.00255343794255424, 0.9902818285648339];
tag.p=[206.6647628577214, 266.2697877594244;
  269.5245844553688, 267.2098957781009;
  271.0908755762874, 197.0560083325747;
  208.5100287590888, 197.9216234256508]';
tag.c=[238.5409468052992;
  232.0248042951102];
tag.uH=[29.97417597143463, 0.7745979504946791, 228.6646463864452;
  -2.027386765804518, -34.82158653841929, 225.8940463309353;
  -0.01089644661783534, 0.001611460344231175, 0.9912645017020695]';
tag.up=[197.7896044939993, 262.5824932384355;
  263.4576076465464, 264.305948934177;
  264.1560684234667, 192.4977398574289;
  198.7120893298601, 192.3770680451282]';
tag.uc=[230.723, 227.912];
tags{4}=tag;

