% AprilTagFinder log 91
% @ Wed Mar  7 16:05:46 2018

K=[1664.010615128407, 0, 667.9657771371558;
  0, 1668.819944196452, 457.9230104705811;
  0, 0, 1];
distCoeffs=[-0.2237256636237109;
  0.2343996528647796;
  0;
  0;
  0];
tags={};

tag.id=1;
tag.hammingDistance=0;
tag.familyName='Tag36h11';
tag.H=[33.42843156530186, -0.07989816652726207, 338.0577147014145;
  -4.309719187177419, -41.85843925676934, 112.445966163949;
  -0.01841611649108718, -0.002696259592802446, 0.9660693737728356];
tag.p=[308.6657359162726, 160.6736800299603;
  390.9783062290876, 157.8310753782818;
  393.0403700999374, 70.13843792055719;
  310.1983352999349, 76.28648161394038]';
tag.c=[349.9310959224201;
  116.3953326921115];
tag.uH=[35.3089841489701, -1.720092199329416, 333.4441960185781;
  -3.496396554104419, -43.66149442686064, 107.0570401335104;
  -0.01707627468574307, -0.005661068019749229, 0.9679308110597447]';
tag.up=[302.6056263993017, 155.6601445730883;
  387.3594190355608, 153.9103245326718;
  388.237954845914, 63.36459127408449;
  302.7095340986464, 68.2980518085879]';
tag.uc=[344.563, 110.631];
tags{1}=tag;

tag.id=0;
tag.hammingDistance=0;
tag.familyName='Tag36h11';
tag.H=[33.76718519658353, 1.051930101676923, 241.2928894485945;
  -3.001642802626493, -39.56488651481765, 118.1356156930536;
  -0.01086017870072518, -0.000224636505605202, 0.9692105683713252];
tag.p=[210.6240400692225, 163.9323694701123;
  285.8494505500844, 161.3841954785165;
  288.1792957080726, 78.87178288025413;
  212.8677473987318, 83.25018704590842]';
tag.c=[248.9581700022796;
  121.8884931182398];
tag.uH=[35.969912710776, -0.165334178395075, 232.491901616113;
  -2.077333950572003, -41.31560214342848, 111.0320002942319;
  -0.00923177585992048, -0.00227650088838518, 0.9700578811085214]';
tag.up=[200.3272658309572, 157.3133469467096;
  278.9402910102164, 156.022388510353;
  279.8433914777364, 70.55201667979668;
  200.9979884105387, 73.47805923416462]';
tag.uc=[239.739, 114.495];
tags{2}=tag;

tag.id=25;
tag.hammingDistance=0;
tag.familyName='Tag36h11';
tag.H=[32.53574157837467, 2.113791092796384, 343.2168236722812;
  -5.271628997911631, -41.61568587677893, 223.9933032175173;
  -0.02373942851063703, 0.003814715003772228, 0.9876237345617055];
tag.p=[306.2555369844708, 268.8512087051249;
  389.1788445775832, 271.1650931599598;
  390.4792173206489, 183.0176371882368;
  308.1182913279072, 184.8437110295075]';
tag.c=[347.5177961621147;
  226.8002432291915];
tag.uH=[34.51073914739204, 1.06207289121132, 339.8766047058688;
  -4.313495937736325, -42.95082673223535, 221.551940844943;
  -0.02182142595697527, 0.002114997029589446, 0.9893853244892505]';
tag.up=[301.5264967610844, 266.3792627760311;
  386.6911576737807, 269.498604631213;
  387.1524859609447, 179.7218511622241;
  302.4046740612864, 180.5077891126588]';
tag.uc=[343.586, 223.965];
tags{3}=tag;

tag.id=24;
tag.hammingDistance=0;
tag.familyName='Tag36h11';
tag.H=[33.68714526957778, 1.536340201123036, 242.7146641085477;
  -3.143833925695749, -40.23406098460851, 223.716032303229;
  -0.01397118674708739, 0.001631540543999407, 0.9863214637468753];
tag.p=[207.769358965268, 267.4520160566938;
  283.1566537806507, 268.6733546674673;
  285.3627702005363, 185.1555482295411;
  210.159472067398, 186.2673911995056]';
tag.c=[246.080687716674;
  226.8185784514595];
tag.uH=[36.04202362128064, 0.7211068523201988, 235.5359758118755;
  -2.038315575067597, -41.59499831973977, 219.90758910724;
  -0.01164334510329902, 0.0004621165244835631, 0.9877247693000913]';
tag.up=[198.9644866311505, 263.8077617275775;
  277.6217711479133, 265.9512917807572;
  278.8130778521701, 180.4861051568698;
  200.2453186545388, 180.384476405424]';
tag.uc=[238.525, 222.68];
tags{4}=tag;

