% AprilTagFinder log 82
% @ Fri Mar 16 13:46:57 2018

K=[1664.010615128407, 0, 667.9657771371558;
  0, 1668.819944196452, 457.9230104705811;
  0, 0, 1];
distCoeffs=[-0.2237256636237109;
  0.2343996528647796;
  0;
  0;
  0];
tags={};

tag.id=1;
tag.hammingDistance=0;
tag.familyName='Tag36h11';
tag.H=[15.32258985257017, -17.14771884950178, 960.1584674736001;
  -6.732242018789357, -5.977601796973186, 273.2636998058429;
  0.01573526732078364, -0.001012429862872853, 0.9992897033952071];
tag.p=[977.0627366732826, 290.4561929873212;
  976.9608634585154, 268.2077051777533;
  945.0902231153818, 256.9532875509299;
  944.1714989351692, 278.8871501628809]';
tag.c=[960.8409495378029;
  273.4579360493724];
tag.uH=[15.01924492705557, -17.03451942963583, 963.069913330998;
  -7.050864262333302, -5.801285123587608, 271.5488222130654;
  0.01527519129782046, -0.0005559675888400593, 0.9994219366025828]';
tag.up=[980.0854004994349, 288.8185324550172;
  980.1697828191352, 266.2375084234693;
  947.6611755685683, 255.0888414161523;
  946.5449437676646, 277.3486891392913]';
tag.uc=[963.618, 271.709];
tags{1}=tag;

tag.id=2;
tag.hammingDistance=0;
tag.familyName='Tag36h11';
tag.H=[-13.40676129512283, -5.448070966422847, 502.8362875353409;
  7.959950896573682, 9.707338448774697, 331.069877796797;
  0.004765577893562382, -0.01015216124298869, 0.9992091562973476];
tag.p=[519.3045313733049, 311.96886078936;
  487.9838996824016, 324.7349929553873;
  486.9897992336677, 350.9048562941224;
  518.9468982036201, 338.1287894483672]';
tag.c=[503.2342671865042;
  331.3319095509531];
tag.uH=[-13.59752041402842, -5.290419211567564, 502.3375460303063;
  7.890299642392153, 9.865110108780296, 330.6796289418086;
  0.004600317846712793, -0.009930080949396999, 0.9993620284679592]';
tag.up=[518.7878901743638, 311.4616275390648;
  487.2616003590626, 324.2004857245009;
  486.34845415366, 350.5256039345127;
  518.5100008093567, 337.7775736602269]';
tag.uc=[502.665, 330.894];
tags{2}=tag;

tag.id=16;
tag.hammingDistance=0;
tag.familyName='Tag36h11';
tag.H=[3.260380430844382, -13.85663341111374, 494.1962450897901;
  -7.90919894342635, 12.79475079226588, 446.5837191019542;
  0.01668637243434623, 0.004849365542794921, 0.9991172346246183];
tag.p=[516.3687117659216, 451.8274627413433;
  505.7729004281248, 421.2651293965121;
  473.8143179819187, 442.3337638452643;
  483.2257527766685, 473.3080393097753]';
tag.c=[494.6328898784998;
  446.9782960652677];
tag.uH=[3.156965678438971, -14.19664053868411, 493.8548788786448;
  -8.001914838344447, 12.61936851102875, 446.6337033449602;
  0.01657542132923064, 0.004404363543822386, 0.999291070644774]';
tag.up=[516.0876683865836, 451.8161623027198;
  505.4120536712137, 421.1835729325711;
  473.2224174591141, 442.2862376341928;
  482.7153062245018, 473.350548965997]';
tag.uc=[494.212, 446.952];
tags{3}=tag;

tag.id=0;
tag.hammingDistance=0;
tag.familyName='Tag36h11';
tag.H=[5.532140908136531, -30.51741255943713, 911.8959003266657;
  -21.28980989123261, -9.817496249008753, 639.5325493162646;
  0.002776254446146216, -0.01009240645476809, 0.9994744152961336];
tag.p=[930.5621272218102, 666.1165462166108;
  936.3875509034708, 620.4025596079562;
  893.9205180195657, 613.234063243105;
  887.7369131056591, 659.8429616473793]';
tag.c=[912.3754308973289;
  639.8688545987222];
tag.uH=[6.04809732547105, -30.04125014990631, 913.8058917021725;
  -21.12361296729078, -9.406292594438028, 640.9480795198832;
  0.003454560453966779, -0.009131924725871626, 0.9995762174141576]';
tag.up=[932.8982313170272, 667.9686731456302;
  938.4874270336705, 621.6736447442023;
  895.2751881277147, 614.1652021067307;
  889.2932182213513, 661.2728539377927]';
tag.uc=[914.179, 641.212];
tags{4}=tag;

tag.id=3;
tag.hammingDistance=0;
tag.familyName='Tag36h11';
tag.H=[0.3408466850662837, -14.60914378057003, 559.5395495992406;
  -26.98854543931781, -2.214773791004475, 764.3693969920992;
  -0.009265174562534327, 0.008369253708485484, 0.9993999190821804];
tag.p=[573.6381416235077, 793.3380151546098;
  585.159638876916, 753.3322695348686;
  546.0882014206586, 736.2675352991537;
  535.4682076872639, 775.925779393914]';
tag.c=[559.8755202152761;
  764.8283558938784];
tag.uH=[1.138913483038522, -14.67494250737235, 558.6926864439965;
  -26.63667762092138, -2.159358400644297, 767.0389522083582;
  -0.008137801088844546, 0.008543753583585006, 0.99951454569016]';
tag.up=[572.7352348475838, 796.548616998138;
  584.5421668939939, 755.5350886108497;
  545.1959807722787, 738.3051926036705;
  534.2272167041214, 778.9042383232868]';
tag.uc=[558.971, 767.398];
tags{5}=tag;

tag.id=11;
tag.hammingDistance=0;
tag.familyName='Tag36h11';
tag.H=[-5.108717712691086, 2.555093098920192, 470.2314222441603;
  -1.343969388901479, 25.47943382084644, 871.1615943935444;
  0.01244644463590049, 0.01971967899701482, 0.9994696526188097];
tag.p=[488.7659692026468, 875.6570244808349;
  466.2056856089254, 850.9788743910816;
  453.3361564190978, 867.8421972514375;
  474.6944222167636, 891.9705410555331]';
tag.c=[470.4809405788963;
  871.6238578239243];
tag.uH=[-5.035051934294746, 1.886608655645184, 467.0603621134831;
  -1.240706874882522, 25.3708095001596, 877.9947753806024;
  0.01289600906603531, 0.01895836040974414, 0.9995724094628045]';
tag.up=[485.894269698457, 882.35126469651;
  463.1426953546971, 856.9459924243689;
  449.7767298827494, 874.6403140551886;
  471.324446817638, 899.5388095178978]';
tag.uc=[467.264, 878.363];
tags{6}=tag;

tag.id=10;
tag.hammingDistance=0;
tag.familyName='Tag36h11';
tag.H=[6.972224698577127, 18.9511112457189, 588.32939971829;
  31.94266774141746, 9.786162492471622, 951.0833828917496;
  0.01970788318451006, 0.00172071045487168, 0.9994902687754904];
tag.p=[575.0210626499895, 929.7517485605531;
  566.4504092774455, 956.5223251544587;
  601.6665557629509, 972.4692624223338;
  611.6213883418944, 946.4329571502523]';
tag.c=[588.6294425248107;
  951.5684270312649];
tag.uH=[6.169345338640208, 19.04064009231684, 586.8674210203528;
  31.88447763053183, 9.77640176379359, 960.6640724028474;
  0.0186779783768739, 0.001337587061723752, 0.9995953461586807]';
tag.up=[573.3641106336838, 938.1631744629601;
  564.4373454496025, 966.4096187351165;
  600.3033643731408, 983.0489495707054;
  610.573756545321, 955.5160009817093]';
tag.uc=[587.107, 961.039];
tags{7}=tag;

tag.id=4;
tag.hammingDistance=0;
tag.familyName='Tag36h11';
tag.H=[-14.09208725028868, -21.84431649625299, 718.1375656788173;
  -31.2023653543242, -4.276982722502529, 1014.303037067624;
  -0.01804006555406595, -0.00390956540497186, 0.9996129571513739];
tag.p=[738.1573857556516, 1027.624148889631;
  736.5831728074104, 1001.923116357938;
  697.7874117353011, 1001.186873607073;
  700.7545462483796, 1027.112345042569]';
tag.c=[718.41562330816;
  1014.695767808085];
tag.uH=[-13.4466773367441, -22.15178238420528, 719.387928375195;
  -31.2401880232171, -4.199455912097513, 1027.542210882955;
  -0.01700567113417017, -0.003691640854644214, 0.9996955614229648]';
tag.up=[739.8966891449194, 1041.740980522706;
  738.1466239687331, 1014.318188904797;
  698.4572134254075, 1013.388721648132;
  701.5570167326798, 1041.042652686115]';
tag.uc=[719.607, 1027.84];
tags{8}=tag;

tag.id=13;
tag.hammingDistance=0;
tag.familyName='Tag36h11';
tag.H=[-7.820696445375676, 8.641202251340383, 857.7171967729497;
  9.233077156852369, -2.280976301237177, 1059.057220160251;
  0.0006278408924130626, -0.004999250936545882, 0.9998884006796472];
tag.p=[853.2619565343465, 1047.642361139965;
  836.6408119455538, 1064.69893462052;
  862.4038671915025, 1070.809771247953;
  879.2246944419159, 1053.589390814236]';
tag.c=[857.8129281127168;
  1059.175423417639];
tag.uH=[-7.967086416773441, 8.986374761320667, 863.3017263936707;
  9.782531576622633, -2.087296634053123, 1076.716048524913;
  0.0006376019572280505, -0.005128743946113713, 0.9999052756374711]';
tag.up=[858.5088635073532, 1064.34104636494;
  841.5762751275923, 1082.453312064646;
  868.3037285469807, 1089.40667741065;
  885.4459605975889, 1071.130894573617]';
