% AprilTagFinder log 21
% @ Fri Mar 16 13:46:25 2018

K=[1664.010615128407, 0, 667.9657771371558;
  0, 1668.819944196452, 457.9230104705811;
  0, 0, 1];
distCoeffs=[-0.2237256636237109;
  0.2343996528647796;
  0;
  0;
  0];
tags={};

tag.id=1;
tag.hammingDistance=0;
tag.familyName='Tag36h11';
tag.H=[16.54754864808484, -15.96958744033243, 960.1236325256838;
  -6.385711222400765, -5.656388373343269, 273.2301319200298;
  0.01704719743966838, 0.0002041307517233206, 0.9992673600585007];
tag.p=[977.1181326780841, 290.496511521696;
  976.9024532033454, 268.1803098345438;
  945.0899475222097, 256.9436601052213;
  944.2015050898048, 278.8606273458203]';
tag.c=[960.8275731826914;
  273.4304579947793];
tag.uH=[16.24986856054636, -15.85534447249501, 963.0392591128182;
  -6.705791927275261, -5.483201806055107, 271.5162033967235;
  0.01658996776113367, 0.0006579328310748751, 0.9994040404595507]';
tag.up=[980.1418367852602, 288.8589752602107;
  980.1101517564555, 266.2102058182663;
  947.6609769273698, 255.0790669919561;
  946.5757679000012, 277.3215753190993]';
tag.uc=[963.605, 271.681];
tags{1}=tag;

tag.id=2;
tag.hammingDistance=0;
tag.familyName='Tag36h11';
tag.H=[-14.79500425412075, -6.603739976498647, 502.8717636760784;
  7.028314342022018, 9.02227220521732, 331.0212920530597;
  0.002015793586011739, -0.01236138523101113, 0.9991912017458084];
tag.p=[519.317880575497, 311.9952710667477;
  488.0583381298475, 324.6227294572435;
  486.9041380447396, 350.9869235956019;
  518.9436950073332, 338.1503940468729]';
tag.c=[503.2788147027816;
  331.2892382105568];
tag.uH=[-14.98446633039325, -6.445815559164657, 502.3750210598865;
  6.959673604717869, 9.180689946574796, 330.632101411466;
  0.001850301481425092, -0.01214085356654598, 0.999347648268226]';
tag.up=[518.801423712256, 311.4882650189286;
  487.3362952240113, 324.0877403384903;
  486.2622936715148, 350.6078464702682;
  518.5068381534568, 337.7992817308752]';
tag.uc=[502.709, 330.851];
tags{2}=tag;

tag.id=16;
tag.hammingDistance=0;
tag.familyName='Tag36h11';
tag.H=[3.296446665020802, -14.02060638601779, 494.2039919005055;
  -7.84216017538659, 12.65514551442016, 446.5708783748599;
  0.01676310125542677, 0.004516859952296302, 0.9991185097935652];
tag.p=[516.3716979165258, 451.7697667725415;
  505.7730600130814, 421.2857648272109;
  473.8147360266852, 442.3603881638153;
  483.230661227248, 473.2812938184145]';
tag.c=[494.6400122269944;
  446.9648735335001];
tag.uH=[3.192871593873003, -14.36054939008188, 493.8625097360239;
  -7.934893484079182, 12.47970249383077, 446.620672789615;
  0.01665190161768389, 0.004071664430681514, 0.9992919886355841]';
tag.up=[516.0906625401848, 451.7583594724194;
  505.4122338353491, 421.2042588413532;
  473.2228520897715, 442.3129443483872;
  482.720267119051, 473.3237263429194]';
tag.uc=[494.219, 446.938];
tags{3}=tag;

tag.id=0;
tag.hammingDistance=0;
tag.familyName='Tag36h11';
tag.H=[5.420935718433357, -29.95595981357797, 911.8959695126525;
  -21.36058646218795, -9.417053311059535, 639.5381888100025;
  0.002682024177400902, -0.009481524046137987, 0.9994805049469195];
tag.p=[930.5869033732262, 666.1325131925353;
  936.3697261659795, 620.3710224876165;
  893.9034200091502, 613.24891472947;
  887.7788110613985, 659.8506361353401]';
tag.c=[912.3699411836768;
  639.8705984204936];
tag.uH=[5.937974896034516, -29.47865777949587, 913.8043811456423;
  -21.19354923366679, -9.004968582994106, 640.9526403120956;
  0.003362253207598731, -0.008521184647950321, 0.999580658280759]';
tag.up=[932.9236288676916, 667.9851000737713;
  938.4690479822223, 621.6416098126786;
  895.2579316299195, 614.1801041481557;
  889.3357839335049, 661.280923637751]';
tag.uc=[914.174, 641.213];
tags{4}=tag;

tag.id=6;
tag.hammingDistance=0;
tag.familyName='Tag36h11';
tag.H=[15.4422742195781, 29.75777871633469, 1045.897631288426;
  32.03552642001879, 17.96417923437809, 728.6046071736486;
  0.02131141729507686, 0.01720042906903541, 0.99944021042138];
tag.p=[1041.38624249505, 706.1971806660183;
  1027.931736997602, 740.0478972674858;
  1051.202391373872, 750.1351413468562;
  1065.1883940941, 717.8863476066787]';
tag.c=[1046.483441813351;
  729.0127008862863];
tag.uH=[15.19692670565254, 29.44601893641239, 1052.401451996465;
  32.23058800947958, 17.7085570884111, 733.2586759375171;
  0.02096192134878628, 0.01629625108967762, 0.9995640142810701]';
tag.up=[1047.234452228595, 710.0854501997549;
  1033.783297329588, 744.6340831304125;
  1058.084729040484, 755.3828198834599;
  1072.123665195704, 722.425153159415]';
tag.uc=[1052.85, 733.573];
tags{5}=tag;

tag.id=3;
tag.hammingDistance=0;
tag.familyName='Tag36h11';
tag.H=[0.06729814035953563, -14.47432796138806, 559.5357718787849;
  -27.36111585624857, -2.01112003014049, 764.3607746783298;
  -0.009745058913367105, 0.008612979319346807, 0.999393301522887];
tag.p=[573.6414213291712, 793.3162172044632;
  585.1750894817023, 753.2968553788215;
  546.0782509456234, 736.2687467432386;
  535.4885073478854, 775.936851818909]';
tag.c=[559.8754474601319;
  764.8247927153285];
tag.uH=[0.8658087998065043, -14.541147555372, 558.6899055487521;
  -27.0105686474593, -1.95559845124477, 767.0315610774159;
  -0.008617638010555834, 0.008786290852658278, 0.9995096582354281]';
tag.up=[572.738656789455, 796.5262162689401;
  584.5578842911405, 755.4988695835145;
  545.1859278569571, 738.3064805037682;
  534.2476898077938, 778.9154545102582]';
tag.uc=[558.97, 767.394];
tags{6}=tag;

tag.id=11;
tag.hammingDistance=0;
tag.familyName='Tag36h11';
tag.H=[-5.229250909233162, 2.783177906323631, 470.2100353159429;
  -1.600318033694351, 25.9058035986216, 871.1691072304554;
  0.01216350763669619, 0.02023126728883668, 0.9994630565115848];
tag.p=[488.7515362862146, 875.7019931174035;
  466.2091982527475, 850.9854628831775;
  453.3221031637238, 867.8274908746027;
  474.6479774706839, 891.9580567119202]';
tag.c=[470.4626471708839;
  871.6371271101181];
tag.uH=[-5.154103537986185, 2.113376761611566, 467.0392419495842;
  -1.499151955010869, 25.80074022641625, 878.0045312845926;
  0.01261352726810024, 0.01947079621603934, 0.9995675341426943]';
tag.up=[485.879038053382, 882.3982767590908;
  463.1462049268857, 856.9527908139132;
  449.7625383332632, 874.625182813453;
  471.2770899892468, 899.526337058604]';
tag.uc=[467.245, 878.377];
tags{7}=tag;

tag.id=10;
tag.hammingDistance=0;
tag.familyName='Tag36h11';
tag.H=[7.202616349307788, 18.39256512388692, 588.3049410685182;
  32.32839073453156, 8.852764356617387, 951.0610901480551;
  0.02010244978703933, 0.0007526461102606672, 0.9994832768362335];
tag.p=[574.998524010864, 929.7503922111994;
  566.4470494061155, 956.5224521717154;
  601.6632706824955, 972.4639117324787;
  611.6461749955636, 946.3868842067745]';
tag.c=[588.6090890192179;
  951.5527795107746];
tag.uH=[6.398667133478999, 18.48464009170834, 586.8434869734178;
  32.27389568808609, 8.834338928787282, 960.6423565867741;
  0.0190719107915747, 0.0003708187860376221, 0.9995897735474136]';
tag.up=[573.3411502715065, 938.1618950329981;
  564.4339130259636, 966.409777374128;
  600.3000357242345, 983.0433027926797;
  610.5991995138955, 955.4673762563574]';
tag.uc=[587.087, 961.023];
tags{8}=tag;

tag.id=4;
tag.hammingDistance=0;
tag.familyName='Tag36h11';
tag.H=[-14.27304638808586, -19.99018334623882, 718.0932893314886;
  -31.51764700585255, -1.697685846197507, 1014.319950905456;
  -0.01833689381836135, -0.001365647939692569, 0.9996147151024749];
tag.p=[738.0984811176966, 1027.683262210126;
  736.5951629041836, 1001.889312431355;
  697.8483155926774, 1001.216889371743;
  700.7534824559211, 1027.104398586592]';
tag.c=[718.3700664689331;
  1014.710903692002];
tag.uH=[-13.62661756129408, -20.29514248703368, 719.3422633077968;
  -31.55926318978452, -1.588364686443633, 1027.559404104052;
  -0.01730159887705574, -0.001149325477117204, 0.9996967884892808]';
tag.up=[739.8366081682627, 1041.80386001512;
  738.1587188623583, 1014.282280005978;
  698.5195611639652, 1013.420792686818;
  701.5559063881898, 1041.034155585011]';
