% AprilTagFinder log 57
% @ Wed Mar  7 16:05:42 2018

K=[1664.010615128407, 0, 667.9657771371558;
  0, 1668.819944196452, 457.9230104705811;
  0, 0, 1];
distCoeffs=[-0.2237256636237109;
  0.2343996528647796;
  0;
  0;
  0];
tags={};

tag.id=0;
tag.hammingDistance=0;
tag.familyName='Tag36h11';
tag.H=[24.95089593256056, 3.237042855655495, 540.6216066006588;
  -0.956707934322377, -27.3676706098092, 61.20637525605372;
  -0.009038433764667718, 0.002633903927171275, 0.9563518185768165];
tag.p=[532.2568567389201, 92.99419728329497;
  595.2658770049361, 92.74821746891384;
  598.7801135195039, 34.61454872465612;
  536.0483518551177, 35.94477715792679]';
tag.c=[565.2957375092133;
  63.99985242579164];
tag.uH=[25.52303049334075, 1.367398494849728, 539.0590895334537;
  -0.7258594222403414, -28.54109589017389, 56.29412370964913;
  -0.008796185379689719, -0.0004210313499537775, 0.9558677023028809]';
tag.up=[530.6435027397806, 88.65579890513965;
  594.4738621027296, 88.76989181177447;
  597.7888517558918, 28.54957123652889;
  534.0443620829848, 29.53440292712793]';
tag.uc=[563.966, 58.8961];
tags{1}=tag;

tag.id=24;
tag.hammingDistance=0;
tag.familyName='Tag36h11';
tag.H=[25.35576928509712, 1.071946394247623, 554.2851532362876;
  -0.8955924049726603, -28.72039013566233, 135.8426121226962;
  -0.01015593987818755, -0.001168746458359596, 0.988542324034195];
tag.p=[527.9276464589204, 165.4806018672229;
  590.6446284082699, 167.0834083128484;
  594.2513177349194, 108.7031439918892;
  531.3139321412274, 108.2853314132484]';
tag.c=[560.7095819370443;
  137.4170926423553];
tag.uH=[25.96715200321905, -0.4157613376509403, 554.0983721610817;
  -0.635729732089008, -29.79031987698957, 133.164709750029;
  -0.009772005203220744, -0.003595458929263079, 0.9899460740768965]';
tag.up=[526.7627135646658, 163.0478660130155;
  590.0895353738786, 164.995453853597;
  593.5118550627155, 105.199963506716;
  529.8005420039517, 104.4131684349799]';
tag.uc=[559.742, 134.526];
tags{2}=tag;

