% AprilTagFinder log 82
% @ Wed Mar  7 16:05:45 2018

K=[1664.010615128407, 0, 667.9657771371558;
  0, 1668.819944196452, 457.9230104705811;
  0, 0, 1];
distCoeffs=[-0.2237256636237109;
  0.2343996528647796;
  0;
  0;
  0];
tags={};

tag.id=1;
tag.hammingDistance=0;
tag.familyName='Tag36h11';
tag.H=[23.24744401592742, 0.3022368955838644, 315.4697476556115;
  -3.447761611113511, -28.78493491509643, 179.9344317551462;
  -0.01323790587569677, -0.0001670670979405898, 0.9918152512632752];
tag.p=[290.4040922631694, 211.0653199824122;
  345.7643798104053, 209.729529426219;
  346.5002730345021, 150.9609399107439;
  291.1021890285331, 153.8455552159656]';
tag.c=[318.0730960265006;
  181.4193031675644];
tag.uH=[24.65035829417617, -0.5287526225148952, 310.358303875598;
  -2.803466687594347, -29.82643232125875, 175.8365727843924;
  -0.01199197340804633, -0.001546642626330967, 0.9927614260851927]';
tag.up=[284.4230718121383, 207.154804285363;
  341.5841371437966, 206.5094658645963;
  341.5547260255294, 146.2385192138081;
  284.2737818203193, 148.3359630111664]';
tag.uc=[312.653, 177.136];
tags{1}=tag;

tag.id=0;
tag.hammingDistance=0;
tag.familyName='Tag36h11';
tag.H=[22.69598616286649, 0.8468176327728144, 247.2299772843115;
  -3.275688625012866, -27.7218483045425, 182.2992116230239;
  -0.01260046686707674, 0.001366161129268086, 0.9914941589014423];
tag.p=[223.0785116578371, 212.7163594875274;
  275.2650307099417, 211.4982594005583;
  276.2255132718885, 154.3485374874492;
  224.1567365840291, 156.9957317087705]';
tag.c=[249.3509165583365;
  183.8631221236928];
tag.uH=[24.29832267681842, 0.1448575853570493, 239.3825737988867;
  -2.558860516024852, -28.77417166463645, 177.1786618443857;
  -0.01119568814945597, 0.0003231788800352454, 0.9922702887712949]';
tag.up=[214.2489742861245, 207.849820351338;
  268.7100582636317, 207.3849301847398;
  268.8091357145068, 148.6013036284338;
  214.4183783780268, 150.3925817799461]';
tag.uc=[241.279, 178.579];
tags{2}=tag;

tag.id=24;
tag.hammingDistance=0;
tag.familyName='Tag36h11';
tag.H=[23.89216653313283, 1.057991197223164, 246.629823359543;
  -2.191438842219701, -27.91411533713649, 254.6125142293262;
  -0.008411090865122246, 0.001838731988293669, 0.9941713894271349];
tag.p=[221.5149142873831, 284.5064672062311;
  273.8673567587294, 284.916196826995;
  274.9901252318668, 227.3260231177739;
  222.8105552604793, 227.8823216155622]';
tag.c=[248.0757603592444;
  256.1052520089518];
tag.uH=[25.50217078058197, 0.5473410043732312, 239.721955966922;
  -1.402413027426014, -28.76184788557986, 251.3780251225299;
  -0.006684780298813336, 0.001130722514843818, 0.9948230577918892]';
tag.up=[213.5808704249592, 281.4246174995317;
  268.1577606468691, 282.4097188016422;
  268.6432522027557, 223.6016961969382;
  214.1988985808723, 223.4321178722295]';
tag.uc=[240.998, 252.703];
tags{3}=tag;

tag.id=25;
tag.hammingDistance=0;
tag.familyName='Tag36h11';
tag.H=[23.05172736956482, 1.230263035296241, 315.4121760411905;
  -3.612325292446383, -28.49981537273025, 254.7626964283595;
  -0.01450008014703915, 0.002652787668537439, 0.994764853291601];
tag.p=[289.2178351509975, 284.990438769308;
  344.9565322291454, 286.054376033938;
  345.5978201926173, 226.5200711024021;
  290.1329876758094, 227.167882875458]';
tag.c=[317.0720949755268;
  256.1034354856519];
tag.uH=[24.49091700408988, 0.6286460011089576, 311.128349233955;
  -2.889956699008669, -29.31868345958727, 252.3553095450281;
  -0.0129791255762519, 0.001724296768027784, 0.9955206755397951]';
tag.up=[284.0705364389461, 282.640232986217;
  341.5412474332033, 284.2371514704182;
  341.6093232268503, 223.657038652504;
  284.3577047002894, 223.6407243093262]';
tag.uc=[312.558, 253.507];
tags{4}=tag;

