% AprilTagFinder log 58
% @ Fri Mar 16 13:46:37 2018

K=[1664.010615128407, 0, 667.9657771371558;
  0, 1668.819944196452, 457.9230104705811;
  0, 0, 1];
distCoeffs=[-0.2237256636237109;
  0.2343996528647796;
  0;
  0;
  0];
tags={};

tag.id=1;
tag.hammingDistance=0;
tag.familyName='Tag36h11';
tag.H=[16.0961703849244, -17.32862827299009, 960.1354400414306;
  -6.516615696029419, -6.054974711602362, 273.236953876795;
  0.016585691602778, -0.001198886832223054, 0.999273423781992];
tag.p=[977.1124836471843, 290.4893091966163;
  976.8963387865516, 268.2003507152685;
  945.0483572429738, 256.8991630242693;
  944.1886637599953, 278.8606270552773]';
tag.c=[960.8335588547584;
  273.4356256995844];
tag.uH=[15.79766793858806, -17.21938764213516, 963.0503386378235;
  -6.835717504699259, -5.879744954091857, 271.5227919954074;
  0.01612907939105487, -0.0007461240814126387, 0.999409208115696]';
tag.up=[980.1361062898997, 288.8517166890306;
  980.1037034721886, 266.2306208325549;
  947.6188875181199, 255.0342392687241;
  946.5626634872268, 277.3216740214333]';
tag.uc=[963.611, 271.686];
tags{1}=tag;

tag.id=2;
tag.hammingDistance=0;
tag.familyName='Tag36h11';
tag.H=[-14.24921366200544, -7.158457553535682, 502.8475320928796;
  7.374687204111165, 8.619589593031611, 331.0086399930294;
  0.003095381714933275, -0.01351099580175134, 0.9991752665558361];
tag.p=[519.2748997244374, 312.0217993603156;
  488.054473987931, 324.640378695961;
  486.9129314440993, 350.9476907999593;
  518.9847693020437, 338.1478348117237]';
tag.c=[503.2625895817042;
  331.2818592217744];
tag.uH=[-14.43990561313662, -6.999377767018784, 502.3524516506353;
  7.30518495270593, 8.778759383056743, 330.6205408681782;
  0.002928831382552104, -0.01328969622757622, 0.9993352640291265]';
tag.up=[518.7582332430061, 311.5148263254355;
  487.332462651822, 324.1054952875078;
  486.2710437415826, 350.5684305795164;
  518.5481713788729, 337.7968263597071]';
tag.uc=[502.693, 330.844];
tags{2}=tag;

tag.id=16;
tag.hammingDistance=0;
tag.familyName='Tag36h11';
tag.H=[2.937600876618253, -13.62153324858842, 494.2030701210102;
  -8.163740998035074, 13.01326141620853, 446.5999479400137;
  0.01605811818766298, 0.005333330178386657, 0.9991257624390976];
tag.p=[516.3846611762258, 451.810293618105;
  505.779992910276, 421.2731728837324;
  473.7981218048864, 442.3732040756194;
  483.2491553049529, 473.2663791879645]';
tag.c=[494.6354990532382;
  446.9907240203273];
tag.uH=[2.833887983457491, -13.96193934264535, 493.860959612879;
  -8.256787835337732, 12.83767614284601, 446.6492677243419;
  0.01594618101183699, 0.004887934629201457, 0.9992980270263947]';
tag.up=[516.1037036661432, 451.7989636203291;
  505.4191994648581, 421.1916427962466;
  473.2060932712646, 442.3257918067615;
  482.738919982981, 473.3087615604873]';
tag.uc=[494.215, 446.964];
tags{3}=tag;

tag.id=0;
tag.hammingDistance=0;
tag.familyName='Tag36h11';
tag.H=[5.596181263859547, -30.0567152817484, 911.8927832487301;
  -21.23209621697988, -9.493505255383161, 639.5320722745876;
  0.002861918384188433, -0.009579733566264207, 0.9994792230471637];
tag.p=[930.5864375375866, 666.1296428843665;
  936.3831730386726, 620.3977967293832;
  893.9028473510519, 613.2455048906965;
  887.7472472800805, 659.8235794738273]';
tag.c=[912.3679234357626;
  639.8652993754221];
tag.uH=[6.112834097121749, -29.57901516777072, 913.8013417769661;
  -21.06526584840522, -9.081201330226664, 640.9466032775822;
  0.003541062045729876, -0.008618459396259884, 0.9995796200730768]';
tag.up=[932.9231296043386, 667.9821810108971;
  938.4829332529846, 621.6687951714523;
  895.2573321467557, 614.1766577861628;
  889.3035696745644, 661.2532831553727]';
tag.uc=[914.172, 641.208];
tags{4}=tag;

tag.id=3;
tag.hammingDistance=0;
tag.familyName='Tag36h11';
tag.H=[0.171794548593442, -14.68379641730265, 559.5376254251028;
  -27.23143817201933, -2.298129127078069, 764.3718237591668;
  -0.00957349164332843, 0.008233293828940969, 0.9993981827011598];
tag.p=[573.6260729783149, 793.3156222601081;
  585.1652918032453, 753.3058223632751;
  546.0861310760673, 736.2721080212947;
  535.4693021577345, 775.9548542330112]';
tag.c=[559.8745676250803;
  764.832112955452];
tag.uH=[0.9704638065718084, -14.75050946245425, 558.6911131971129;
  -26.88022203974004, -2.243871358099705, 767.0419707001452;
  -0.008445678644794733, 0.008406133418870284, 0.9995134644746055]';
tag.up=[572.7231432641515, 796.5256806103627;
  584.5479688627415, 755.5080629090462;
  545.1938662549496, 738.3098650690129;
  534.2281353274042, 778.9340321736172]';
tag.uc=[558.97, 767.402];
tags{5}=tag;

tag.id=6;
tag.hammingDistance=0;
tag.familyName='Tag36h11';
tag.H=[25.00927058579719, 38.38627786514927, 1095.103518500407;
  37.60405539273473, 23.28719689060374, 785.9701824270644;
  0.02844858780932384, 0.02613256599134476, 0.9991287441135699];
tag.p=[1092.277382982561, 767.6467946983255;
  1080.165924293216, 799.1324815450648;
  1099.447835921954, 803.6950553342234;
  1112.024857815824, 774.1206614496944]';
tag.c=[1096.058465890686;
  786.6555607149303];
tag.uH=[24.93268881595849, 38.4142560178954, 1104.819554187174;
  38.01030620825003, 23.23908198019877, 793.4205698956183;
  0.02813242097371389, 0.02545863481496845, 0.9993193231626579]';
tag.up=[1101.238270712959, 774.187742482134;
  1089.171556429485, 806.5871294851695;
  1109.463896198018, 811.7215156994257;
  1122.069469419599, 781.2730488961058]';
tag.uc=[1105.56, 793.955];
tags{6}=tag;

tag.id=11;
tag.hammingDistance=0;
tag.familyName='Tag36h11';
tag.H=[-5.464299744918014, 2.033159454203302, 470.2544325227951;
  -1.987385002410412, 24.50215129781311, 871.2032795631133;
  0.01170877016343545, 0.01858861149238208, 0.9995001558441999];
tag.p=[488.7373266241191, 875.6562980109179;
  466.1973632381898, 850.9938099296369;
  453.3156035363625, 867.8580141375613;
  474.7231593075073, 892.0018466035646]';
tag.c=[470.48960400172;
  871.6389632048389];
tag.uH=[-5.388367212763931, 1.368271004750769, 467.0802304092484;
  -1.888928856760919, 24.38572341306346, 878.0314621242514;
  0.01215835039772195, 0.0178268638867036, 0.9995963909036806]';
tag.up=[485.8650391805612, 882.3508271056221;
  463.1340194691644, 856.9615972608674;
  449.7554905387698, 874.6570532915537;
  471.3534584504432, 899.5711697817474]';
tag.uc=[467.273, 878.378];
tags{7}=tag;

tag.id=10;
tag.hammingDistance=0;
tag.familyName='Tag36h11';
tag.H=[6.824373195235428, 19.18418213572116, 588.3360310100175;
  31.73410812543355, 10.1516892370894, 951.0847967299985;
  0.01948095052511058, 0.002114803012524059, 0.9994938245602656];
tag.p=[575.0369004113184, 929.7482286846995;
  566.4262906282109, 956.5399782976772;
  601.6559168935831, 972.4617853237135;
  611.627035861796, 946.4170489887641]';
tag.c=[588.6339830752432;
  951.5664562994525];
tag.uH=[6.021102794510535, 19.27403156663528, 586.8737042438843;
  31.67357061118232, 10.14653873190548, 960.664649212233;
  0.01845034870434987, 0.001733147726254311, 0.9995981248132925]';
tag.up=[573.3802733682708, 938.1593753984532;
  564.4125842376683, 966.4284286835077;
  600.2925364478924, 983.0410883354766;
  610.5795752323168, 955.4992233771167]';
tag.uc=[587.112, 961.037];
tags{8}=tag;

tag.id=4;
tag.hammingDistance=0;
tag.familyName='Tag36h11';
tag.H=[-14.37846552894229, -20.46156676991634, 718.1082611510687;
  -31.62016477316132, -2.33189477766022, 1014.304994886878;
  -0.01844479392004119, -0.001993710982632923, 0.9996113150048058];
tag.p=[738.1485479976076, 1027.652800853176;
  736.5954589815001, 1001.888291209741;
  697.8014726337657, 1001.205226719686;
  700.7691273214397, 1027.095645893325]';
tag.c=[718.3874875882295;
  1014.699393315693];
tag.uH=[-13.7331036018386, -20.7668089259242, 719.358204198166;
  -31.66325715261264, -2.229372830923629, 1027.544615358897;
  -0.01740990508197266, -0.001776077265922974, 0.9996942521770901]';
tag.up=[739.8877831492003, 1041.771566273727;
  738.1590165540754, 1014.281194849405;
  698.4716335989157, 1013.408278410962;
  701.5719140244089, 1041.024839736161]';
