% AprilTagFinder log 63
% @ Wed Mar  7 16:05:43 2018

K=[1664.010615128407, 0, 667.9657771371558;
  0, 1668.819944196452, 457.9230104705811;
  0, 0, 1];
distCoeffs=[-0.2237256636237109;
  0.2343996528647796;
  0;
  0;
  0];
tags={};

tag.id=0;
tag.hammingDistance=0;
tag.familyName='Tag36h11';
tag.H=[23.91166644203258, 3.597478081216062, 542.4290613377871;
  -1.180191397490294, -27.45663736857056, 64.131519889042;
  -0.01105128650882625, 0.003934054788712825, 0.9591987170395353];
tag.p=[532.8691071232792, 96.00208790321545;
  595.9916096892613, 95.74950766724362;
  598.6233475276774, 37.28114837888349;
  535.9509514744238, 38.85823586826096]';
tag.c=[565.5022798737019;
  66.85947213000567];
tag.uH=[24.50703305410205, 1.723296263874768, 541.1353766339973;
  -0.9413922650102359, -28.65396575440712, 59.33117250180688;
  -0.01079012144498552, 0.0008838317192715863, 0.959161348693888]';
tag.up=[531.2872284335442, 91.76427068151997;
  595.2201118562508, 91.86733601463141;
  597.6414221222641, 31.32463757742539;
  533.9693306929278, 32.56782521191161]';
tag.uc=[564.192, 61.8605];
tags{1}=tag;

tag.id=24;
tag.hammingDistance=0;
tag.familyName='Tag36h11';
tag.H=[25.4982304280332, 1.110562347382032, 555.8292712421935;
  -1.143860691247063, -28.72634577681867, 138.8175577421402;
  -0.01001692073257943, -0.0003300716914182843, 0.9889026231861795];
tag.p=[529.6178954681084, 168.8144399307066;
  592.53226371833, 169.9319467897671;
  595.20179099471, 111.334857057863;
  532.1922751460306, 111.3921944404844]';
tag.c=[562.0667376241232;
  140.3753559626317];
tag.uH=[26.10567212322382, -0.376812623763934, 555.6666811792186;
  -0.8926756432090326, -29.79662359932625, 136.2200361784258;
  -0.00962709395706504, -0.002743227985038045, 0.9902918467102901]';
tag.up=[528.4929279727011, 166.4635709432143;
  592.0021382895004, 167.908026926918;
  594.4828963368806, 107.9106305254186;
  530.713571584606, 107.6181417402707]';
tag.uc=[561.129, 137.565];
tags{2}=tag;

