% AprilTagFinder log 35
% @ Fri Mar 16 13:46:29 2018

K=[1664.010615128407, 0, 667.9657771371558;
  0, 1668.819944196452, 457.9230104705811;
  0, 0, 1];
distCoeffs=[-0.2237256636237109;
  0.2343996528647796;
  0;
  0;
  0];
tags={};

tag.id=1;
tag.hammingDistance=0;
tag.familyName='Tag36h11';
tag.H=[18.83803490135616, -17.91082579920726, 960.1022331155732;
  -5.720706187253175, -6.22335911650543, 273.2007801391199;
  0.01936837181374373, -0.001821366253758516, 0.999225144462786];
tag.p=[977.0768910933193, 290.4667366450458;
  976.9076391205493, 268.2275981605433;
  945.1767952104109, 256.947158544331;
  944.0899239202249, 278.8223467440131]';
tag.c=[960.8467505406437;
  273.4126354336299];
tag.uH=[18.54573082433754, -17.80072912884762, 963.0280093470112;
  -6.045642415597916, -6.046521659420095, 271.4892458491679;
  0.01890885990987223, -0.001366064977763221, 0.9993719220769904]';
tag.up=[980.0998187603566, 288.8291112724493;
  980.115042518463, 266.2581994325569;
  947.749636574908, 255.0818683812817;
  946.4621947629155, 277.2836356699727]';
tag.uc=[963.625, 271.663];
tags{1}=tag;

tag.id=2;
tag.hammingDistance=0;
tag.familyName='Tag36h11';
tag.H=[-14.58882341470859, -6.364821653380194, 502.8715281453627;
  7.167863396061009, 9.157065342691858, 331.0285082379486;
  0.002442300870708929, -0.0119177581423772, 0.9991961713548086];
tag.p=[519.3218073623742, 311.99804829222;
  488.0316568173923, 324.6384329085373;
  486.9231048919837, 350.9610661210456;
  518.9650577408447, 338.1453076418339]';
tag.c=[503.2760758715878;
  331.2948124982381];
tag.uH=[-14.7789715771134, -6.206665164313684, 502.3742826176842;
  7.098734558366153, 9.315512568428234, 330.6390120509178;
  0.00227603555093016, -0.01169643788131652, 0.9993516147986183]';
tag.up=[518.8053875403327, 311.4910748636057;
  487.3094289330187, 324.1034491139062;
  486.2813475189023, 350.5819090108783;
  518.5283249173336, 337.7942297774987]';
tag.uc=[502.707, 330.857];
tags{2}=tag;

tag.id=16;
tag.hammingDistance=0;
tag.familyName='Tag36h11';
tag.H=[2.69758509855072, -14.32682861078792, 494.2348850575174;
  -8.396754107072278, 12.36061391318918, 446.6056655149825;
  0.01555932013392547, 0.003917959242498031, 0.9991402664824449];
tag.p=[516.3654595792225, 451.8306923245656;
  505.8058881572342, 421.3059339049566;
  473.7849289041662, 442.3343453613815;
  483.2516457955653, 473.2795458193723]';
tag.c=[494.6601609777092;
  446.9899577636825];
tag.uH=[2.594133156038022, -14.66693407101679, 493.8912514186749;
  -8.489764454218168, 12.18467993778712, 446.6534495176982;
  0.01544734544954153, 0.003471923190932612, 0.9993090849772264]';
tag.up=[516.0843986475177, 451.8193974101358;
  505.4452925157385, 421.2245083545511;
  473.1927619817639, 442.2868067296056;
  482.7414250096932, 473.3219639249987]';
tag.uc=[494.24, 446.963];
tags{3}=tag;

tag.id=0;
tag.hammingDistance=0;
tag.familyName='Tag36h11';
tag.H=[5.904660616550986, -30.20935549636412, 911.8967744529696;
  -21.01551495381787, -9.596851334341595, 639.5321947501778;
  0.003202902872636706, -0.009762667714204431, 0.9994766246411377];
tag.p=[930.5841012512169, 666.1235796678482;
  936.3604115219775, 620.3944621147133;
  893.9238676562765, 613.263660952373;
  887.7576736122941, 659.8515604000788]';
tag.c=[912.3742886737208;
  639.8670854156313];
tag.uH=[6.422007863989914, -29.73279110044432, 913.8058762934953;
  -20.84818902649971, -9.185312059432942, 640.9470885287486;
  0.003882198017019509, -0.008802625128385911, 0.9995774941341773]';
tag.up=[932.9206961620567, 667.9760033022668;
  938.459714491789, 621.6652654663819;
  895.2787478507198, 614.1951078868298;
  889.3143428106656, 661.2817130080145]';
tag.uc=[914.178, 641.21];
tags{4}=tag;

tag.id=6;
tag.hammingDistance=0;
tag.familyName='Tag36h11';
tag.H=[15.69435255482934, 32.12066023472224, 1055.639973717929;
  31.24218456938467, 16.75201425287495, 734.2947094110286;
  0.01947768692625625, 0.01899549189068359, 0.9994551020360741];
tag.p=[1048.74497280066, 714.1658901238987;
  1039.278831864169, 748.8318336763541;
  1063.132209482349, 753.7022766065974;
  1073.168525277416, 720.5446054145667]';
tag.c=[1056.215503395196;
  734.6950432441988];
tag.uH=[15.42105982343539, 31.94562535177344, 1062.608530618955;
  31.41796824056557, 16.53843791679428, 739.2592798618105;
  0.01902852559399874, 0.01821464137563824, 0.9995765992807274]';
tag.up=[1054.979100016461, 718.3611054300245;
  1045.680621926569, 753.8473783488467;
  1070.557357034957, 759.259946778703;
  1080.474929462725, 725.2800607619401]';
tag.uc=[1063.05, 739.566];
tags{5}=tag;

tag.id=3;
tag.hammingDistance=0;
tag.familyName='Tag36h11';
tag.H=[-0.1919410250645912, -14.43634229227315, 559.5290241616713;
  -27.71648306614212, -1.975334156123644, 764.3723240132631;
  -0.01020139519369867, 0.008667777043592163, 0.9993883777862339];
tag.p=[573.6284244027403, 793.3326917175992;
  585.1730615594145, 753.3061779138966;
  546.0721969628468, 736.2599613784497;
  535.5075667073277, 775.9465892543861]';
tag.c=[559.8714539797787;
  764.8401172189336];
tag.uH=[0.6070807880648565, -14.5026256607607, 558.6838086190996;
  -27.36715926075571, -1.919158013202472, 767.0445312585695;
  -0.009073809774707255, 0.008842020247676345, 0.9995061191034612]';
tag.up=[572.7254371732968, 796.5431979488951;
  584.5558035403729, 755.5083961588467;
  545.1798619295369, 738.2975568941822;
  534.2669162887025, 778.9253105044349]';
tag.uc=[558.966, 767.41];
tags{6}=tag;

tag.id=11;
tag.hammingDistance=0;
tag.familyName='Tag36h11';
tag.H=[-5.659840058782845, 2.759046455272673, 470.2261122128033;
  -2.441331602103153, 25.81604380971005, 871.2046057717412;
  0.01120023363040375, 0.02011773594429588, 0.9994775632044238];
tag.p=[488.686895145577, 875.7129497478176;
  466.2082027449952, 850.9804338387142;
  453.3637406725457, 867.853312836423;
  474.6601952884754, 891.9738026695222]';
tag.c=[470.4719040467621;
  871.6599930253293];
tag.uH=[-5.579824402542592, 2.090196187529668, 467.05397344879;
  -2.344675796921516, 25.71030596450646, 878.0386372378789;
  0.01165287825964318, 0.01935734365444282, 0.9995794322528424]';
tag.up=[485.812930038918, 882.4104129072116;
  463.1452476345237, 856.9475815269298;
  449.8048158192612, 874.6515295040678;
  471.2893945920771, 899.5426410787603]';
tag.uc=[467.254, 878.401];
tags{7}=tag;

tag.id=10;
tag.hammingDistance=0;
tag.familyName='Tag36h11';
tag.H=[6.020762619505523, 18.74371839364498, 588.3457610831418;
  30.4247117426964, 9.430257671074765, 951.0868020402195;
  0.01809513751053545, 0.001364637667389341, 0.9995212050559364];
tag.p=[575.0468928668485, 929.770119348406;
  566.4175543657894, 956.5359166687668;
  601.6895839955525, 972.4830891608639;
  611.5938151115705, 946.3788607638668]';
tag.c=[588.6275929986059;
  951.5423957283564];
tag.uH=[5.219276622850274, 18.83465484056333, 586.879379773708;
  30.35047091779916, 9.417560035010013, 960.6590640558593;
  0.01706358773261064, 0.0009830414172114445, 0.9996186685156832]';
tag.up=[573.3903164746011, 938.1823036686918;
  564.4036912438794, 966.4242053703989;
  600.3268133259744, 983.0634702862058;
  610.5458740526287, 955.459136181109]';
tag.uc=[587.106, 961.012];
tags{8}=tag;

tag.id=4;
tag.hammingDistance=0;
tag.familyName='Tag36h11';
tag.H=[-14.4839944528991, -20.23271179965843, 718.0933012370544;
  -31.80638417043257, -2.04087995719699, 1014.307603815664;
  -0.01863131118299813, -0.001706650993520843, 0.9996088507283526];
tag.p=[738.0875139415972, 1027.656398041074;
  736.596788218278, 1001.890647149349;
  697.8422446470238, 1001.214629322801;
  700.7585841878622, 1027.091676580543]';
tag.c=[718.3742928184606;
  1014.704504743632];
tag.uH=[-13.83849409656731, -20.53825128688672, 719.3434041768046;
  -31.85210758015872, -1.936166190229797, 1027.548077746662;
  -0.01759689083177814, -0.001490639869459767, 0.9996923955455188]';
tag.up=[739.825214922789, 1041.775076666505;
  738.1603892436254, 1014.283708843594;
  698.5133479417195, 1013.418374470112;
  701.5611011352026, 1041.020569576562]';
