% AprilTagFinder log 87
% @ Fri Mar 16 13:47:00 2018

K=[1664.010615128407, 0, 667.9657771371558;
  0, 1668.819944196452, 457.9230104705811;
  0, 0, 1];
distCoeffs=[-0.2237256636237109;
  0.2343996528647796;
  0;
  0;
  0];
tags={};

tag.id=1;
tag.hammingDistance=0;
tag.familyName='Tag36h11';
tag.H=[16.59073296372264, -16.78841314136139, 960.1392628641678;
  -6.369286249375531, -5.88982208230844, 273.2559081495044;
  0.01708956043386204, -0.0006331814595825852, 0.9992665829157934];
tag.p=[977.1336715781141, 290.5088035677121;
  976.9211777671426, 268.2195745108763;
  945.0820929559917, 256.9566797349481;
  944.1861667572548, 278.882471547533]';
tag.c=[960.8439622413324;
  273.4564657933039];
tag.uH=[16.29332656738854, -16.67642770235113, 963.0555225658934;
  -6.689348357901429, -5.715007411020121, 271.5423573794853;
  0.01663248714886022, -0.0001789856186430555, 0.999403748528335]';
tag.up=[980.1576597308463, 288.8713160168499;
  980.1289933937154, 266.2499256714476;
  947.6528438468283, 255.0923565454592;
  946.559947909831, 277.343834021798]';
tag.uc=[963.621, 271.707];
tags{1}=tag;

tag.id=2;
tag.hammingDistance=0;
tag.familyName='Tag36h11';
tag.H=[-14.33735821718721, -5.838621536621526, 502.8618991328548;
  7.307664494288927, 9.503110327561986, 331.0472562727765;
  0.002900395801849296, -0.01086050314488266, 0.9992082500976355];
tag.p=[519.3152416104127, 311.9999542573367;
  488.0337796256381, 324.6414866136263;
  486.9476153949697, 350.9293143571062;
  518.9121825901734, 338.1638823391788]';
tag.c=[503.2603554701622;
  331.3095705929459];
tag.uH=[-14.52744459835575, -5.68116112179406, 502.3633125354713;
  7.238417774653093, 9.660990360243257, 330.6569626325801;
  0.002734450792252092, -0.01063926060092966, 0.9993611660936277]';
tag.up=[518.7987823892867, 311.4929711664976;
  487.3115827938936, 324.1065317662907;
  486.3059755094067, 350.5500627821842;
  518.4751597090237, 337.812750389768]';
tag.uc=[502.691, 330.872];
tags{2}=tag;

tag.id=16;
tag.hammingDistance=0;
tag.familyName='Tag36h11';
tag.H=[3.359065787769115, -13.31180487908963, 494.1807337498515;
  -7.802519046913033, 13.28054337569709, 446.5893786663132;
  0.01689609461239389, 0.005953187159037318, 0.9991083544730183];
tag.p=[516.3931244665323, 451.8384173545741;
  505.7679977968757, 421.272001019211;
  473.8239409199003, 442.3543471492433;
  483.2286582405585, 473.2734204575137]';
tag.c=[494.6217610306223;
  446.9879334577957];
tag.uH=[3.255331129659871, -13.6523625292665, 493.8403860240349;
  -7.89541341886227, 13.10510389194297, 446.6403689264285;
  0.01678476594211267, 0.005508111022487323, 0.999284385099652]';
tag.up=[516.1122180093683, 451.8271409042027;
  505.4071259669507, 421.1904566423206;
  473.2321375910348, 442.306889131131;
  482.7182512144185, 473.3158318427202]';
tag.uc=[494.201, 446.961];
tags{3}=tag;

tag.id=0;
tag.hammingDistance=0;
tag.familyName='Tag36h11';
tag.H=[5.586525122392759, -30.1201816733303, 911.8884838389944;
  -21.25415362597753, -9.565931318857372, 639.5365319434003;
  0.002840180777167824, -0.009664528995044466, 0.9994783258246202];
tag.p=[930.5571420457005, 666.1580399019446;
  936.374580702194, 620.4138681692395;
  893.9215953452788, 613.2211835449054;
  887.7458959315752, 659.8198205694899]';
tag.c=[912.3644408062979;
  639.8703357731648];
tag.uH=[6.10342514760756, -29.64244207521094, 913.7972493540374;
  -21.08727068623995, -9.153814779147547, 640.9512559469052;
  0.003519516917539935, -0.008703161463998995, 0.999578977468401]';
tag.up=[932.8934993120024, 668.010771899739;
  938.4742858805535, 621.684999707454;
  895.2762096681001, 614.1522024105525;
  889.3021724643962, 661.2494642940082]';
tag.uc=[914.168, 641.213];
tags{4}=tag;

tag.id=3;
tag.hammingDistance=0;
tag.familyName='Tag36h11';
tag.H=[-0.162712205005314, -14.63023710662723, 559.5385360609054;
  -27.67363974987143, -2.228923774876039, 764.3751881455503;
  -0.01015701069081021, 0.008335966456570755, 0.9993915215443878];
tag.p=[573.6359140937162, 793.3158040746326;
  585.183925739628, 753.3199803296698;
  546.0722817480788, 736.2613883695082;
  535.4939699541877, 775.942560413935]';
tag.c=[559.8792104982386;
  764.8405771587294];
tag.uH=[0.6360603711133723, -14.69659646516382, 558.6930531352621;
  -27.32428406910269, -2.173968443540761, 767.0469015485174;
  -0.009029792062466405, 0.008509662709680638, 0.9995086416918896]';
tag.up=[572.7330912616542, 796.5258190370773;
  584.5667077883255, 755.5224475308664;
  545.1799399827405, 738.2990111212631;
  534.2531813420526, 778.9212699552113]';
tag.uc=[558.974, 767.41];
tags{5}=tag;

tag.id=11;
tag.hammingDistance=0;
tag.familyName='Tag36h11';
tag.H=[-5.077393484118678, 2.007943101305014, 470.2326991445523;
  -1.287869040093372, 24.43503477202508, 871.1793063951467;
  0.01249479621618975, 0.01851699755589801, 0.9994926478645376];
tag.p=[488.7057369563499, 875.6312910882417;
  466.1913841314789, 851.0131383781411;
  453.3345319888189, 867.8530979514537;
  474.7001360623571, 891.9830581488321]';
tag.c=[470.4713938108762;
  871.6215254373923];
tag.uH=[-5.003803381670513, 1.343769317132465, 467.0588930025868;
  -1.183722848797925, 24.31829102151279, 878.0079588096287;
  0.01294436650056246, 0.01775577105115152, 0.9995900776987059]';
tag.up=[485.8330693425719, 882.3251256345632;
  463.1276847991878, 856.9817350095617;
  449.77492601389, 874.6516867948048;
  471.3301379254644, 899.5518196929967]';
tag.uc=[467.254, 878.361];
tags{6}=tag;

tag.id=10;
tag.hammingDistance=0;
tag.familyName='Tag36h11';
tag.H=[7.256450804595052, 17.89025112477603, 588.2816096948856;
  32.43393396821661, 8.0835290602736, 951.0575628066125;
  0.02021185988247608, -8.401203070869239e-05, 0.9994813971211957];
tag.p=[575.0067564319322, 929.7358450963507;
  566.4450727771909, 956.4911842349283;
  601.6307861552618, 972.5049382632817;
  611.646510897756, 946.4061038910954]';
tag.c=[588.5868525310345;
  951.5510399152419];
tag.uH=[6.451926389536423, 17.98177700625443, 586.8198372521217;
  32.38031715108436, 8.056265917252736, 960.6390443070712;
  0.01918100517459292, -0.0004683612452317836, 0.9995881058156036]';
tag.up=[573.349633081355, 938.1465626300438;
  564.432121578086, 966.3767874677037;
  600.2666629398364, 983.0868821747845;
  610.5994650742005, 955.4876175008308]';
tag.uc=[587.064, 961.021];
tags{7}=tag;

tag.id=4;
tag.hammingDistance=0;
tag.familyName='Tag36h11';
tag.H=[-13.64182321468539, -21.26153369679149, 718.1328847547903;
  -30.58640290176445, -3.479983706739279, 1014.327266117087;
  -0.01742893058176403, -0.003101625681120888, 0.9996266678778741];
tag.p=[738.1570446658571, 1027.678506720976;
  736.5808022486945, 1001.950152427811;
  697.816608337201, 1001.189635909873;
  700.7351352701736, 1027.101538404443]';
tag.c=[718.4010869571216;
  1014.706088494439];
tag.uH=[-12.99514844710271, -21.56675343617265, 719.3805200057469;
  -30.61600070224124, -3.39153433318154, 1027.563767686727;
  -0.01639414722526396, -0.002881948218112849, 0.9997058883003335]';
tag.up=[739.8966367884132, 1041.79909761435;
  738.1443388336776, 1014.346946545298;
  698.487075735971, 1013.391726992557;
  701.5371001410931, 1041.031050933549]';
tag.uc=[719.592, 1027.85];
tags{8}=tag;

tag.id=13;
tag.hammingDistance=0;
tag.familyName='Tag36h11';
tag.H=[-7.930205378663508, 10.35568122786845, 857.7392353399377;
  9.100091501090004, -0.1686182363765251, 1059.072862643316;
  0.0005096156239774842, -0.003012382755141325, 0.9998963125239638];
tag.p=[853.2667046990914, 1047.628046246711;
  836.5936116691877, 1064.702089619302;
  862.4125503543208, 1070.795315290938;
  879.2128716187681, 1053.62426349465]';
tag.c=[857.8281813789375;
  1059.182686622753];
tag.uH=[-8.076501351333798, 10.71194055608674, 863.3232434164122;
  9.6481635473857, 0.06028905464157078, 1076.731133913034;
  0.0005206895880353399, -0.003142373748976966, 0.9999118046536183]';
