% AprilTagFinder log 10
% @ Fri Mar 16 13:46:21 2018

K=[1664.010615128407, 0, 667.9657771371558;
  0, 1668.819944196452, 457.9230104705811;
  0, 0, 1];
distCoeffs=[-0.2237256636237109;
  0.2343996528647796;
  0;
  0;
  0];
tags={};

tag.id=1;
tag.hammingDistance=0;
tag.familyName='Tag36h11';
tag.H=[18.98667699802515, -14.58714196609744, 960.059571632298;
  -5.681110041208971, -5.266251736197995, 273.1983671364816;
  0.019493869430206, 0.001648576722500777, 0.9992236049784509];
tag.p=[977.0764194534818, 290.5134470180631;
  976.9577979003668, 268.2055359789847;
  945.2089332010265, 257.0165922987621;
  944.0658521630073, 278.8050459444098]';
tag.c=[960.8055362673327;
  273.4106417976118];
tag.uH=[18.6932414559627, -14.46481809997235, 962.9835478940722;
  -6.006975943914473, -5.094459085982872, 271.4869132976708;
  0.01903221049580002, 0.002106842939668967, 0.9993695068120813]';
tag.up=[980.0989632393141, 288.8764838520246;
  980.1666597592277, 266.2353324560853;
  947.7818591840032, 255.1521013919354;
  946.4377627552346, 277.2662857782707]';
tag.uc=[963.583, 271.661];
tags{1}=tag;

tag.id=2;
tag.hammingDistance=0;
tag.familyName='Tag36h11';
tag.H=[-13.64918962017384, -6.159555719050482, 502.8406277661844;
  7.749030371976913, 9.28682097222539, 331.0439098293564;
  0.004245194438674362, -0.01152024394817364, 0.9991964025384923];
tag.p=[519.288820405099, 311.9890363966144;
  488.0488840974058, 324.6487758876702;
  486.965908085297, 350.9146769657096;
  518.9284050126931, 338.1851014997338]';
tag.c=[503.2450341981825;
  331.3101498247274];
tag.uH=[-13.83997758630312, -6.001350303277494, 502.3432775438221;
  7.679248756528264, 9.445259708874845, 330.6544602513179;
  0.004079317725612808, -0.01129845259824173, 0.9993519846129509]';
tag.up=[518.772138644197, 311.4818870416819;
  487.3268533935176, 324.1139284490541;
  486.3243836747206, 350.5354034422641;
  518.4915475107639, 337.8341264184263]';
tag.uc=[502.675, 330.872];
tags{2}=tag;

tag.id=16;
tag.hammingDistance=0;
tag.familyName='Tag36h11';
tag.H=[3.451480550565147, -14.0787127072283, 494.1896755767601;
  -7.73097167232147, 12.60560066560261, 446.5692974981243;
  0.01707383985960821, 0.004407385117847912, 0.9991125670758347];
tag.p=[516.3673523906149, 451.8008470931322;
  505.7624815300896, 421.270569925932;
  473.8050017404451, 442.3345801302239;
  483.2088406645157, 473.3212123785267]';
tag.c=[494.6286253040896;
  446.9659497979558];
tag.uH=[3.347951404773881, -14.41866386857689, 493.848672399977;
  -7.823647355886352, 12.43018120484887, 446.6196080139619;
  0.01696300556543178, 0.003962204384742448, 0.9992872093992282]';
tag.up=[516.086297541264, 451.7894969507503;
  505.4015728037286, 421.1890168009755;
  473.2130170823845, 442.2870519331105;
  482.6982490668249, 473.3637666266315]';
tag.uc=[494.208, 446.939];
tags{3}=tag;

tag.id=0;
tag.hammingDistance=0;
tag.familyName='Tag36h11';
tag.H=[5.399832872245101, -30.11049697268817, 911.8862310934288;
  -21.38693120944887, -9.54219435453866, 639.5418578458049;
  0.002635740903982885, -0.009652493917111789, 0.9994789967258977];
tag.p=[930.5522605899939, 666.1438794785157;
  936.3779843806491, 620.3967685641941;
  893.9136703821508, 613.2351493846427;
  887.7472673645283, 659.8386247495393]';
tag.c=[912.3615744608882;
  639.8752349382247];
tag.uH=[5.916089146688643, -29.63328617679687, 913.7949589494051;
  -21.22053059404298, -9.130313501357675, 640.9566121258055;
  0.003314794683889442, -0.00869182676446578, 0.9995796158736532]';
tag.up=[932.8884022506975, 667.9963489595076;
  938.4776385383501, 621.6677193350325;
  895.2682502404675, 614.1662609436115;
  889.3036942938306, 661.26853087669]';
tag.uc=[914.165, 641.218];
tags{4}=tag;

tag.id=6;
tag.hammingDistance=0;
tag.familyName='Tag36h11';
tag.H=[14.8879982276737, 30.29750015205138, 1034.789108684077;
  30.91300406988277, 14.78026904779457, 706.6971568519548;
  0.01884914623473931, 0.0165386396149317, 0.9994802141080894];
tag.p=[1026.46134467835, 685.6229385893485;
  1017.557445550127, 721.5378191453378;
  1043.58682180518, 727.0399993045895;
  1053.179416424256, 692.5244686476616]';
tag.c=[1035.327257185873;
  707.0646790968175];
tag.uH=[14.58728851714202, 30.03389819346457, 1040.558206432578;
  31.02824946241993, 14.50662389974549, 710.6090886448244;
  0.01838708236994959, 0.01570378981590443, 0.9995953790322534]';
tag.up=[1031.519937437104, 688.8359245000262;
  1022.786005476184, 725.4804926959093;
  1049.815183905578, 731.5023639074791;
  1059.280785792611, 696.2403031994756]';
tag.uc=[1040.97, 710.891];
tags{5}=tag;

tag.id=3;
tag.hammingDistance=0;
tag.familyName='Tag36h11';
tag.H=[0.5545538729792634, -14.59035253729616, 559.5453563279322;
  -26.68658407783343, -2.195668418840346, 764.3596686915014;
  -0.008865306587302349, 0.008389066040729582, 0.9994036707926348];
tag.p=[573.6500438577793, 793.337191989118;
  585.1353392118318, 753.3159718335514;
  546.0952829468722, 736.2671140321577;
  535.4803942591716, 775.9251888632218]';
tag.c=[559.8792286645819;
  764.8157506618739];
tag.uH=[1.352175927834264, -14.65593966597771, 558.697969607634;
  -26.33366720909682, -2.139951041420352, 767.0280636786321;
  -0.007737908414872044, 0.008563805907332953, 0.9995171876631712]';
tag.up=[572.747271443381, 796.5477132875739;
  584.5177220497209, 755.5185409261962;
  545.203132866424, 738.3047254822025;
  534.2395544634167, 778.903553340228]';
tag.uc=[558.974, 767.385];
tags{6}=tag;

tag.id=11;
tag.hammingDistance=0;
tag.familyName='Tag36h11';
tag.H=[-5.724455787422076, 2.286869017146937, 470.2519286643807;
  -2.489870889529445, 24.97423437219733, 871.209227415007;
  0.01112824737854843, 0.01914543745602621, 0.9994965748267925];
tag.p=[488.7312509080953, 875.6756291002927;
  466.2130256764587, 850.9961327805241;
  453.3189199381367, 867.8572550653772;
  474.6964956001294, 891.9712702507065]';
tag.c=[470.4887845622411;
  871.6480369789991];
tag.uH=[-5.646566155216303, 1.620443214645032, 467.078212304067;
  -2.395614364687425, 24.86166301201728, 878.0388812674604;
  0.0115775384973594, 0.01838430830302022, 0.9995940773288976]';
tag.up=[485.8586227561455, 882.3710351589043;
  463.149987771227, 856.9638227597;
  449.758894450962, 874.6562195499588;
  471.3265588034818, 899.5395459255642]';
tag.uc=[467.272, 878.388];
tags{7}=tag;

tag.id=10;
tag.hammingDistance=0;
tag.familyName='Tag36h11';
tag.H=[5.459166875301426, 19.27583475221904, 588.3711292676593;
  29.48543722961043, 10.31801426224508, 951.0775521978167;
  0.01711011723182716, 0.002274984669495836, 0.9995370261019478];
tag.p=[575.0497588420483, 929.7274006263488;
  566.4138713618802, 956.498033663302;
  601.720302312653, 972.4796198424411;
  611.5432509020048, 946.3880747508267]';
tag.c=[588.6436559156022;
  951.518080232489];
tag.uH=[4.659571859925482, 19.36342741368725, 586.9030027692708;
  29.40155363937611, 10.31236339991496, 960.6449953474701;
  0.01607853943752412, 0.001890563140598015, 0.9996308059469824]';
tag.up=[573.3935106744448, 938.1374161543595;
  564.4002052139108, 966.384245436106;
  600.3581995020238, 983.0596482249082;
  610.4943095216782, 955.469043877095]';
tag.uc=[587.122, 960.986];
tags{8}=tag;

tag.id=4;
tag.hammingDistance=0;
tag.familyName='Tag36h11';
tag.H=[-14.91495698702462, -19.65792680814596, 718.0802454006133;
  -32.36786382202237, -1.183600059960516, 1014.319422806316;
  -0.01918989513392641, -0.0008789814811882372, 0.9995990003596894];
tag.p=[738.1355696217366, 1027.659015597479;
  736.6065327944781, 1001.882293652928;
  697.7910582193347, 1001.263703024289;
  700.7862540287458, 1027.108265845629]';
tag.c=[718.3683108348686;
  1014.726327698736];
tag.uH=[-14.27108532749206, -19.96294452506615, 719.3318940189585;
  -32.42112058660765, -1.06689120194419, 1027.563557042636;
  -0.01815584022845165, -0.0006629392393057744, 0.9996848163978723]';
tag.up=[739.8745083483996, 1041.778139628053;
  738.1703186983964, 1014.274870791687;
  698.4611167733885, 1013.470464053902;
  701.5894947798278, 1041.038373977279]';
