% AprilTagFinder log 8
% @ Fri Mar 16 13:46:21 2018

K=[1664.010615128407, 0, 667.9657771371558;
  0, 1668.819944196452, 457.9230104705811;
  0, 0, 1];
distCoeffs=[-0.2237256636237109;
  0.2343996528647796;
  0;
  0;
  0];
tags={};

tag.id=1;
tag.hammingDistance=0;
tag.familyName='Tag36h11';
tag.H=[16.39817766368112, -15.83751753991643, 960.1234285339604;
  -6.427990609664609, -5.609077675459576, 273.2551484115264;
  0.0168573129109136, 0.0003528266078162322, 0.9992714650174619];
tag.p=[977.0904764250739, 290.5034637747975;
  976.9468576682109, 268.2050457319261;
  945.1072054531411, 256.9825946290418;
  944.1584357506664, 278.8800064327247]';
tag.c=[960.8234220089358;
  273.4543694858248];
tag.uH=[16.09838055361412, -15.72067417363543, 963.03787718812;
  -6.748486509591475, -5.435254997836, 271.541358560555;
  0.01639773735144456, 0.0008091871681820667, 0.9994072451124716]';
tag.up=[980.1134452758952, 288.8662472215884;
  980.1554490868151, 266.2349334112323;
  947.6782659944533, 255.118456245025;
  946.531667753613, 277.3415492223868]';
tag.uc=[963.6, 271.705];
tags{1}=tag;

tag.id=2;
tag.hammingDistance=0;
tag.familyName='Tag36h11';
tag.H=[-14.22305991008146, -6.095299066574809, 502.8452953547039;
  7.364128381029724, 9.330777100772972, 331.0448343229558;
  0.003097822246903239, -0.01138085979190047, 0.9992025848312127];
tag.p=[519.2765461977016, 312.0143075587933;
  488.0405218878672, 324.6367436771523;
  486.9486505736225, 350.9263095647844;
  518.8998202940235, 338.1775156451155]';
tag.c=[503.2465918206622;
  331.3090251651787];
tag.uH=[-14.4132619184638, -5.937382986008428, 502.3472436192906;
  7.294755266224661, 9.489000526084853, 330.6549142274766;
  0.002931755854505563, -0.0111593773501973, 0.9993567570006127]';
tag.up=[518.7598654636827, 311.5072888914434;
  487.3183688624272, 324.1017821972804;
  486.3070105387321, 350.5470450818834;
  518.462755935424, 337.8264194659513]';
tag.uc=[502.677, 330.871];
tags{2}=tag;

tag.id=16;
tag.hammingDistance=0;
tag.familyName='Tag36h11';
tag.H=[3.060539411290375, -14.18451466709422, 494.2089390421136;
  -8.086881407195284, 12.48675463688627, 446.5934077839271;
  0.01627287705873297, 0.004200324464351762, 0.9991275745843187];
tag.p=[516.3548319078517, 451.8383064810239;
  505.7890909759683, 421.3011453315997;
  473.7981522833034, 442.3233991007781;
  483.2191461851368, 473.2938219453902]';
tag.c=[494.6404759649701;
  446.9833674340634];
tag.uH=[2.957237078468555, -14.52461313128345, 493.8664861647162;
  -8.17962588181431, 12.31099737333413, 446.642368101989;
  0.0161616998699243, 0.003754621124647844, 0.9992990823872268]';
tag.up=[516.0737131778383, 451.8270241540424;
  505.42838262557, 421.2196921161254;
  473.2061000946508, 442.2758330657063;
  482.708651727866, 473.336294785199]';
tag.uc=[494.22, 446.957];
tags{3}=tag;

tag.id=0;
tag.hammingDistance=0;
tag.familyName='Tag36h11';
tag.H=[5.689755321513446, -29.85776872571333, 911.8862279683188;
  -21.18234801613693, -9.335711077735541, 639.5321132528883;
  0.002949981940406314, -0.009361532558734162, 0.9994808988790758];
tag.p=[930.5708993443784, 666.1250640479037;
  936.391437105377, 620.3698189619188;
  893.9136185391886, 613.2643759729742;
  887.7288110707985, 659.8449673360121]';
tag.c=[912.3598349813439;
  639.8642675113928];
tag.uH=[6.205861234282011, -29.38044492676944, 913.7941563802274;
  -21.01598956191412, -8.923517189163586, 640.9462417143285;
  0.003628162031688746, -0.00840125855593879, 0.9995807452456473]';
tag.up=[932.9072476698099, 667.977398515481;
  938.4911653294821, 621.6405400574558;
  895.2683586303383, 614.1957731235474;
  889.2850112599475, 661.2748301379709]';
tag.uc=[914.163, 641.207];
tags{4}=tag;

tag.id=6;
tag.hammingDistance=0;
tag.familyName='Tag36h11';
tag.H=[16.66717153242085, 28.79939857532274, 1033.071299935665;
  32.17578026197215, 13.93068280465444, 702.160886145307;
  0.02065796229596374, 0.0150568621468631, 0.9994628611311103];
tag.p=[1024.754077032018, 680.732305648137;
  1015.795125707553, 716.7762563936726;
  1041.886707058828, 722.8395275899608;
  1051.658860429269, 688.1397549818493]';
tag.c=[1033.626500905216;
  702.538246744515];
tag.uH=[16.37292667264269, 28.50999499934656, 1038.722502213203;
  32.29112384619246, 13.643685768133, 705.9413565547103;
  0.02019792575716657, 0.01420598867328061, 0.9995812574412679]';
tag.up=[1029.696657724189, 683.8188780517311;
  1020.900624152285, 720.5757484431672;
  1047.989620202488, 727.1633360877606;
  1057.644659743647, 691.731248525674]';
tag.uc=[1039.15, 706.231];
tags{5}=tag;

tag.id=3;
tag.hammingDistance=0;
tag.familyName='Tag36h11';
tag.H=[0.7599071140371132, -14.52461531335346, 559.5482560115767;
  -26.42461457785922, -2.07483676182165, 764.3575962769745;
  -0.008532768272052054, 0.008530314342738364, 0.9994050210133193];
tag.p=[573.6528679093598, 793.3271138102766;
  585.1656698848602, 753.3098094817583;
  546.1098117895709, 736.2980336185593;
  535.4459541244132, 775.9292901349835]';
tag.c=[559.8813736639406;
  764.8126437287409];
tag.uH=[1.557490319443915, -14.59165696521126, 558.7005989319018;
  -26.07061133348998, -2.01994961156359, 767.0254752878083;
  -0.007405186915647971, 0.008703016722838961, 0.9995179536325779]';
tag.up=[572.7501755718021, 796.5373499969146;
  584.5483349715516, 755.5121325222882;
  545.2176383487043, 738.3361677513024;
  534.204671216198, 778.9079823085656]';
tag.uc=[558.977, 767.382];
tags{6}=tag;

tag.id=11;
tag.hammingDistance=0;
tag.familyName='Tag36h11';
tag.H=[-5.453420048917014, 2.04375016221679, 470.253358470897;
  -1.996121846275746, 24.51899522702556, 871.198924102375;
  0.01169854172398621, 0.01861119629812465, 0.9995002589692146];
tag.p=[488.7202444930316, 875.6545100052048;
  466.2119355618851, 850.9916941224134;
  453.3299248872306, 867.851157101025;
  474.7062783604185, 891.9937622968564]';
tag.c=[470.4884808692993;
  871.634515633686];
tag.uH=[-5.376720774790695, 1.378838462758718, 467.0791884636106;
  -1.897184253528451, 24.40262368237403, 878.0269233281482;
  0.01214894895533056, 0.01784947720202364, 0.9995964968206029]';
tag.up=[485.8476213963295, 882.3491546977764;
  463.1489268856926, 856.9592275233373;
  449.7702362088301, 874.6497257801243;
  471.3362895948009, 899.562930003473]';
tag.uc=[467.272, 878.374];
tags{7}=tag;

tag.id=10;
tag.hammingDistance=0;
tag.familyName='Tag36h11';
tag.H=[6.437592383360297, 19.59441298239878, 588.349338153088;
  31.0975552857862, 10.82696409570401, 951.0850380561129;
  0.01880150034899767, 0.002815224197965966, 0.999505131755509];
tag.p=[575.0322108761932, 929.7180659599886;
  566.41790671555, 956.5375164017069;
  601.6728950877117, 972.4692026800157;
  611.5857925087128, 946.4124063935162]';
tag.c=[588.6406377121086;
  951.5559328701474];
tag.uH=[5.635067311877328, 19.6821520259066, 586.8856523147037;
  31.03016557689623, 10.82744097968923, 960.6618897704448;
  0.01777001944418075, 0.002432050531124818, 0.9996068412456299]';
tag.up=[573.3756874249257, 938.1277246554876;
  564.4040394724127, 966.4258913747983;
  600.3098383317191, 983.0488553045345;
  610.5375645018494, 955.4944994312623]';
tag.uc=[587.119, 961.026];
tags{8}=tag;

tag.id=4;
tag.hammingDistance=0;
tag.familyName='Tag36h11';
tag.H=[-14.01815412193431, -20.9576001073934, 718.1130708338189;
  -31.15862477201203, -3.03260004759571, 1014.317135121622;
  -0.01798534754199805, -0.002693471342769528, 0.9996181691333085];
tag.p=[738.1074666563699, 1027.650157017472;
  736.5977339262587, 1001.894511481113;
  697.834157377626, 1001.212087401708;
  700.7257718247755, 1027.128625477817]';
tag.c=[718.387373307189;
  1014.704580651087];
tag.uH=[-13.37134935778641, -21.26535068735079, 719.361899588008;
  -31.19560087396455, -2.941326456012975, 1027.555514651228;
  -0.0169502046050897, -0.002478474461479954, 0.9996994817509014]';
tag.up=[739.8456414730181, 1041.768513522377;
  738.1613772816642, 1014.287825949747;
  698.5050722120583, 1013.415651778604;
  701.5275754955452, 1041.059981568909]';
tag.uc=[719.578, 1027.85];
