% AprilTagFinder log 110
% @ Wed Mar  7 16:05:48 2018

K=[1664.010615128407, 0, 667.9657771371558;
  0, 1668.819944196452, 457.9230104705811;
  0, 0, 1];
distCoeffs=[-0.2237256636237109;
  0.2343996528647796;
  0;
  0;
  0];
tags={};

tag.id=25;
tag.hammingDistance=0;
tag.familyName='Tag36h11';
tag.H=[43.36045907210018, 1.597625980221248, 439.5833330108574;
  -5.873220009380934, -57.94131933301986, 177.8077021957172;
  -0.03385173329184536, -0.002561741823003623, 0.9714072869571732];
tag.p=[391.5629274665952, 239.7472354522211;
  512.0065000534933, 244.5182134426643;
  518.22954540034, 121.9186281337015;
  396.7503537492967, 125.4013604878415]';
tag.c=[452.5221695503273;
  183.0413510204153];
tag.uH=[45.3947204866644, -0.4106650278594343, 439.2012041375658;
  -4.957106244334792, -60.01192993983852, 175.8714977825921;
  -0.03226890244830057, -0.005998787142150467, 0.9752565997357158]';
tag.up=[388.8535459263128, 237.6086127206679;
  511.1384375852757, 243.3304117401843;
  516.6351801590397, 118.3409121600279;
  392.8533294920653, 120.6234429201367]';
tag.uc=[450.447, 180.393];
tags{1}=tag;

tag.id=24;
tag.hammingDistance=0;
tag.familyName='Tag36h11';
tag.H=[44.40091506216616, 2.337078222560565, 299.4563391825292;
  -3.147610062661744, -53.70483116894334, 176.8750659046628;
  -0.01988559208060058, -0.0005620289183238799, 0.9720539936717568];
tag.p=[254.6276420735659, 235.493326843423;
  358.4646454921191, 238.7163039279885;
  363.7999307369913, 126.1263355518975;
  259.6311572403425, 127.4164862091265]';
tag.c=[308.0655407333778;
  181.9601247010461];
tag.uH=[47.21134967169664, 0.9356775084862583, 294.6351525682387;
  -1.872127483966482, -55.73233734421662, 173.0406955321105;
  -0.01745128111709558, -0.002934257539580578, 0.9749932321621008]';
tag.up=[247.5615798577211, 231.6908662189796;
  354.9573465279797, 236.2322307657908;
  359.0080920770036, 120.8991999186647;
  251.0098399357631, 120.4383817867982]';
tag.uc=[302.308, 177.545];
tags{2}=tag;

