% AprilTagFinder log 0
% @ Wed Mar  7 16:06:14 2018

K=[1664.010615128407, 0, 667.9657771371558;
  0, 1668.819944196452, 457.9230104705811;
  0, 0, 1];
distCoeffs=[-0.2237256636237109;
  0.2343996528647796;
  0;
  0;
  0];
tags={};

tag.id=5;
tag.hammingDistance=0;
tag.familyName='Tag16h5';
tag.H=[16.31307306429905, 20.02575888980399, 472.7377542746272;
  -5.072795055168656, -0.5183717000513987, 265.8998358411059;
  0.001256621702394315, 0.05292645767245762, 0.9974366558243978];
tag.p=[462.6528149123503, 287.8239843184394;
  495.920409347159, 276.3317627554757;
  484.0880873467783, 247.5311753602317;
  454.1487864451013, 257.7948581117064]';
tag.c=[473.9526580601769;
  266.5831802835994];
tag.uH=[16.63946666481873, 19.47125712551617, 471.8307995629633;
  -4.956123436391034, -0.9807425952335628, 264.9030011903128;
  0.001603477032505651, 0.05219462869524911, 0.9979506829071717]';
tag.up=[461.4886644784694, 286.859501350818;
  495.0611197687511, 275.4247957810313;
  482.945322689412, 246.2236303631381;
  452.6900459819379, 256.4295080863453]';
tag.uc=[472.805, 265.451];
tags{1}=tag;

