% AprilTagFinder log 94
% @ Fri Mar 16 13:47:04 2018

K=[1664.010615128407, 0, 667.9657771371558;
  0, 1668.819944196452, 457.9230104705811;
  0, 0, 1];
distCoeffs=[-0.2237256636237109;
  0.2343996528647796;
  0;
  0;
  0];
tags={};

tag.id=1;
tag.hammingDistance=0;
tag.familyName='Tag36h11';
tag.H=[17.09077458469318, -16.09528939870578, 960.0997915044366;
  -6.228063453007703, -5.708679471603979, 273.2251535417602;
  0.01760826179202777, 7.79170635364144e-05, 0.9992572348131911];
tag.p=[977.1114383387569, 290.5157958107945;
  976.8862990395297, 268.2032855705012;
  945.0823553919762, 256.935053716034;
  944.1665873500389, 278.8398079832023]';
tag.c=[960.813450286327;
  273.4282465243687];
tag.uH=[16.79517000694463, -15.98208583370267, 963.0172811994912;
  -6.548985932520893, -5.535718712980649, 271.5119405915734;
  0.01715150900138461, 0.0005309748737616421, 0.9993961841226312]';
tag.up=[980.1348241753542, 288.8785850546114;
  980.0933851799705, 266.233693208853;
  947.6532978280615, 255.0703927476556;
  946.5402944071964, 277.3007427602038]';
tag.uc=[963.59, 271.679];
tags{1}=tag;

tag.id=2;
tag.hammingDistance=0;
tag.familyName='Tag36h11';
tag.H=[-14.8143124503201, -5.741233585638978, 502.9013871921233;
  6.993278354577752, 9.577363502021843, 331.0348431686045;
  0.001947561689120851, -0.01065759185100161, 0.9992123619207025];
tag.p=[519.3424983311546, 311.9924746013972;
  488.060644119737, 324.6146197336482;
  486.970929487535, 350.9385832620562;
  518.9243112232687, 338.1476695914797]';
tag.c=[503.2978037075502;
  331.2957843438645];
tag.uH=[-15.0036836688976, -5.583916096429919, 502.4025513741809;
  6.924532838529153, 9.735154108315498, 330.6442596712645;
  0.001781827435705615, -0.01043638310208007, 0.999364291776369]';
tag.up=[518.8262041410852, 311.48553458212;
  487.3385915673424, 324.079584061387;
  486.3295225282725, 350.559453375016;
  518.4873209759281, 337.7964877541627]';
tag.uc=[502.728, 330.858];
tags{2}=tag;

tag.id=16;
tag.hammingDistance=0;
tag.familyName='Tag36h11';
tag.H=[3.379733046399752, -13.59713765324528, 494.1940093123494;
  -7.803877101658482, 13.02921141213443, 446.5910099516438;
  0.01690538037658569, 0.005377848762628908, 0.9991112445272147];
tag.p=[516.3768912983527, 451.8356032877043;
  505.7898945494165, 421.2760597445935;
  473.8390672589077, 442.3524464943166;
  483.2168983477552, 473.3007362855243]';
tag.c=[494.6336176470568;
  446.988273225744];
tag.uH=[3.276576563783327, -13.93736176667492, 493.8533492890155;
  -7.896354197803566, 12.85386105053544, 446.6416460307555;
  0.01679496964909166, 0.004932928771145367, 0.9992864810022722]';
tag.up=[516.0958944589837, 451.8243192006891;
  505.4291676181969, 421.1945461319465;
  473.2474002298087, 442.3049899164196;
  482.706382280268, 473.3432295128791]';
tag.uc=[494.213, 446.962];
tags{3}=tag;

tag.id=0;
tag.hammingDistance=0;
tag.familyName='Tag36h11';
tag.H=[4.46675896121141, -30.65598498681036, 911.9019834785227;
  -22.02188747231036, -9.931928327070866, 639.561191536091;
  0.001635268315040266, -0.01024960620381054, 0.9994753315328603];
tag.p=[930.5632603519597, 666.1262660500621;
  936.3871761611738, 620.4230981565521;
  893.8819502779472, 613.211519712883;
  887.7963869572542, 659.839456784146]';
tag.c=[912.3806808517932;
  639.8969252750024];
tag.uH=[4.981946335545091, -30.17947131915438, 913.8127535414683;
  -21.85625184656819, -9.520607668289331, 640.9774464652157;
  0.002315451944787668, -0.009288371435593667, 0.9995776887568867]';
tag.up=[932.8994689075912, 667.978554278572;
  938.4871844939271, 621.694425775939;
  895.2359543341806, 614.1422245335135;
  889.353540218581, 661.2697164424802]';
tag.uc=[914.185, 641.24];
tags{4}=tag;

tag.id=3;
tag.hammingDistance=0;
tag.familyName='Tag36h11';
tag.H=[0.4282920123146488, -14.57214861966109, 559.5501171227207;
  -26.88334989702799, -2.14979847832613, 764.3509419467786;
  -0.009118489048720981, 0.008435238584953491, 0.9994006550883862];
tag.p=[573.6458416589821, 793.317526577032;
  585.173250217456, 753.2919540171317;
  546.1066944361228, 736.2621199615555;
  535.4710946160242, 775.9290945316095]';
tag.c=[559.8856817571673;
  764.8093265249861];
tag.uH=[1.22660536863819, -14.63873878419457, 558.7033082638857;
  -26.53084242054767, -2.094811786237463, 767.0197936703501;
  -0.007990580897329867, 0.008608511299376873, 0.9995150001319382]';
tag.up=[572.7431191375729, 796.5275391974978;
  584.5560480192462, 755.4938720889968;
  545.2146808914641, 738.2995737989795;
  534.2301169814202, 778.9076173710055]';
tag.uc=[558.981, 767.378];
tags{5}=tag;

tag.id=11;
tag.hammingDistance=0;
tag.familyName='Tag36h11';
tag.H=[-5.00018221745744, 2.449939484437451, 470.2177062838568;
  -1.151097241837719, 25.29433983104875, 871.1524350340136;
  0.01267224390349829, 0.01952944848076748, 0.9994704382473374];
tag.p=[488.7658688848019, 875.6710025702689;
  466.2113790997269, 850.9930850286214;
  453.3101647948217, 867.8102771615173;
  474.6643216964723, 891.9539063713695]';
tag.c=[470.4668475322056;
  871.6140084759874];
tag.uH=[-4.927486186129213, 1.782285480028328, 467.0462907270133;
  -1.047124796636874, 25.18443987739637, 877.985075322928;
  0.0131210791725802, 0.01876883860347747, 0.9995728335348907]';
tag.up=[485.8940123811985, 882.3658290335129;
  463.1483421539065, 856.9606781635392;
  449.7505437179898, 874.607412990937;
  471.2938601966451, 899.5217977823992]';
tag.uc=[467.25, 878.353];
tags{6}=tag;

tag.id=10;
tag.hammingDistance=0;
tag.familyName='Tag36h11';
tag.H=[6.526046309430956, 18.31174744024918, 588.311954387452;
  31.24740039546441, 8.738868575287318, 951.0679311741314;
  0.01895685902695734, 0.0006198042514708781, 0.9995056816823787];
tag.p=[575.0152817757399, 929.7425069494266;
  566.4197744957821, 956.5097122787307;
  601.668502225611, 972.4966829672613;
  611.6152097219639, 946.3810540714219]';
tag.c=[588.6029115884554;
  951.5382939827653];
tag.uH=[5.7231363138292, 18.40300794321665, 586.8472133816809;
  31.18144735938066, 8.718542706278818, 960.6434125644178;
  0.01792523545911065, 0.000236653461554262, 0.999606722060583]';
tag.up=[573.358278554859, 938.1535048930091;
  564.4061492692582, 966.3965294281554;
  600.3052185981131, 983.0779604600714;
  610.5676675406876, 955.4613602320596]';
tag.uc=[587.08, 961.008];
tags{7}=tag;

tag.id=4;
tag.hammingDistance=0;
tag.familyName='Tag36h11';
tag.H=[-16.03254900215616, -20.20739728624001, 718.0505839096965;
  -34.02968986894707, -2.03491247236381, 1014.296961680383;
  -0.02081800097561599, -0.001691260448790647, 0.9995659705147156];
tag.p=[737.9990304304922, 1027.675391398444;
  736.6345716324516, 1001.900122148246;
  697.8209466020675, 1001.203256922372;
  700.7763262541904, 1027.092594004336]';
tag.c=[718.3623743612882;
  1014.737387626433];
tag.uH=[-15.38938661218395, -20.51311285218213, 719.3079651580298;
  -34.1048684953783, -1.930926078033984, 1027.549678081007;
  -0.0197839144802815, -0.001475597760137291, 0.9996599019305618]';
tag.up=[739.7345826147675, 1041.79489810012;
  738.1991079507579, 1014.293989752917;
  698.491542953902, 1013.406227390267;
  701.5792823801761, 1041.021595990649]';
tag.uc=[719.552, 1027.89];
tags{8}=tag;

tag.id=8;
tag.hammingDistance=0;
tag.familyName='Tag36h11';
tag.H=[-7.553962673730098, 3.206944817011606, 588.4179291847727;
  0.7162334541367493, 22.56233310824377, 1060.783860273157;
  0.008009346917278054, 0.01670837942614019, 0.9996693932655171];
tag.p=[607.9941879712223, 1064.160746538501;
  582.9205842775774, 1048.404474807672;
  570.1662000114039, 1058.254644249513;
  594.2062656467782, 1073.645239433053]';
tag.c=[588.6125284506795;
  1061.134678544077];
tag.uH=[-7.730607788891705, 2.75709245442556, 586.2712135749832;
  0.5955337178321618, 22.89109396844539, 1077.452501189778;
  0.008248791606047643, 0.01637731696747466, 0.999729793221781]';
tag.up=[606.3400982958117, 1080.881523726842;
  580.6610160955188, 1064.092993864998;
  567.4760425525239, 1074.767871298904;
  592.1066376544711, 1091.172302740461]';
