% AprilTagFinder log 80
% @ Wed Mar  7 16:05:45 2018

K=[1664.010615128407, 0, 667.9657771371558;
  0, 1668.819944196452, 457.9230104705811;
  0, 0, 1];
distCoeffs=[-0.2237256636237109;
  0.2343996528647796;
  0;
  0;
  0];
tags={};

tag.id=1;
tag.hammingDistance=0;
tag.familyName='Tag36h11';
tag.H=[23.15274857132752, 0.1555831215822262, 308.0522937340874;
  -3.518149353696479, -28.32752848215647, 189.6858271794314;
  -0.01225782443580228, 0.0002707197405531767, 0.9925599144544206];
tag.p=[283.4550863355387, 220.5287565362612;
  337.7947576207726, 218.8656535015124;
  337.9255697579247, 160.9672915388547;
  283.6119804546063, 164.0417285017692]';
tag.c=[310.3614091683464;
  191.1076847020321];
tag.uH=[24.55199422593975, -0.63648098867543, 302.7864546158798;
  -2.877647365091748, -29.33636314517587, 185.7268759891262;
  -0.01098425365592291, -0.001012815059788079, 0.9934423001527064]';
tag.up=[277.3427964138254, 216.7550708091613;
  333.4917169759543, 215.7500756261814;
  332.8585186595014, 156.4081809573154;
  276.6580005413569, 158.7246364128389]';
tag.uc=[304.816, 186.97];
tags{1}=tag;

tag.id=0;
tag.hammingDistance=0;
tag.familyName='Tag36h11';
tag.H=[23.19428190313171, 0.28297282365059, 240.6926711010722;
  -2.972992719622711, -27.62597452230317, 192.5517308169379;
  -0.009695757155033473, 0.0001756435750764349, 0.9921358909225784];
tag.p=[216.8563013628299, 222.7817704439259;
  268.3635444552229, 221.1265038982102;
  268.843562172667, 164.8179963209993;
  217.3450870426176, 167.5624024026103]';
tag.c=[242.600507957891;
  194.0779812308632];
tag.uH=[24.77934564773745, -0.3809340906875825, 232.6865243246031;
  -2.268296412714586, -28.63997401098052, 187.616644951646;
  -0.008250139724638427, -0.0007903625999603433, 0.9928569544470037]';
tag.up=[207.87825872799, 218.1019572465978;
  261.6684428417319, 217.1591169730135;
  261.2982629295064, 159.276924041607;
  207.4610764967914, 161.1935707547908]';
tag.uc=[234.391, 188.986];
tags{2}=tag;

tag.id=25;
tag.hammingDistance=0;
tag.familyName='Tag36h11';
tag.H=[22.18737559228536, 1.398553585633457, 308.3993006347754;
  -4.487313360339668, -27.64195569395509, 263.1983280571533;
  -0.0160077234144845, 0.004013448201674263, 0.9950202473450707];
tag.p=[282.8294578447712, 293.2704449597183;
  337.6291637972328, 293.695632661693;
  337.7176587639819, 235.0589562772707;
  283.3485149034191, 236.4865918173006]';
tag.c=[309.9427388112468;
  264.5155500698839];
tag.uH=[23.6294257908355, 0.8228158139294536, 303.9605826758003;
  -3.76685335639072, -28.43502015179879, 260.8704348390131;
  -0.01448046911733327, 0.003154092159361283, 0.9957417409244802]';
tag.up=[277.5341143246396, 291.0065922608793;
  334.0795340589546, 291.9309285369642;
  333.5992703238642, 232.2797103302269;
  277.4412323234117, 233.0855809243085]';
tag.uc=[305.289, 262.002];
tags{3}=tag;

tag.id=24;
tag.hammingDistance=0;
tag.familyName='Tag36h11';
tag.H=[24.26799605504933, 0.8549866153360429, 240.6916482194296;
  -1.835880361094958, -27.38348005196428, 263.831515722253;
  -0.00581661367939512, 0.00226366238581062, 0.9944056803166033];
tag.p=[216.0096207607606, 293.6503246256611;
  267.7662529229827, 293.3911203805559;
  268.2685560667612, 236.7780280935608;
  216.7398330086563, 237.693021547556]';
tag.c=[242.0457294077374;
  265.3157769958163];
tag.uH=[25.86070076903972, 0.3604007895030487, 233.6207882720849;
  -1.052959584543721, -28.20737475085362, 260.7244373240261;
  -0.004061652074307942, 0.00160353648876315, 0.9950117937851943]';
tag.up=[207.9154795017455, 290.7083438483946;
  261.9080009321885, 290.9826485699967;
  261.7809440422957, 233.1885539336524;
  207.9763947890261, 233.4158474906335]';
tag.uc=[234.82, 262.048];
tags{4}=tag;

