% AprilTagFinder log 55
% @ Wed Mar  7 16:05:42 2018

K=[1664.010615128407, 0, 667.9657771371558;
  0, 1668.819944196452, 457.9230104705811;
  0, 0, 1];
distCoeffs=[-0.2237256636237109;
  0.2343996528647796;
  0;
  0;
  0];
tags={};

tag.id=0;
tag.hammingDistance=0;
tag.familyName='Tag36h11';
tag.H=[24.06747185677369, 3.475784054148803, 525.32619980027;
  -0.8581991906963031, -26.86879608879927, 44.17778540080012;
  -0.009597764469208219, 0.002979324485665327, 0.9289972109737896];
tag.p=[532.0378548392284, 76.85290493668198;
  595.707006520342, 76.58974373486565;
  599.3952518200774, 17.83517860416855;
  536.0538324334954, 19.29448212857292]';
tag.c=[565.4766167162277;
  47.55427129269017];
tag.uH=[24.49654344305558, 1.556011184224243, 520.5480992094537;
  -0.619563078104817, -27.88377257367484, 38.60342693711172;
  -0.009327769603831363, -0.000144997213347695, 0.9229125966009614]';
tag.up=[530.2971094512106, 71.97277422103929;
  594.8536326819674, 72.08620968970598;
  598.3391007437968, 11.05676710543207;
  533.9097183943082, 12.16495653694557]';
tag.uc=[564.047, 41.8297];
tags{1}=tag;

tag.id=24;
tag.hammingDistance=0;
tag.familyName='Tag36h11';
tag.H=[27.01305966447882, 0.5867763035596594, 552.360592782363;
  -0.4523405722859547, -29.13945674389278, 119.9025130233509;
  -0.007957744214570111, -0.002441700700392211, 0.9853985605928204];
tag.p=[526.9751032959095, 150.1251353313352;
  590.6696630008662, 151.6402493208605;
  594.831748485423, 92.62645909620599;
  530.7564418181225, 92.05172319964582]';
tag.c=[560.5453619194049;
  121.679204555786];
tag.uH=[27.64790584233148, -1.011166530091616, 552.1727690195751;
  -0.1922621668731675, -30.26598837019511, 116.8247469330477;
  -0.007592839836337332, -0.00506225464992713, 0.9869521191802745]';
tag.up=[525.6986662897283, 147.3385354269042;
  590.0592522738082, 149.2215212255631;
  594.034149991831, 88.64254101508908;
  529.1137645969683, 87.6714933262416]';
tag.uc=[559.491, 118.377];
tags{2}=tag;

