% AprilTagFinder log 86
% @ Wed Mar  7 16:05:45 2018

K=[1664.010615128407, 0, 667.9657771371558;
  0, 1668.819944196452, 457.9230104705811;
  0, 0, 1];
distCoeffs=[-0.2237256636237109;
  0.2343996528647796;
  0;
  0;
  0];
tags={};

tag.id=1;
tag.hammingDistance=0;
tag.familyName='Tag36h11';
tag.H=[25.974801308636, 1.339526098687547, 310.1338260980922;
  -4.294136677112798, -33.41776013725649, 143.8535774604111;
  -0.0192653760438255, 0.002451552653556797, 0.9841164673746562];
tag.p=[282.5566388590698, 181.3967225789775;
  347.8483601188638, 179.7353323322405;
  348.8547825274654, 109.729546699921;
  283.8427835097416, 114.0645701845939]';
tag.c=[315.1393522815865;
  146.1753585367509];
tag.uH=[27.66193953988433, 0.2059082189468363, 304.5495526363712;
  -3.536212430600425, -34.80743342970747, 138.7559223714772;
  -0.01795143851820865, 0.0005252131839193618, 0.9854907414709076]';
tag.up=[275.8392892229488, 176.5771073315407;
  343.3470032234664, 175.8235738441635;
  343.3445668567945, 103.7171525395727;
  276.0143078954489, 107.0566913041158]';
tag.uc=[309.08, 140.821];
tags{1}=tag;

tag.id=0;
tag.hammingDistance=0;
tag.familyName='Tag36h11';
tag.H=[26.74848263781203, 1.077029074301942, 230.9554959682746;
  -3.289500598021347, -32.40244550454135, 147.3176365414162;
  -0.01328884071646365, 0.001377606925233933, 0.9841844411555128];
tag.p=[203.9261783432814, 183.7269122303575;
  264.6953963192514, 181.977624580747;
  266.1607927898302, 114.8089750837189;
  205.5202079781519, 118.3406782340005]';
tag.c=[234.6668838791173;
  149.6849882817221];
tag.uH=[28.66008356038699, 0.1785959348546454, 221.9040451323646;
  -2.467789834312044, -33.76987411980767, 140.8678873127553;
  -0.01178389383100595, 7.458188029029284e-06, 0.9850972568231015]';
tag.up=[193.642719645871, 177.6505250888866;
  257.2593456984773, 176.8893662913974;
  257.5869451045648, 107.487494284116;
  194.0327876169639, 109.9052530557934]';
tag.uc=[225.306, 143.026];
tags{2}=tag;

tag.id=25;
tag.hammingDistance=0;
tag.familyName='Tag36h11';
tag.H=[27.10854036804887, 1.16968024716758, 311.2142784836096;
  -3.838432939287659, -33.9306888694751, 232.7822509994066;
  -0.01677700178455991, 0.001880808871251658, 0.9918819319306804];
tag.p=[281.0311933547794, 268.7298880774692;
  346.4290816824796, 270.1068553307569;
  347.4897181613717, 199.6069352934293;
  282.300048519182, 200.5759759140506]';
tag.c=[313.761415008172;
  234.6874597728583];
tag.uH=[28.82436885424649, 0.3947616612573699, 306.6914761480605;
  -2.998663943804246, -34.98612702993206, 229.9754173362767;
  -0.01504916947357415, 0.0006589394338503016, 0.9929903386703532]';
tag.up=[275.4185787746799, 265.985579034793;
  342.9116302162826, 268.0522400423281;
  343.2347912914769, 196.1772999792977;
  275.8626520060153, 196.2804298491603]';
tag.uc=[308.899, 231.623];
tags{3}=tag;

tag.id=24;
tag.hammingDistance=0;
tag.familyName='Tag36h11';
tag.H=[27.35140784386035, 0.9504708848061353, 230.6472610575582;
  -2.897376269232971, -33.13144688240894, 232.6186416498997;
  -0.01201731316718386, 0.0003587286029208893, 0.990782623590689];
tag.p=[201.8526180715571, 267.9932375246245;
  262.7212477846442, 268.6538675710548;
  264.4702095596652, 200.7813215307565;
  203.6032096927012, 201.7473187692942]';
tag.c=[232.7930017804218;
  234.7827223764462];
tag.uH=[29.31632366622921, 0.3255477655275396, 222.8421995712486;
  -1.964365309613908, -34.21010657170581, 228.7151935807723;
  -0.01002638443701644, -0.0005108540970563306, 0.9916837848549536]';
tag.up=[192.7561373796377, 264.2866429374067;
  256.4015152854406, 265.7022414124249;
  257.3193659891398, 196.2241958995901;
  193.6156687776482, 196.2374749927183]';
tag.uc=[224.751, 230.659];
tags{4}=tag;

