% AprilTagFinder log 1
% @ Fri Mar 16 13:46:19 2018

K=[1664.010615128407, 0, 667.9657771371558;
  0, 1668.819944196452, 457.9230104705811;
  0, 0, 1];
distCoeffs=[-0.2237256636237109;
  0.2343996528647796;
  0;
  0;
  0];
tags={};

tag.id=1;
tag.hammingDistance=0;
tag.familyName='Tag36h11';
tag.H=[18.09393685557664, -14.1589670023447, 960.0495825732664;
  -5.92766150800878, -5.152771802702862, 273.1928278788475;
  0.01860702617422279, 0.002098217021001382, 0.9992389605481878];
tag.p=[977.0890831502718, 290.5094184782392;
  976.9182035446521, 268.1944733716934;
  945.134595489116, 256.9869936082069;
  944.1011628658748, 278.7822447446653]';
tag.c=[960.7807746473158;
  273.4008967474332];
tag.uH=[17.79992763560674, -14.03762363701945, 962.9696931552138;
  -6.250869213583762, -4.982512957634555, 271.4804279182621;
  0.01814824910621716, 0.002554081658175146, 0.9993812679051169]';
tag.up=[980.1119702974738, 288.8722970265196;
  980.1261702802933, 266.22445215227;
  947.7061990736452, 255.1226865613438;
  946.473971210575, 277.2429030819925]';
tag.uc=[963.557, 271.651];
tags{1}=tag;

tag.id=2;
tag.hammingDistance=0;
tag.familyName='Tag36h11';
tag.H=[-14.51183410772442, -6.020377579791643, 502.8707143677267;
  7.196413743669675, 9.366005020048854, 331.0392343727963;
  0.002562714062443867, -0.01124722389480734, 0.9992052771416634];
tag.p=[519.3057145927115, 312.0150830709645;
  488.0274752749108, 324.6443273453746;
  486.9544572906423, 350.9281830412878;
  518.9411300837911, 338.1473530461026]';
tag.c=[503.270675077141;
  331.3025280648741];
tag.uH=[-14.70205434011376, -5.862395259656294, 502.3725078432652;
  7.127118447421637, 9.524199407670149, 330.6491425716456;
  0.002396196608798314, -0.01102552432085324, 0.9993588179565569]';
tag.up=[518.7892407377344, 311.5081706666106;
  487.3052314282202, 324.1093678187702;
  486.3128739384331, 350.5489465376849;
  518.5042479748387, 337.7962175604535]';
tag.uc=[502.701, 330.865];
tags{2}=tag;

tag.id=16;
tag.hammingDistance=0;
tag.familyName='Tag36h11';
tag.H=[3.309602002882167, -13.47125272096727, 494.1662793776342;
  -7.856781591641285, 13.12766431408311, 446.5942506245889;
  0.01678926337221573, 0.005634364867398344, 0.9991119971497328];
tag.p=[516.3652462233129, 451.8568890040305;
  505.7546043517954, 421.2845205059527;
  473.8010272280774, 442.3390845275782;
  483.2046101076331, 473.27834090331]';
tag.c=[494.6054904629231;
  446.9911800665323];
tag.uH=[3.205963590781817, -13.81182325756888, 493.825389383612;
  -7.949657314481995, 12.95208490386939, 446.6448625942059;
  0.01667799158280629, 0.005189031791057064, 0.9992871749205472]';
tag.up=[516.0841879625335, 451.8456427798993;
  505.3936580882877, 421.2029939019204;
  473.2090086721181, 442.2915683160245;
  482.6940030878778, 473.3207769824692]';
tag.uc=[494.185, 446.965];
tags{3}=tag;

tag.id=0;
tag.hammingDistance=0;
tag.familyName='Tag36h11';
tag.H=[5.503605707480465, -30.52522807505988, 911.8992096302787;
  -21.31559387699939, -9.836233330645822, 639.5341605347238;
  0.002737871262382245, -0.01010125881682716, 0.9994743373771594];
tag.p=[930.5579328203105, 666.1311660604787;
  936.3977403112789, 620.4153359398429;
  893.9298446622126, 613.2200571274752;
  887.7347669828671, 659.8320395072628]';
tag.c=[912.3788130701813;
  639.8705165487312];
tag.uH=[6.019502960771244, -30.04870137388586, 913.8093107544204;
  -21.14948861626239, -9.424876959948284, 640.9497620684564;
  0.003416077057438738, -0.009140258783694219, 0.9995761838463479]';
tag.up=[932.8940782612822, 667.9834854193301;
  938.497897723503, 621.6866430439914;
  895.2845687162653, 614.151110665915;
  889.2909649518281, 661.2617699761628]';
tag.uc=[914.183, 641.213];
tags{4}=tag;

tag.id=6;
tag.hammingDistance=0;
tag.familyName='Tag36h11';
tag.H=[13.07253569840636, 34.31397991538381, 1028.949373394504;
  29.83155078623907, 18.83984359849124, 688.6213428021897;
  0.01792134803212728, 0.02055092484157339, 0.999407492954006];
tag.p=[1021.466210488866, 665.9657540328044;
  1010.965344291779, 701.8745486416601;
  1037.052580122245, 710.3835737648577;
  1048.055854719424, 676.252062984464]';
tag.c=[1029.559394590068;
  689.0295976937216];
tag.uH=[12.77817795210019, 33.99494891024148, 1034.299004184631;
  29.93556054056253, 18.55365012839303, 692.0429338951682;
  0.01751360797443897, 0.01964738468268411, 0.9995397388111006]';
tag.up=[1026.131357951991, 668.7112954403456;
  1015.721119366361, 705.2569979382124;
  1042.801679041486, 714.3160382687288;
  1053.756364684359, 679.5265155758261]';
tag.uc=[1034.76, 692.357];
tags{5}=tag;

tag.id=3;
tag.hammingDistance=0;
tag.familyName='Tag36h11';
tag.H=[0.08448553037828965, -14.54111465970941, 559.5367351664529;
  -27.34230408997034, -2.140622290124884, 764.3715857281367;
  -0.00972515115439139, 0.008469584190907561, 0.9993950027191393];
tag.p=[573.6201843944763, 793.3383902035043;
  585.16324796086, 753.3323507000891;
  546.0961530133926, 736.2585156167921;
  535.4919714627263, 775.9249508842657]';
tag.c=[559.8754582963428;
  764.8343084050307];
tag.uH=[0.8830385474249982, -14.60656362163172, 558.6906192832034;
  -26.99164472859544, -2.084627426663277, 767.0423202812572;
  -0.008597705610055345, 0.008644684494047671, 0.9995110148241446]';
tag.up=[572.717079119203, 796.5490902482934;
  584.5458064597373, 755.5351576468264;
  545.2040568154993, 738.2959556078065;
  534.2512731851484, 778.9032337057565]';
tag.uc=[558.97, 767.404];
tags{6}=tag;

tag.id=11;
tag.hammingDistance=0;
tag.familyName='Tag36h11';
tag.H=[-5.980135938096858, 2.073437077004805, 470.2711687235804;
  -3.018637484721781, 24.55636278750174, 871.2276532072033;
  0.01054641498988368, 0.01864829359379012, 0.9995127927021067];
tag.p=[488.6829126919542, 875.6818426984131;
  466.2220166588721, 850.9616355216107;
  453.3499262711508, 867.8515296078978;
  474.7099812656604, 892.0102883321949]';
tag.c=[470.5003999520988;
  871.6523285829146];
tag.uH=[-5.897792662443058, 1.408529325808931, 467.0960278219835;
  -2.925854495408057, 24.44011033383808, 878.0544948810641;
  0.01099972543650652, 0.01788636648500092, 0.9996069576837736]';
tag.up=[485.8092096046919, 882.3780478802039;
  463.159577499509, 856.9279012125294;
  449.790701099811, 874.649852741423;
  471.3398743722544, 899.5801545856966]';
tag.uc=[467.284, 878.392];
tags{7}=tag;

tag.id=10;
tag.hammingDistance=0;
tag.familyName='Tag36h11';
tag.H=[6.023078385951804, 17.98976586735322, 588.3097114494853;
  30.3939126398821, 8.196928611673362, 951.0709931592177;
  0.01807059475406357, 7.60533416404997e-05, 0.9995226452993761];
tag.p=[575.0057763834506, 929.7966880254651;
  566.4209229041032, 956.5125679425935;
  601.691099138897, 972.4788208054599;
  611.5733177213471, 946.3549800077773]';
tag.c=[588.5906779763608;
  951.5252081901093];
tag.uH=[5.222446628133195, 18.08287156146786, 586.8422591228363;
  30.31961715450432, 8.171724151547231, 960.6418568325847;
  0.01703977226803374, -0.0003053773304621207, 0.9996194013324171]';
tag.up=[573.3482445943795, 938.2104747577325;
  564.407301394875, 966.3995352811653;
  600.328381350773, 983.0589454760664;
  610.5250815791995, 955.4340669770827]';
tag.uc=[587.068, 960.994];
tags{8}=tag;

tag.id=4;
tag.hammingDistance=0;
tag.familyName='Tag36h11';
tag.H=[-17.13843462000769, -19.63323330389977, 718.0003220925615;
  -35.61336169054543, -1.210908495746476, 1014.290572098401;
  -0.02238108035760759, -0.0008907953944972914, 0.9995332370994592];
tag.p=[737.9431140231368, 1027.678517713117;
  736.6702241477933, 1001.886590730215;
  697.7933175891334, 1001.234239735855;
  700.7728107607911, 1027.099770605417]';
tag.c=[718.3356145075508;
  1014.764226392077];
tag.uH=[-16.49726207054265, -19.93958257128258, 719.2626767405804;
  -35.70974761456207, -1.097628346825884, 1027.552451067138;
  -0.0213477407149365, -0.0006771142173575311, 0.9996348593628941]';
tag.up=[739.6772598554469, 1041.797933831084;
  738.2355257497134, 1014.279777788904;
  698.4633602579316, 1013.439124903342;
  701.5756987285506, 1041.029258333053]';
