% AprilTagFinder log 54
% @ Fri Mar 16 13:46:35 2018

K=[1664.010615128407, 0, 667.9657771371558;
  0, 1668.819944196452, 457.9230104705811;
  0, 0, 1];
distCoeffs=[-0.2237256636237109;
  0.2343996528647796;
  0;
  0;
  0];
tags={};

tag.id=1;
tag.hammingDistance=0;
tag.familyName='Tag36h11';
tag.H=[18.96433414669163, -14.10766564972204, 960.0612863414484;
  -5.685317183779881, -5.134519633874932, 273.1873489085746;
  0.01953405885641054, 0.002156806430329671, 0.9992203663017731];
tag.p=[977.1619340926563, 290.5356671397908;
  976.9187610144567, 268.1853137722676;
  945.1536284276439, 256.9934622843577;
  944.1317797564119, 278.8002916045675]';
tag.c=[960.8103664807625;
  273.4005011523851];
tag.uH=[18.67374821103221, -13.98690445581034, 962.9859055401452;
  -6.009850568677788, -4.964445727447117, 271.4758120384961;
  0.01907656595226795, 0.00261215910069084, 0.9993666752003567]';
tag.up=[980.186403037767, 288.8983317126839;
  980.1268241621789, 266.2151417905227;
  947.7255800748579, 255.1290909563013;
  946.5050767698283, 277.2609587044718]';
tag.uc=[963.588, 271.651];
tags{1}=tag;

tag.id=2;
tag.hammingDistance=0;
tag.familyName='Tag36h11';
tag.H=[-14.16198697915898, -7.124165461726845, 502.8461795767833;
  7.419834919163832, 8.651808040741786, 331.0092277936095;
  0.003238832498070842, -0.01343559058872917, 0.9991759317428237];
tag.p=[519.2654183105907, 312.0131820543506;
  488.0722398748457, 324.6317266162112;
  486.9263579712826, 350.9486144908317;
  518.9651075362646, 338.1584638680752]';
tag.c=[503.2609009103014;
  331.2822269610147];
tag.uH=[-14.35238435438194, -6.965155469362891, 502.3510250892415;
  7.350477205974994, 8.810961467765717, 330.6210842609389;
  0.003072803450519222, -0.0132143358235245, 0.999335801107505]';
tag.up=[518.7486557797262, 311.5061171568252;
  487.3503585305593, 324.0968519751608;
  486.2845908971029, 350.5694006961986;
  518.528412358333, 337.8074547073206]';
tag.uc=[502.691, 330.844];
tags{2}=tag;

tag.id=16;
tag.hammingDistance=0;
tag.familyName='Tag36h11';
tag.H=[2.816863400832884, -14.36789276780435, 494.2284492769989;
  -8.313087600496592, 12.33859201814701, 446.5985450279931;
  0.01576245265815193, 0.003826082579604931, 0.9991369858699506];
tag.p=[516.3394197781067, 451.8133230926036;
  505.8121672743265, 421.2818614033842;
  473.8051711762261, 442.3409840127094;
  483.228723197192, 473.3082791607244]';
tag.c=[494.6553438282271;
  446.9842987937623];
tag.uH=[2.714115646669936, -14.70758681323398, 493.8850741171728;
  -8.405537926518864, 12.16303771626743, 446.6465860609536;
  0.01565180320828537, 0.003380751718971979, 0.9993064276937823]';
tag.up=[516.0582119015246, 451.8019920005424;
  505.4515892748107, 421.2003831541994;
  473.2131911346303, 442.2934756696806;
  482.7183009629925, 473.3507881379496]';
tag.uc=[494.235, 446.958];
tags{3}=tag;

tag.id=0;
tag.hammingDistance=0;
tag.familyName='Tag36h11';
tag.H=[5.411887544570867, -30.08302415825512, 911.8918527149724;
  -21.3608420844461, -9.513423667519838, 639.5382914817732;
  0.00265389863589018, -0.009615256735187337, 0.9994796591732161];
tag.p=[930.5691771851386, 666.1220535810218;
  936.3853466381526, 620.4018863590841;
  893.9086716499863, 613.2521940111574;
  887.7508268366216, 659.8245332580591]';
tag.c=[912.3665943029821;
  639.8712426131898];
tag.uH=[5.927756706079568, -29.60569060484175, 913.8004805994741;
  -21.19457382940693, -9.101384706521808, 640.9529271043664;
  0.003332461921296445, -0.008654444451064553, 0.9995801143981341]';
tag.up=[932.9054662411003, 667.9743264220883;
  938.4851761066436, 621.6729484214823;
  895.2632751285705, 614.1834445946439;
  889.3072083399798, 661.254274707698]';
tag.uc=[914.17, 641.214];
tags{4}=tag;

tag.id=3;
tag.hammingDistance=0;
tag.familyName='Tag36h11';
tag.H=[-0.221029570400824, -14.3183692906949, 559.5254682513402;
  -27.75138448186675, -1.808097663593749, 764.3709315771132;
  -0.01024151992239237, 0.008874022081970991, 0.999386289739098];
tag.p=[573.6324700812796, 793.3324096057828;
  585.1677297289493, 753.2894829976727;
  546.0679436240254, 736.2701538251738;
  535.5200270944899, 775.9575817772799]';
tag.c=[559.869065641686;
  764.8403219306335];
tag.uH=[0.5780135635426433, -14.38510017500387, 558.6804704275906;
  -27.40219658436942, -1.751504973539248, 767.0434782590604;
  -0.009113882252036975, 0.009047854819232303, 0.9995044607372437]';
tag.up=[572.7295285353647, 796.5428883944692;
  584.5504898625254, 755.4913702130789;
  545.175513608932, 738.3079697418807;
  534.2794558538772, 778.9364961067818]';
tag.uc=[558.964, 767.41];
tags{5}=tag;

tag.id=6;
tag.hammingDistance=0;
tag.familyName='Tag36h11';
tag.H=[21.14712823421236, 41.12253806958842, 1093.752379879456;
  34.59127174415671, 24.09029052863188, 787.1774681273562;
  0.0244460744193124, 0.02838829085221162, 0.999174067282697];
tag.p=[1089.970875557197, 769.8038075612371;
  1078.921428335734, 801.5001214659358;
  1098.871463773818, 804.0420629960576;
  1110.267880000437, 774.2636616713869]';
tag.c=[1094.656492490813;
  787.8281611812885];
tag.uH=[21.04880395045859, 41.2340689444224, 1103.41358329385;
  34.97477254328683, 24.07685475493926, 794.6368942751318;
  0.02411762173173201, 0.02777740395982292, 0.999354663272317]';
tag.up=[1098.864399362581, 776.3765226866053;
  1087.916991147601, 809.0208100698383;
  1108.866355502761, 812.0703219924012;
  1120.227045812529, 781.3865963760129]';
tag.uc=[1104.12, 795.144];
tags{6}=tag;

tag.id=11;
tag.hammingDistance=0;
tag.familyName='Tag36h11';
tag.H=[-4.99793792777357, 2.147918184267736, 470.2309619267788;
  -1.142208536359746, 24.70463582944032, 871.1817444566236;
  0.01266758161680286, 0.01883311044601218, 0.9994843792583008];
tag.p=[488.7282584698612, 875.6545470506106;
  466.1998567878734, 851.0206966531017;
  453.3343451659933, 867.8536640721373;
  474.6948358466707, 891.9889333340103]';
tag.c=[470.4735478464693;
  871.6311755698591];
tag.uH=[-4.924966194657785, 1.482673115783299, 467.0579457198419;
  -1.037233162188195, 24.59005884814035, 878.0122860552847;
  0.01311702326615813, 0.01807206523554473, 0.9995835847093067]';
tag.up=[485.8558017326384, 882.3491039465196;
  463.136248489178, 856.9894813294334;
  449.7747274727128, 874.6522787679301;
  471.3246439228932, 899.5580249825197]';
tag.uc=[467.256, 878.371];
tags{7}=tag;

tag.id=10;
tag.hammingDistance=0;
tag.familyName='Tag36h11';
tag.H=[6.766250640184171, 18.45240853641443, 588.3187490407441;
  31.63177934917659, 8.97688603005037, 951.0840036359352;
  0.01937058247060388, 0.0008670373281791037, 0.999497734125035];
tag.p=[575.0260647055642, 929.758421625424;
  566.4360181938583, 956.520307769899;
  601.6633686931862, 972.5000366018978;
  611.6294201082271, 946.4165239140546]';
tag.c=[588.6143899623355;
  951.5619407266777];
tag.uH=[5.963138146134953, 18.5431758296475, 586.8552982478171;
  31.5700606647391, 8.959026546191856, 960.6625526576784;
  0.01833974245542447, 0.0004837780147889275, 0.9996007781362033]';
tag.up=[573.3691654750064, 938.1701512212928;
  564.422662228126, 966.407594546343;
  600.2999599374399, 983.0815349124182;
  610.5820070090218, 955.4986607763082]';
tag.uc=[587.092, 961.033];
tags{8}=tag;

tag.id=4;
tag.hammingDistance=0;
tag.familyName='Tag36h11';
tag.H=[-13.70341747459438, -20.46850368770013, 718.1187751529199;
  -30.6676027542481, -2.331899004295643, 1014.317427685809;
  -0.01750562590757707, -0.001990556742308172, 0.9996280412332925];
tag.p=[738.1736972640634, 1027.663659542653;
  736.5860241052899, 1001.898920063929;
  697.8110628697852, 1001.210109980072;
  700.7422713636163, 1027.099648074643]';
tag.c=[718.3859851179642;
  1014.694852331667];
tag.uH=[-13.05676454268075, -20.77359997430479, 719.3657136537702;
  -30.69809649155232, -2.229170231724535, 1027.552727237401;
  -0.01647051396446352, -0.001772522676770339, 0.9997068513185265]';
tag.up=[739.9136321357325, 1041.783314723094;
  738.1494159195788, 1014.292455817648;
  698.4814515510145, 1013.41349531308;
  701.5444070933041, 1041.029048649683]';
