% AprilTagFinder log 74
% @ Wed Mar  7 16:05:44 2018

K=[1664.010615128407, 0, 667.9657771371558;
  0, 1668.819944196452, 457.9230104705811;
  0, 0, 1];
distCoeffs=[-0.2237256636237109;
  0.2343996528647796;
  0;
  0;
  0];
tags={};

tag.id=1;
tag.hammingDistance=0;
tag.familyName='Tag36h11';
tag.H=[23.00909572852412, 1.414646372541648, 461.7551920812211;
  -3.020171261075876, -28.72028341991115, 128.2649433393273;
  -0.01384423694912554, 0.002500110008521319, 0.9866445108247823];
tag.p=[438.2128547669557, 160.3278754541586;
  498.1444499718639, 158.677758936507;
  498.4914824354495, 98.96898458496153;
  438.8490852215622, 102.259192995682]';
tag.c=[468.0056362906417;
  130.0011725926541];
tag.uH=[23.9110980643305, 0.0316675734426563, 460.0961921389263;
  -2.622611604509707, -29.88105026278245, 124.6823650978245;
  -0.01316972813780109, 0.0001559869646368288, 0.988040462029985]';
tag.up=[435.6573884252273, 157.0178224496044;
  496.5568811776923, 155.8802750687881;
  496.3989585837758, 94.53692683754917;
  435.6473203617878, 97.28900988434475]';
tag.uc=[465.689, 126.201];
tags{1}=tag;

tag.id=25;
tag.hammingDistance=0;
tag.familyName='Tag36h11';
tag.H=[19.87276190944273, 16.43107745821916, 462.2001271892654;
  -4.700577254329097, -22.76822373007319, 203.7711598278846;
  -0.0217372757225636, 0.03239109771976139, 0.993124948785673];
tag.p=[433.4949661205651, 235.3656555467126;
  495.8929817930647, 236.2509215994876;
  496.6273257284892, 175.6386606044476;
  438.0587132080402, 177.324348761255]';
tag.c=[465.3997744739097;
  205.1817951779807];
tag.uH=[20.76819069488377, 15.44726105308327, 461.0341726453524;
  -4.253991912049265, -23.71351125308507, 201.9023598317583;
  -0.02091633919251423, 0.03084215438978793, 0.99426738343931]';
tag.up=[431.5521225287407, 233.521527789605;
  494.8148499407786, 234.8620225623281;
  495.1493511909119, 173.2036608829688;
  435.6733071429461, 174.4129908496726]';
tag.uc=[463.716, 203.081];
tags{2}=tag;

