% AprilTagFinder log 40
% @ Fri Mar 16 13:46:31 2018

K=[1664.010615128407, 0, 667.9657771371558;
  0, 1668.819944196452, 457.9230104705811;
  0, 0, 1];
distCoeffs=[-0.2237256636237109;
  0.2343996528647796;
  0;
  0;
  0];
tags={};

tag.id=1;
tag.hammingDistance=0;
tag.familyName='Tag36h11';
tag.H=[16.31902111239512, -15.68601728452076, 960.1196270947607;
  -6.444278226717093, -5.592766082962449, 273.2447095404102;
  0.01679304035835169, 0.0005446187634363301, 0.9992708650647274];
tag.p=[977.1404179630551, 290.5307123982398;
  976.96289821839, 268.2304521193694;
  945.0566349435483, 256.9402665984406;
  944.1438441851268, 278.8300750455674]';
tag.c=[960.8201946652065;
  273.4440871772148];
tag.uH=[16.02074391506471, -15.57061310086606, 963.03413505622;
  -6.763908012671189, -5.41997511266405, 271.5307756840046;
  0.01633565094726984, 0.0009994020288829979, 0.9994066355068774]';
tag.up=[980.1643973647435, 288.8934796031442;
  980.1716640494191, 266.26059881618;
  947.6269872175926, 255.0759089763772;
  946.5171599959041, 277.2910531392084]';
tag.uc=[963.597, 271.695];
tags{1}=tag;

tag.id=2;
tag.hammingDistance=0;
tag.familyName='Tag36h11';
tag.H=[-14.12915585417297, -6.389563423187215, 502.8461445345883;
  7.446866652461772, 9.147066301314247, 331.0346284203686;
  0.003327591517126826, -0.01193423895384089, 0.9991945281807221];
tag.p=[519.3136071619539, 312.0066765887114;
  488.0511102139937, 324.6412977382618;
  486.9102829069168, 350.9315711727148;
  518.9234366883388, 338.1682800497529]';
tag.c=[503.2514994353929;
  331.3014824281495];
tag.uH=[-14.31957653152675, -6.231977565703886, 502.3489608133784;
  7.377434088545768, 9.30516253557024, 330.6452437211404;
  0.003161700396296037, -0.01171378084784266, 0.9993504234037077]';
tag.up=[518.7971596299532, 311.4997339014674;
  487.329071533454, 324.1064077615462;
  486.2683224529233, 350.5522163608816;
  518.486499253784, 337.8172031374586]';
tag.uc=[502.682, 330.864];
tags{2}=tag;

tag.id=16;
tag.hammingDistance=0;
tag.familyName='Tag36h11';
tag.H=[2.640342308363856, -14.20069307148165, 494.2241577625637;
  -8.468643211748265, 12.49388593262745, 446.6000873630283;
  0.01543001814536462, 0.00416838503487402, 0.9991402761661518];
tag.p=[516.3480219420444, 451.8181987392323;
  505.8038672039786, 421.2556947001131;
  473.7856888963093, 442.3365277276238;
  483.2406548501732, 473.2996505129018]';
tag.c=[494.649419658043;
  446.9843704796874];
tag.uH=[2.537324368142698, -14.54056620287414, 493.8804562429081;
  -8.561386881256107, 12.31830014958934, 446.6478766958445;
  0.01531873146111657, 0.003722999395200176, 0.9993091565764637]';
tag.up=[516.0668624872042, 451.8068779969084;
  505.4432109650571, 421.1741447467203;
  473.1935299207239, 442.2889962029569;
  482.7303346244758, 473.3421299023845]';
tag.uc=[494.229, 446.958];
tags{3}=tag;

tag.id=0;
tag.hammingDistance=0;
tag.familyName='Tag36h11';
tag.H=[5.199974860102271, -30.6648546001495, 911.8969130854139;
  -21.51112475871276, -9.922392671615205, 639.539275385204;
  0.00244320169026852, -0.01025083944767836, 0.9994734397508861];
tag.p=[930.5861231347723, 666.1227017937363;
  936.3684967564761, 620.4018160578255;
  893.8818214396771, 613.216425062197;
  887.7689226756778, 659.8516430192562]';
tag.c=[912.3773347220709;
  639.8762087610912];
tag.uH=[5.716826942620695, -30.18850317091898, 913.8074262596908;
  -21.34427010824563, -9.511075780697805, 640.9552056795219;
  0.003123730665516446, -0.00928973962425292, 0.9995757287606185]';
tag.up=[932.9227503087109, 667.9751289333904;
  938.4680039934144, 621.6727623010802;
  895.2358506916214, 614.1471771326865;
  889.3257574606964, 661.2818751411526]';
tag.uc=[914.181, 641.219];
tags{4}=tag;

tag.id=6;
tag.hammingDistance=0;
tag.familyName='Tag36h11';
tag.H=[14.66678620805028, 31.08922918464291, 1073.321863694301;
  30.52030796589618, 17.65467512400665, 745.7620237298457;
  0.01914616196482045, 0.01868371114188623, 0.9994833123400003];
tag.p=[1068.540709552149, 725.4037808008201;
  1056.956746708565, 758.6688043680643;
  1078.823536408704, 765.3783042175914;
  1090.812363033199, 733.6147012736192]';
tag.c=[1073.876722545201;
  746.1475489609328];
tag.uH=[14.42960458216288, 30.90764431411086, 1081.203076710228;
  30.75097511174753, 17.4596122490028, 751.3554578606661;
  0.01877146431860338, 0.01788380019493073, 0.9995983423765478]';
tag.up=[1075.729352103926, 730.2039405007442;
  1064.212056842509, 764.2781993846365;
  1087.128308721867, 771.592976213984;
  1099.102447047035, 739.0197520766911]';
tag.uc=[1081.63, 751.652];
tags{5}=tag;

tag.id=3;
tag.hammingDistance=0;
tag.familyName='Tag36h11';
tag.H=[0.04470078510226562, -14.72539300075979, 559.5450513503565;
  -27.36427786673873, -2.360564978175135, 764.3785022353654;
  -0.009751562578001804, 0.008164029121044846, 0.9993971787417325];
tag.p=[573.6608527264237, 793.3221510806196;
  585.1512170153844, 753.3251760480001;
  546.0604251617494, 736.2663438483609;
  535.5039014485736, 775.9483986246502]';
tag.c=[559.8825604599349;
  764.8395637835781];
tag.uH=[0.8426725676149991, -14.79123341818127, 558.6987699005213;
  -27.01408078106418, -2.305609411067407, 767.0490545597138;
  -0.008624749524436112, 0.00833829617904073, 0.9995128262274579]';
tag.up=[572.7582720256065, 796.5322145346429;
  584.5337002237719, 755.5278780517847;
  545.1679427393263, 738.3041258522917;
  534.2631949527989, 778.9271890339879]';
tag.uc=[558.978, 767.409];
tags{6}=tag;

tag.id=11;
tag.hammingDistance=0;
tag.familyName='Tag36h11';
tag.H=[-4.939583107615272, 2.612394451661423, 470.205930702533;
  -1.077731784122839, 25.56167877840817, 871.1595740002489;
  0.0127707687162548, 0.01983107480499105, 0.9994637820495273];
tag.p=[488.7286390420518, 875.6944432984292;
  466.1954178418611, 850.9846890853535;
  453.342045752007, 867.8164438421325;
  474.661176907851, 891.9796308336851]';
tag.c=[470.4581988336947;
  871.6269560201828];
tag.uH=[-4.865479549462147, 1.944281320558902, 467.0348662087438;
  -0.9714120014640238, 25.4540104327479, 877.9940856710554;
  0.01322234997402789, 0.01907073483021406, 0.9995676512215181]';
tag.up=[485.8557479766807, 882.3906661320116;
  463.1321404092868, 856.9521511740155;
  449.7830911596012, 874.6134187511037;
  471.2903271017951, 899.5487195818712]';
tag.uc=[467.241, 878.366];
tags{7}=tag;

tag.id=10;
tag.hammingDistance=0;
tag.familyName='Tag36h11';
tag.H=[7.162190255257581, 18.12848779857744, 588.2987695782581;
  32.26280099507871, 8.433539685028105, 951.0713520805916;
  0.02003169865612557, 0.0003124594692346147, 0.9994850614416683];
tag.p=[575.0021162608354, 929.7691561215385;
  566.4541168820504, 956.5311025369552;
  601.659018842973, 972.4840921715855;
  611.6411223066176, 946.3915455191515]';
tag.c=[588.6018633732149;
  951.5613477091451];
tag.uH=[6.358269506246313, 18.22101708060525, 586.836797805744;
  32.20758148874113, 8.410762039617568, 960.6526135620494;
  0.01900100238101719, -6.95705398940883e-05, 0.9995910134567553]';
tag.up=[573.3446909283456, 938.1815803684709;
  564.4410682872526, 966.4188564813455;
  600.2955955261285, 983.0646814626382;
  610.5940319424789, 955.4723059387786]';
tag.uc=[587.079, 961.032];
tags{8}=tag;

tag.id=4;
tag.hammingDistance=0;
tag.familyName='Tag36h11';
tag.H=[-14.6380582258604, -20.98132499009635, 718.0973905793049;
  -32.00217131931298, -3.094291943564106, 1014.304096359315;
  -0.01882302982429209, -0.002740703596080368, 0.9996028167038827];
tag.p=[738.0938728394009, 1027.648780205836;
  736.5791199664499, 1001.90715549504;
  697.8023874793499, 1001.194788462854;
  700.762562855224, 1027.101738166126]';
tag.c=[718.3827201959862;
  1014.707121078259];
tag.uH=[-13.99307979271616, -21.28741776398875, 719.3487946777481;
  -32.05042994501549, -3.00222727782546, 1027.546292689967;
  -0.01778845831791052, -0.002523485129136948, 0.999687905736878]';
tag.up=[739.8316940616021, 1041.766966698231;
  738.1423928629346, 1014.301183171987;
  698.4725453911567, 1013.397175936071;
  701.5652035455479, 1041.031335134633]';
