% AprilTagFinder log 24
% @ Wed Mar  7 16:07:31 2018

K=[1664.010615128407, 0, 667.9657771371558;
  0, 1668.819944196452, 457.9230104705811;
  0, 0, 1];
distCoeffs=[-0.2237256636237109;
  0.2343996528647796;
  0;
  0;
  0];
tags={};

tag.id=28;
tag.hammingDistance=0;
tag.familyName='Tag16h5';
tag.H=[0.8076662793451082, 6.477810726927682, 374.951816944725;
  1.148912864943811, -11.38541311393957, 13.54514013205223;
  -0.02635706430223739, 0.01347133985819866, 0.8884936505495952];
tag.p=[407.8930028114405, 26.38360832387135;
  435.1323140288063, 30.72998007388271;
  436.5393260555282, 3.778677401622343;
  410.0106848276886, 1.088861508826896]';
tag.c=[422.0084372159454;
  15.2450612603406];
tag.uH=[1.26448133563499, 5.036247457604063, 326.9977906131688;
  1.449173305179642, -10.63415066021307, 5.122744347310205;
  -0.02296862970068122, 0.01073262476490731, 0.7838610033844589]';
tag.up=[402.8238337478521, 17.97232347195592;
  430.8846439860629, 22.9365340053493;
  431.9310179095047, -5.264528419366229;
  404.588449293901, -8.513826824909643]';
tag.uc=[417.169, 6.53533];
tags{1}=tag;

