% AprilTagFinder log 59
% @ Wed Mar  7 16:05:42 2018

K=[1664.010615128407, 0, 667.9657771371558;
  0, 1668.819944196452, 457.9230104705811;
  0, 0, 1];
distCoeffs=[-0.2237256636237109;
  0.2343996528647796;
  0;
  0;
  0];
tags={};

tag.id=0;
tag.hammingDistance=0;
tag.familyName='Tag36h11';
tag.H=[25.77689830641469, 3.622365823685384, 541.7032649654561;
  -0.8867850658606603, -27.39735277363906, 63.66819987918928;
  -0.007696414036839769, 0.003509637094133096, 0.9589433247678391];
tag.p=[531.9156777734285, 95.47239521989719;
  594.95158957337, 95.15165235710721;
  598.1656060872136, 37.06082154690839;
  535.5347798903462, 38.30093910742923]';
tag.c=[564.896017287156;
  66.39412177419703];
tag.uH=[26.36102639483217, 1.75775240442543, 540.356228923157;
  -0.6620055869677017, -28.58600986872061, 58.84499992496249;
  -0.007445844025370077, 0.0004660105482579596, 0.9588317609044574]';
tag.up=[530.3159664960998, 91.21060974967054;
  594.1656719430172, 91.24681665816365;
  597.1758931170639, 31.09331801850959;
  533.5412050578207, 31.98407962563635]';
tag.uc=[563.575, 61.3747];
tags{1}=tag;

tag.id=24;
tag.hammingDistance=0;
tag.familyName='Tag36h11';
tag.H=[25.15083780414608, 1.483622545456039, 554.1786748243549;
  -0.9889819472351953, -28.70201187585381, 138.2031097094479;
  -0.01048692415219596, -0.0003293841476605357, 0.9888243724143402];
tag.p=[527.7338394210278, 167.9544528065668;
  590.4418857847622, 169.5328115182217;
  593.873564529186, 110.9521688705183;
  531.0521171310459, 110.6026829988295]';
tag.c=[560.4419655143181;
  139.7650721047738];
tag.uH=[25.76107869176603, 0.006193197975964545, 553.9946799663192;
  -0.7288003007993087, -29.77045029091277, 135.5821315195513;
  -0.01009829359961434, -0.002736002227203151, 0.9902170634225776]';
tag.up=[526.5823809628184, 165.5734919942524;
  589.8937307304127, 167.4936653605293;
  593.1389155001364, 107.5118371147546;
  529.5519823646351, 106.7971657239404]';
tag.uc=[559.484, 136.931];
tags{2}=tag;

