% AprilTagFinder log 38
% @ Fri Mar 16 13:46:30 2018

K=[1664.010615128407, 0, 667.9657771371558;
  0, 1668.819944196452, 457.9230104705811;
  0, 0, 1];
distCoeffs=[-0.2237256636237109;
  0.2343996528647796;
  0;
  0;
  0];
tags={};

tag.id=1;
tag.hammingDistance=0;
tag.familyName='Tag36h11';
tag.H=[16.44190823843083, -17.56051768543113, 960.1252352849398;
  -6.42185408027907, -6.140980441419823, 273.2275952186835;
  0.01693281191028363, -0.001454973668730629, 0.9992667419322475];
tag.p=[977.0834384549609, 290.4997491517098;
  976.8812837103015, 268.2115729857092;
  945.0719368943913, 256.8772140200435;
  944.1764484419863, 278.8401841899105]';
tag.c=[960.8297714666045;
  273.428088570578];
tag.uH=[16.14432550467205, -17.45261116906734, 963.041570087101;
  -6.741778365366571, -5.965970838140048, 271.5137861847095;
  0.0164758586117071, -0.001003312726510082, 0.9994040685801223]';
tag.up=[980.1062639211941, 288.8625366553516;
  980.0881693511429, 266.2421578160969;
  947.6431559145404, 255.0117456515038;
  946.5503546193044, 277.3010480459268]';
tag.uc=[963.607, 271.678];
tags{1}=tag;

tag.id=2;
tag.hammingDistance=0;
tag.familyName='Tag36h11';
tag.H=[-14.36015797360273, -6.387923434801027, 502.8700405508544;
  7.302202841267469, 9.133945007956425, 331.0394180730394;
  0.002858141677836495, -0.01195267901885195, 0.9991960651315331];
tag.p=[519.3127067486619, 312.0164657414635;
  488.0615831398715, 324.6601975857983;
  486.9419404072028, 350.9494290930748;
  518.9454819418194, 338.1513102940063]';
tag.c=[503.274640582834;
  331.3057663307168];
tag.uH=[-14.55005703099084, -6.230135288935036, 502.3728765399921;
  7.233158495007491, 9.292112613278594, 330.6500217243149;
  0.002692551798829254, -0.01173196231052378, 0.9993516016776984]';
tag.up=[518.7962865944276, 311.5095870060571;
  487.3397121740616, 324.1254765584212;
  486.3003125203103, 350.5702677946931;
  518.5086392706872, 337.800207852808]';
tag.uc=[502.705, 330.868];
tags{2}=tag;

tag.id=16;
tag.hammingDistance=0;
tag.familyName='Tag36h11';
tag.H=[2.296373116538495, -13.67766425663761, 494.2172332355041;
  -8.770876443325941, 12.95178041568737, 446.6306629101242;
  0.01472621010134267, 0.005220174344814754, 0.9991469126667654];
tag.p=[516.3380837777643, 451.8479577842726;
  505.8144839671577, 421.2628404203039;
  473.7897339363065, 442.3653537508573;
  483.2492341620462, 473.2558352191207]';
tag.c=[494.6392036746802;
  447.0120031878475];
tag.uH=[2.193599874696782, -14.01790997550633, 493.8729762699952;
  -8.863636447428274, 12.77616385309004, 446.6780742501648;
  0.01461473847225636, 0.004774872807145381, 0.9993147876942572]';
tag.up=[516.0568735991546, 451.8366909331247;
  505.4539028664268, 421.1813180086642;
  473.1976255195435, 442.317913194664;
  482.7390042403007, 473.2981880362836]';
tag.uc=[494.219, 446.986];
tags{3}=tag;

tag.id=0;
tag.hammingDistance=0;
tag.familyName='Tag36h11';
tag.H=[5.259511610485826, -30.7658859050636, 911.8971135185005;
  -21.48756588842744, -10.00663256475801, 639.5437004911253;
  0.002478650502542855, -0.01036751971105686, 0.9994721593108082];
tag.p=[930.5536558138729, 666.1344641559552;
  936.3877778241836, 620.4202263753564;
  893.9145587381576, 613.2107187639396;
  887.7444195488903, 659.8494677912358]';
tag.c=[912.3787041224884;
  639.8814559598402];
tag.uH=[5.775468583607525, -30.28988676733913, 913.8079949547507;
  -21.32147630815636, -9.59566620391089, 640.9599294716843;
  0.003157623213395217, -0.009406590731391965, 0.9995747822017992]';
tag.up=[932.8897452101619, 667.9867985881136;
  938.4877781602103, 621.6915238365556;
  895.2690165544905, 614.141596322951;
  889.300879838447, 661.2794998852628]';
tag.uc=[914.183, 641.225];
tags{4}=tag;

tag.id=6;
tag.hammingDistance=0;
tag.familyName='Tag36h11';
tag.H=[15.98169411695469, 31.70853148575363, 1067.669350967923;
  31.43395889470641, 17.41022189230799, 741.849976440547;
  0.0201204211491752, 0.01899878600119837, 0.9994529408200077];
tag.p=[1062.109024815429, 721.6301701757511;
  1051.338439797398, 755.4396559713617;
  1073.935574673663, 761.3280972080438;
  1085.207067214455, 729.042789005008]';
tag.c=[1068.253748987868;
  742.2560344180802];
tag.uH=[15.74141508317418, 31.53565793653097, 1075.253087247313;
  31.6528780449627, 17.21041627783855, 747.234017947792;
  0.01972061528095698, 0.0182087885619869, 0.9995746803270936]';
tag.up=[1068.976373355274, 726.224867633631;
  1058.313546116159, 760.8526925180181;
  1081.952585323775, 767.3196803909128;
  1093.169526435804, 734.2167260817567]';
tag.uc=[1075.7, 747.546];
tags{5}=tag;

tag.id=3;
tag.hammingDistance=0;
tag.familyName='Tag36h11';
tag.H=[0.327104770086402, -14.46803985846098, 559.5288089913573;
  -26.98391150826583, -2.01869913757204, 764.3602584404202;
  -0.009247116611840188, 0.008627221227550559, 0.9993978251513005];
tag.p=[573.659578524754, 793.3488105204259;
  585.135211784693, 753.3136553814943;
  546.0551916983264, 736.2574060543392;
  535.4846855942077, 775.9235920607188]';
tag.c=[559.865946182792;
  764.8208142985527];
tag.uH=[1.124835178742598, -14.53366577248679, 558.6820721913309;
  -26.632248971159, -1.962023364369649, 767.0299626236755;
  -0.008119953088583064, 0.008802509423361362, 0.9995128124049598]';
tag.up=[572.7568538638, 796.559597786592;
  584.5176023685688, 755.516176189552;
  545.1627060583734, 738.2950424931221;
  534.2439080653038, 778.9018885951152]';
tag.uc=[558.961, 767.39];
tags{6}=tag;

tag.id=11;
tag.hammingDistance=0;
tag.familyName='Tag36h11';
tag.H=[-4.912519651101406, 2.372564729761183, 470.2251023192128;
  -0.993099745916179, 25.11006677040173, 871.1679482301898;
  0.01285565712450492, 0.01929477084653792, 0.999473067428123];
tag.p=[488.7356482278728, 875.6654157098197;
  466.1875016565318, 850.9928372136883;
  453.3486775782586, 867.840757066378;
  474.7036527125977, 891.9974641529557]';
tag.c=[470.4730098723035;
  871.6272370119066];
tag.uH=[-4.83939734389716, 1.706005373374148, 467.0532983276866;
  -0.886205077111867, 24.99875454450503, 878.0004195094363;
  0.01330653387112343, 0.01853384262830248, 0.9995747337592945]';
tag.up=[485.8632247957995, 882.3603451878164;
  463.123959510322, 856.9607045560105;
  449.7895628999904, 874.6386509517688;
  471.3335582240493, 899.5668310339747]';
tag.uc=[467.256, 878.366];
tags{7}=tag;

tag.id=10;
tag.hammingDistance=0;
tag.familyName='Tag36h11';
tag.H=[6.465950855989158, 18.29575554228207, 588.3067283622271;
  31.15391177785866, 8.705913352795237, 951.0759125821991;
  0.01887353817191978, 0.0005918355896656577, 0.999507319883483];
tag.p=[575.0213286216448, 929.7725378564646;
  566.4012000044349, 956.508558766692;
  601.6534482071648, 972.4850762860763;
  611.6193080029245, 946.3959132164136]';
tag.c=[588.596718261962;
  951.5447197455946];
tag.uH=[5.663619208430261, 18.38787754280067, 586.8415926729322;
  31.08744355071264, 8.686232184303057, 960.6513976271343;
  0.01784293194888794, 0.0002099981291216593, 0.9996079445360856]';
tag.up=[573.3642485433564, 938.1850085770849;
  564.3871871647198, 966.3954477225986;
  600.2899020372945, 983.065750277244;
  610.5717845485821, 955.4769937224173]';
tag.uc=[587.074, 961.015];
tags{8}=tag;

tag.id=4;
tag.hammingDistance=0;
tag.familyName='Tag36h11';
tag.H=[-14.45670186629857, -19.94764172514864, 718.0858986382768;
  -31.7254050760077, -1.632562750671788, 1014.30732035718;
  -0.01854844714895275, -0.00129135508091759, 0.9996107139102208];
tag.p=[738.1331710722466, 1027.676450790958;
  736.5747144497919, 1001.894283431427;
  697.7973594605758, 1001.20277182768;
  700.7744316321332, 1027.075649895094]';
tag.c=[718.3655483536274;
  1014.70232985946];
tag.uH=[-13.81154115912926, -20.25081124374856, 719.3353794322479;
  -31.76985919374033, -1.520118981083017, 1027.547121180439;
  -0.01751353808004282, -0.001072242286312356, 0.9996937393338466]';
tag.up=[739.8721440983604, 1041.79676805925;
  738.13781693227, 1014.287462519557;
  698.4674219437577, 1013.405657414196;
  701.5772976726088, 1041.003478788868]';
