% AprilTagFinder log 44
% @ Fri Mar 16 13:46:32 2018

K=[1664.010615128407, 0, 667.9657771371558;
  0, 1668.819944196452, 457.9230104705811;
  0, 0, 1];
distCoeffs=[-0.2237256636237109;
  0.2343996528647796;
  0;
  0;
  0];
tags={};

tag.id=1;
tag.hammingDistance=0;
tag.familyName='Tag36h11';
tag.H=[15.767823217247, -16.72581622009855, 960.1339347091866;
  -6.61181142629869, -5.857797097385137, 273.2472883853576;
  0.01620896443507953, -0.0005661839330262886, 0.9992816347781429];
tag.p=[977.0780439731157, 290.4693075786593;
  976.941043661785, 268.1870527084725;
  945.0713050799254, 256.942956475906;
  944.1569171327606, 278.87989189307]';
tag.c=[960.8241573681601;
  273.4437208445476];
tag.uH=[15.46606220434254, -16.61174220276244, 963.0466478692372;
  -6.931212304216785, -5.682311544380124, 271.5327853509461;
  0.01574932268465342, -0.0001099441611117842, 0.9994154658275931]';
tag.up=[980.1009794832906, 288.8317092071559;
  980.1496509115308, 266.2167067436947;
  947.6419452507821, 255.0785136978234;
  946.5301189088852, 277.3414448342041]';
tag.uc=[963.601, 271.694];
tags{1}=tag;

tag.id=2;
tag.hammingDistance=0;
tag.familyName='Tag36h11';
tag.H=[-13.31229217676226, -5.762725580756039, 502.8279381200265;
  8.02654236280214, 9.505632316155529, 331.0751144198998;
  0.004968410207760287, -0.01077206678103393, 0.9992012641747327];
tag.p=[519.3038811084649, 311.9814970732461;
  487.9869961365805, 324.7437868588381;
  486.9680746770884, 350.9242285579523;
  518.9607062793222, 338.1468877115266]';
tag.c=[503.2298858582067;
  331.3397673624279];
tag.uH=[-13.50335354948895, -5.604840973758379, 502.330046196464;
  7.956721624581445, 9.663638852706244, 330.6854648029915;
  0.004802963717658015, -0.01055019157141091, 0.9993558439817868]';
tag.up=[518.7872788463185, 311.4743481805159;
  487.2647585706737, 324.2093514228608;
  486.326598601991, 350.5450129230098;
  518.5239497372988, 337.7958056651772]';
tag.uc=[502.66, 330.902];
tags{2}=tag;

tag.id=16;
tag.hammingDistance=0;
tag.familyName='Tag36h11';
tag.H=[2.705374914064758, -14.36831322258374, 494.2237839443701;
  -8.398596104687615, 12.32270060087666, 446.6017399286366;
  0.01556251162883101, 0.003827506170354108, 0.9991405307012868];
tag.p=[516.3423908341838, 451.8268983817114;
  505.7966621918632, 421.298595117811;
  473.7814161257113, 442.3292409718205;
  483.2362019550043, 473.2837974744803]';
tag.c=[494.6489195043256;
  446.985910595751];
tag.uH=[2.602154392632671, -14.70825065728254, 493.8800180755566;
  -8.491444152775328, 12.14688150787212, 446.6494681911186;
  0.01545092479662734, 0.003381698692203677, 0.9993092594905784]';
tag.up=[516.0612014385345, 451.815592988026;
  505.4360001896741, 421.2171428944663;
  473.1892148671934, 442.281684876808;
  482.7258522760294, 473.3262344946949]';
tag.uc=[494.228, 446.959];
tags{3}=tag;

tag.id=5;
tag.hammingDistance=0;
tag.familyName='Tag36h11';
tag.H=[26.62035336803454, -41.18755611823327, 1243.216302914371;
  26.75888775205216, -34.7860542293168, 608.9931025033097;
  0.01782536304160964, -0.03980083861162709, 0.9987882477285602];
tag.p=[1232.198477430279, 604.4692370009835;
  1241.013139462298, 634.7300956334616;
  1257.814327559545, 615.2314477809721;
  1248.890558570222, 581.6725852947613]';
tag.c=[1244.724600776679;
  609.7319465745409];
tag.uH=[27.04612837584601, -41.27677491680402, 1258.902463771956;
  27.1893853446909, -35.14227672781604, 613.1883132060034;
  0.01754612368576563, -0.03976400824630927, 0.9990257282534923]';
tag.up=[1246.647107373572, 608.2219301639709;
  1256.453090000054, 639.4939124296216;
  1274.221036298983, 619.6070009824838;
  1264.278357585225, 584.9505201435538]';
tag.uc=[1260.11, 613.782];
tags{4}=tag;

tag.id=0;
tag.hammingDistance=0;
tag.familyName='Tag36h11';
tag.H=[4.956820528851417, -30.72419203442417, 911.9041460770246;
  -21.67692500867967, -9.970761315676294, 639.5572290165539;
  0.002175960359473802, -0.01032612097724546, 0.9994735610447492];
tag.p=[930.5770571136352, 666.1265519170794;
  936.3715083204581, 620.421123818788;
  893.8927237970775, 613.2302964202827;
  887.7897198943955, 659.8603972854584]';
tag.c=[912.384460799355;
  639.8940941949731];
tag.uH=[5.473067534620967, -30.24819042587582, 913.8150629750215;
  -21.51050030532878, -9.559732094133746, 640.973547463196;
  0.002856309744289007, -0.009365398373800835, 0.9995760330885417]';
tag.up=[932.913538895365, 667.9789619945328;
  938.4712040611289, 621.6923209536631;
  895.2469825978737, 614.161244507417;
  889.346920462855, 661.2908921150804]';
tag.uc=[914.189, 641.237];
tags{5}=tag;

tag.id=6;
tag.hammingDistance=0;
tag.familyName='Tag36h11';
tag.H=[20.03306948436547, 32.22400991556909, 1079.374373904103;
  33.95654042104447, 17.83320174700419, 752.4400188425652;
  0.02362959857295893, 0.01976819515741378, 0.9993739796404668];
tag.p=[1074.417239302198, 732.9160359862876;
  1063.741821208589, 766.08477980057;
  1085.21488805355, 771.2423576741818;
  1096.485710381104, 739.6357391693712]';
tag.c=[1080.050507511129;
  752.9113566807711];
tag.uH=[19.84420525644172, 32.10561303370459, 1087.666556010196;
  34.22935383023507, 17.66722861198057, 758.3724730892111;
  0.02324429680019688, 0.01902009235905916, 0.9995125242407336]';
tag.up=[1081.972924527336, 738.0279889088765;
  1071.406216746105, 772.0524823057259;
  1093.915776139783, 777.7760002966495;
  1105.139651335028, 745.3249151702933]';
tag.uc=[1088.19, 758.737];
tags{6}=tag;

tag.id=3;
tag.hammingDistance=0;
tag.familyName='Tag36h11';
tag.H=[0.3073827018592041, -14.33288198461693, 559.5299347069567;
  -27.03135800580239, -1.818317031930182, 764.364011008981;
  -0.009312971324350961, 0.008855866812125968, 0.9993955262967074];
tag.p=[573.6399708481823, 793.3305985352689;
  585.1555061858173, 753.2927701151237;
  546.0841464579182, 736.2959717350157;
  535.4842298590138, 775.9480182098089]';
tag.c=[559.8683604081291;
  764.826328412092];
tag.uH=[1.105562820824146, -14.4000550400339, 558.6835064128018;
  -26.67960029049623, -1.762258933955937, 767.0342070939956;
  -0.008185416052000941, 0.009028877994207572, 0.9995110193115855]';
tag.up=[572.7371202806556, 796.540991779184;
  584.5381495266435, 755.4947733924986;
  545.1917362210484, 738.3342024258567;
  534.243287990656, 778.9269277666234]';
tag.uc=[558.963, 767.396];
tags{7}=tag;

tag.id=11;
tag.hammingDistance=0;
tag.familyName='Tag36h11';
tag.H=[-5.149446855535322, 2.390210560178041, 470.2287319504797;
  -1.422447502028147, 25.16011491655208, 871.1776360127121;
  0.01235844150996081, 0.01934839972983122, 0.9994781327818345];
tag.p=[488.7394081427855, 875.6614047187545;
  466.1910200985263, 850.9875434706262;
  453.3323384571723, 867.8513806665179;
  474.6979995070542, 891.9907212734195]';
tag.c=[470.4742570422208;
  871.6325124472456];
tag.uH=[-5.075158093659985, 1.72306367728093, 467.0565043441638;
  -1.319298998896752, 25.04899540802268, 878.0096496384157;
  0.01280862710139762, 0.01858702226994877, 0.9995790002934137]';
tag.up=[485.867107410765, 882.3561243759372;
  463.1276153619185, 856.9551668238008;
  449.7727033951788, 874.6499271019175;
  471.3278581891218, 899.5598543430654]';
tag.uc=[467.257, 878.372];
tags{8}=tag;

tag.id=10;
tag.hammingDistance=0;
tag.familyName='Tag36h11';
tag.H=[6.614398570449153, 17.8565085817584, 588.3038431671135;
  31.3748359672941, 7.992088630886172, 951.0648082504755;
  0.01910374531935523, -0.0001531595145512244, 0.999503230398299];
tag.p=[575.0154661493494, 929.7796387365364;
  566.4353297690382, 956.5034220393578;
  601.6716129591484, 972.4856611967773;
  611.6278506152263, 946.3764736684319]';
tag.c=[588.5962398867647;
  951.5375031569222];
tag.uH=[5.811985113385264, 17.94966815754432, 586.8391992445685;
  31.31060047429014, 7.964914538066594, 960.6406099852085;
  0.01807316854573281, -0.0005351897640266545, 0.9996046388620007]';
tag.up=[573.3582286314418, 938.1925046982041;
  564.4220818999038, 966.3897761055786;
  600.3084489141979, 983.0662803665275;
  610.5805675770449, 955.4564852792413]';
