% AprilTagFinder log 78
% @ Fri Mar 16 13:46:48 2018

K=[1664.010615128407, 0, 667.9657771371558;
  0, 1668.819944196452, 457.9230104705811;
  0, 0, 1];
distCoeffs=[-0.2237256636237109;
  0.2343996528647796;
  0;
  0;
  0];
tags={};

tag.id=1;
tag.hammingDistance=0;
tag.familyName='Tag36h11';
tag.H=[18.23071196509309, -14.86693037797441, 960.0741142004389;
  -5.900113821547123, -5.369093689345335, 273.2110910809658;
  0.01872367034331578, 0.001360809141801262, 0.9992372253552509];
tag.p=[977.0797627321465, 290.5372014649789;
  976.9542317347118, 268.2274717016149;
  945.175493872602, 256.9766564630301;
  944.088679467988, 278.7954561265097]';
tag.c=[960.8069934135123;
  273.4196486563371];
tag.uH=[17.9361087935131, -14.74731633825973, 962.9952831957834;
  -6.224234523193569, -5.197702535810939, 271.4989295785731;
  0.01826332445645493, 0.001816906012914557, 0.99938018265826]';
tag.up=[980.1021993993859, 288.9005462818099;
  980.1628066486381, 266.2576494059224;
  947.7480538903446, 255.1118352651342;
  946.4611309269058, 277.2563899206693]';
tag.uc=[963.584, 271.67];
tags{1}=tag;

tag.id=2;
tag.hammingDistance=0;
tag.familyName='Tag36h11';
tag.H=[-14.37731419533812, -6.724948003760446, 502.8563429604115;
  7.301694481692853, 8.930829131183733, 331.0134387278827;
  0.002844070684749246, -0.01260547970166692, 0.9991868071346141];
tag.p=[519.3116918904566, 311.9891685974594;
  488.0605480950053, 324.6328614550605;
  486.9028849247371, 350.9571949551399;
  518.9482309936152, 338.1416847796773]';
tag.c=[503.2655949516204;
  331.2828355661899];
tag.uH=[-14.56723034558433, -6.566986336004838, 502.3600010695053;
  7.232720701691228, 9.089260414265647, 330.6245115713212;
  0.002678653727450456, -0.01238511065931259, 0.9993442886436829]';
tag.up=[518.795170708367, 311.4820993138533;
  487.3385639018746, 324.0979499285774;
  486.2609382646599, 350.5779546416028;
  518.5113788307488, 337.7905400148274]';
tag.uc=[502.696, 330.845];
tags{2}=tag;

tag.id=16;
tag.hammingDistance=0;
tag.familyName='Tag36h11';
tag.H=[2.730015822930806, -13.567197415431, 494.2050745170611;
  -8.374846024205825, 13.05553348123648, 446.5997245428861;
  0.01561563968179505, 0.005431729272534365, 0.9991320738225413];
tag.p=[516.3584029029583, 451.820823785809;
  505.7903528041023, 421.2450329527312;
  473.8067369882115, 442.3539556644632;
  483.2486463489006, 473.2605017769156]';
tag.c=[494.6343806442933;
  446.9876768486245];
tag.uH=[2.626834938266126, -13.90733638681066, 493.8623173015293;
  -8.467656776364549, 12.88015230374817, 446.6484642381053;
  0.01550423709581561, 0.004986828382411697, 0.999303066084407]';
tag.up=[516.0773013936104, 451.8095094688368;
  505.4295994191682, 421.1634441139998;
  473.2147773870222, 442.3064881271966;
  482.7384094919223, 473.302867925224]';
tag.uc=[494.214, 446.961];
tags{3}=tag;

tag.id=0;
tag.hammingDistance=0;
tag.familyName='Tag36h11';
tag.H=[5.628577591107403, -30.43353202377716, 911.8969214318257;
  -21.20548074299924, -9.767995873488994, 639.5414860597289;
  0.002896963293549712, -0.01000519021229532, 0.9994752154131279];
tag.p=[930.5754858181566, 666.1295372819637;
  936.3692434758304, 620.4247748652409;
  893.9152322519824, 613.2489457015889;
  887.7546383881008, 659.8385827307512]';
tag.c=[912.3757221482455;
  639.8772837957545];
tag.uH=[6.145316206779709, -29.95687544621565, 913.8066954371043;
  -21.03859886506995, -9.356511593877507, 640.9569232324194;
  0.003576097802692695, -0.00904437184056147, 0.9995767244841131]';
tag.up=[932.911962011922, 667.9819805740444;
  938.4689207424224, 621.6960001036289;
  895.2699100372416, 614.1802008525478;
  889.3111731406494, 661.2685396608472]';
tag.uc=[914.18, 641.22];
tags{4}=tag;

tag.id=3;
tag.hammingDistance=0;
tag.familyName='Tag36h11';
tag.H=[-0.1100761239229184, -14.51723226878061, 559.5340544681002;
  -27.58369643542867, -2.094578362525708, 764.3754636696993;
  -0.01002961641680111, 0.008523229295773151, 0.9993914511795456];
tag.p=[573.646321222627, 793.341446131884;
  585.1535690111912, 753.3210270052707;
  546.0616314460063, 736.2543195943266;
  535.5174148404451, 775.9408684287868]';
tag.c=[559.8747655963059;
  764.8409067013076];
tag.uH=[0.6883817988641882, -14.58272926566968, 558.6884325807343;
  -27.23415301546122, -2.038154382077233, 767.0470980469415;
  -0.008902475079689113, 0.008698535730321092, 0.9995084383431645]';
tag.up=[572.743487291855, 796.5521001988019;
  584.5360881041026, 755.5236326274339;
  545.1692242932735, 738.2918618754629;
  534.2769206731246, 778.9193824025358]';
tag.uc=[558.97, 767.411];
tags{5}=tag;

tag.id=11;
tag.hammingDistance=0;
tag.familyName='Tag36h11';
tag.H=[-4.91377891480732, 2.519446780082085, 470.2160752273871;
  -0.9981187016388904, 25.39414649798726, 871.1600991260337;
  0.01285756221362908, 0.01963641637484448, 0.999466142630787];
tag.p=[488.752856531485, 875.6860877875613;
  466.1919769779375, 850.9908847818413;
  453.3331603356248, 867.8204792102653;
  474.6848952740779, 891.9819399720107]';
tag.c=[470.4672376291687;
  871.6254227811788];
tag.uH=[-4.840882928366359, 1.851885317152932, 467.0449315422665;
  -0.8919144977893029, 25.28521469699314, 877.9939206164995;
  0.01330794374883694, 0.01887602303002408, 0.9995693894844643]';
tag.up=[485.8805620670601, 882.3816908186561;
  463.1285531361739, 856.958624382554;
  449.7739453606404, 874.6177369182844;
  471.314561242856, 899.5508395318274]';
tag.uc=[467.25, 878.365];
tags{6}=tag;

tag.id=6;
tag.hammingDistance=0;
tag.familyName='Tag36h11';
tag.H=[26.81426253707301, 40.42596694290939, 1107.172243657296;
  37.41332935246945, 21.14209070493319, 879.3345781917491;
  0.02776863920850324, 0.02766577515286838, 0.9991509998201947];
tag.p=[1101.953732933189, 869.7305640075128;
  1094.37709353441, 896.2745596654265;
  1113.624802073245, 889.3447468899627;
  1121.851798667748, 863.8856413897619]';
tag.c=[1108.113031820556;
  880.0817677708299];
tag.uH=[27.10162845602405, 41.24071758125839, 1119.555124927097;
  38.18254252598835, 21.56714273319139, 891.180909833362;
  0.02762821719650955, 0.02769440985227896, 0.9993199783500468]';
tag.up=[1113.573787886157, 880.7567372877572;
  1106.247620193903, 908.4774810018282;
  1126.348767073269, 901.6622245293685;
  1134.396626247618, 875.1059279092229]';
tag.uc=[1120.31, 891.779];
tags{7}=tag;

tag.id=10;
tag.hammingDistance=0;
tag.familyName='Tag36h11';
tag.H=[6.392321963566554, 18.87408945610719, 588.3270254203684;
  31.03246126885928, 9.641078835503551, 951.0837926657213;
  0.01873963033261173, 0.001582011800379012, 0.9995089041601041];
tag.p=[575.0285321676332, 929.7611272808301;
  566.4052519432568, 956.5330945724148;
  601.6621477659663, 972.4726684986522;
  611.6027959681461, 946.3950664432136]';
tag.c=[588.6160923346098;
  951.5510954501453];
tag.uH=[5.590013175404476, 18.96486610436247, 586.862174800696;
  30.96461156780908, 9.630778252621276, 960.6594135950829;
  0.01770859526830363, 0.001200538109809932, 0.9996094158599835]';
tag.up=[573.3716627301325, 938.1729771850014;
  564.3911470405019, 966.421316527108;
  600.2988463785765, 983.0525759535435;
  610.5549612699715, 955.4761682359317]';
tag.uc=[587.094, 961.021];
tags{8}=tag;

tag.id=4;
tag.hammingDistance=0;
tag.familyName='Tag36h11';
tag.H=[-14.20027654254206, -20.41441013734826, 718.112495560005;
  -31.37105378698053, -2.270900116983958, 1014.315570023649;
  -0.01820067437823602, -0.001933631099997702, 0.999615997166078];
tag.p=[738.1485254654992, 1027.660909940559;
  736.591650696389, 1001.898067271474;
  697.8158087899634, 1001.216893017966;
  700.7680349244102, 1027.102217630573]';
tag.c=[718.3883587256121;
  1014.705219703611];
tag.uH=[-13.55460720249082, -20.71959558594923, 719.3616647897693;
  -31.41091096930027, -2.167750904808607, 1027.554459298231;
  -0.01716586528714941, -0.001716171607388688, 0.9996977874139582]';
tag.up=[739.8878044068373, 1041.78023633106;
  738.1551699782501, 1014.291577853537;
  698.4863200899518, 1013.42072220313;
  701.5708115753624, 1041.031861762966]';
