% AprilTagFinder log 90
% @ Fri Mar 16 13:47:03 2018

K=[1664.010615128407, 0, 667.9657771371558;
  0, 1668.819944196452, 457.9230104705811;
  0, 0, 1];
distCoeffs=[-0.2237256636237109;
  0.2343996528647796;
  0;
  0;
  0];
tags={};

tag.id=1;
tag.hammingDistance=0;
tag.familyName='Tag36h11';
tag.H=[17.85466385546741, -16.5405680834367, 960.110320175487;
  -6.004755060964906, -5.852589925186269, 273.2142485835292;
  0.01839920111361455, -0.0003759490836130621, 0.9992425804312095];
tag.p=[977.1477147374503, 290.5279027005859;
  976.9039597183327, 268.2292019405059;
  945.1063677440256, 256.9209495270684;
  944.1568987311157, 278.8123351064]';
tag.c=[960.8380777380048;
  273.4213432594389];
tag.uH=[17.56201219825514, -16.42942584360337, 963.0316592546666;
  -6.326834219258154, -5.679258021608522, 271.5016637187381;
  0.01794320692410607, 7.642355090994289e-05, 0.9993849057343241]';
tag.up=[980.171895936624, 288.8905718083586;
  980.111256278958, 266.2598620078785;
  947.6779406883381, 255.0558619895787;
  946.5306179176084, 277.2729719141151]';
tag.uc=[963.616, 271.672];
tags{1}=tag;

tag.id=2;
tag.hammingDistance=0;
tag.familyName='Tag36h11';
tag.H=[-14.61457267798532, -5.749569187268234, 502.8956735040716;
  7.121823983119745, 9.557057218575943, 331.041043106373;
  0.002337021294533067, -0.01069169952212953, 0.9992118480380149];
tag.p=[519.33028909635, 312.0013951533422;
  488.0565798428102, 324.6321279562281;
  486.9839431359629, 350.9284031063713;
  518.9306761277838, 338.1484301819527]';
tag.c=[503.2923443527253;
  331.3021595534349];
tag.uH=[-14.8042059037712, -5.592055606617149, 502.3969080615513;
  7.052874804193086, 9.714926571631727, 330.6505410700039;
  0.002171157562608811, -0.01047021821660376, 0.9993639468313205]';
tag.up=[518.8139401526591, 311.4944740073636;
  487.3345564938003, 324.0971962749531;
  486.3426190240954, 350.5492588573301;
  518.4937293047252, 337.7972704753745]';
tag.uc=[502.723, 330.864];
tags{2}=tag;

tag.id=16;
tag.hammingDistance=0;
tag.familyName='Tag36h11';
tag.H=[3.503019880340171, -14.09404251804176, 494.2057875639007;
  -7.694644129309228, 12.57072154293301, 446.5644635673359;
  0.01715837937975007, 0.004392073500617612, 0.9991117243968312];
tag.p=[516.3838062227292, 451.8268051561958;
  505.7950016196137, 421.294943797556;
  473.82451872208, 442.301626366972;
  483.206710567761, 473.2924394185763]';
tag.c=[494.6451687995706;
  446.9614885531737];
tag.uH=[3.399562083543144, -14.4343074489805, 493.8650022263693;
  -7.787288351943426, 12.39498063978543, 446.6148453459252;
  0.01704761017362279, 0.00394635335555892, 0.9992865401555191]';
tag.up=[516.1028464129763, 451.8155057340085;
  505.4343254658743, 421.2134810915636;
  473.2326952725707, 442.2540058791798;
  482.6961144590083, 473.3349140357104]';
tag.uc=[494.225, 446.935];
tags{3}=tag;

tag.id=0;
tag.hammingDistance=0;
tag.familyName='Tag36h11';
tag.H=[6.079933530161254, -30.50954883261025, 911.8938542533746;
  -20.89995396686493, -9.820715313750279, 639.5160001283911;
  0.00338844585011738, -0.01008268654783073, 0.999472536938079];
tag.p=[930.5847602679937, 666.1288012151158;
  936.363358919915, 620.4064258451899;
  893.919863389175, 613.2238518441361;
  887.7313641341548, 659.8319594533865]';
tag.c=[912.3750984164056;
  639.8534992142675];
tag.uH=[6.59776858605167, -30.03287024108322, 913.8037524657771;
  -20.73234295720206, -9.409225483800705, 640.9313392073481;
  0.004067812119415717, -0.009121582849105546, 0.9995743681789155]';
tag.up=[932.9214122889041, 667.981311935813;
  938.4627993292218, 621.6773920208678;
  895.274468065521, 614.1548872126687;
  889.2875116441721, 661.2616651343496]';
tag.uc=[914.179, 641.196];
tags{4}=tag;

tag.id=3;
tag.hammingDistance=0;
tag.familyName='Tag36h11';
tag.H=[0.4352051652379068, -14.35538946512329, 559.5377079583524;
  -26.86112124264296, -1.876017289233654, 764.3516405060598;
  -0.009097642477907503, 0.008821680252073678, 0.9993975068682981];
tag.p=[573.6452051467212, 793.347831624065;
  585.1666515572547, 753.3193793826125;
  546.0972457096962, 736.2612746354326;
  535.474394484462, 775.9006058822051]';
tag.c=[559.8750288178264;
  764.8124347450338];
tag.uH=[1.233154536205868, -14.42117389650149, 558.6910661168887;
  -26.50878286367319, -1.819099599362519, 767.0210257992264;
  -0.007970215225742958, 0.008996843432949748, 0.9995123960449246]';
tag.up=[572.7423278481335, 796.5586630472778;
  584.549288539499, 755.5219001516227;
  545.205145460838, 738.2987623430449;
  534.2336419973401, 778.8783957162067]';
tag.uc=[558.97, 767.382];
tags{5}=tag;

tag.id=11;
tag.hammingDistance=0;
tag.familyName='Tag36h11';
tag.H=[-5.37329319168946, 2.410979166229466, 470.2339147608929;
  -1.867872039182145, 25.21225381194139, 871.1780224714629;
  0.01185265340127667, 0.01941956566178666, 0.9994830557122687];
tag.p=[488.732630202731, 875.6704723868777;
  466.2184857620123, 850.9770732059789;
  453.3293325491654, 867.8319928454368;
  474.6717663683328, 891.9697898713077]';
tag.c=[470.4771252232853;
  871.6286059003062];
tag.uH=[-5.296806058646016, 1.743475919142542, 467.0614327811073;
  -1.768111833461764, 25.10139388251794, 878.0091995760264;
  0.01230325255594036, 0.01865824538201876, 0.9995831626621723]';
tag.up=[485.8600879151666, 882.3656471935573;
  463.1557891517693, 856.9439703939242;
  449.7698785988116, 874.6297766486509;
  471.3012804571664, 899.5383045342218]';
tag.uc=[467.26, 878.368];
tags{6}=tag;

tag.id=10;
tag.hammingDistance=0;
tag.familyName='Tag36h11';
tag.H=[6.247269624216321, 18.27848038429563, 588.3202144682371;
  30.78343160929212, 8.697862439940987, 951.0758130605224;
  0.01846972473618245, 0.0005625530774984344, 0.9995148253488987];
tag.p=[575.0173380209751, 929.740688707716;
  566.4208218449427, 956.497289317621;
  601.6864242938475, 972.5196841992724;
  611.6001876833177, 946.3966997392129]';
tag.c=[588.6057910775593;
  951.5374749229279];
tag.uH=[5.445230930206639, 18.36875687115336, 586.854193062605;
  30.71269836724404, 8.676139209640047, 960.6491583197438;
  0.01743802552492397, 0.0001777674232273182, 0.9996136193367195]';
tag.up=[573.3603857102486, 938.1515818827964;
  564.4073092841659, 966.383408919032;
  600.323408555942, 983.1022160870571;
  610.5522967584038, 955.4778989425492]';
tag.uc=[587.083, 961.007];
tags{7}=tag;

tag.id=4;
tag.hammingDistance=0;
tag.familyName='Tag36h11';
tag.H=[-12.546802099658, -20.68110285643169, 718.1270809586136;
  -29.12233178068196, -2.651190711947458, 1014.319191625404;
  -0.01598118804294726, -0.002307759782272257, 0.9996532260837978];
tag.p=[738.1116581793758, 1027.654360857174;
  736.5885014265505, 1001.894818471607;
  697.905142031327, 1001.203825022338;
  700.6553880309589, 1027.102492796296]';
tag.c=[718.3761950850898;
  1014.671053080137];
tag.uH=[-11.89684259450775, -20.98860193874162, 719.3692875436909;
  -29.13254635742357, -2.55604360158833, 1027.546771262284;
  -0.01494606995587752, -0.002093289242590118, 0.9997258016875017]';
tag.up=[739.8499626902403, 1041.77303128576;
  738.1519299285419, 1014.288104190227;
  698.5776414716837, 1013.407024556931;
  701.4553919033809, 1041.031865998167]';
tag.uc=[719.566, 1027.82];
tags{8}=tag;

tag.id=8;
tag.hammingDistance=0;
tag.familyName='Tag36h11';
tag.H=[-8.08043830620745, 3.369319896742711, 588.4358769685675;
  -0.2668725034969645, 22.82997277775061, 1060.803300557259;
  0.007089684024274773, 0.01695922205587876, 0.9996724968142072];
tag.p=[607.9670489842827, 1064.181114667225;
  582.9302828870857, 1048.397002724993;
  570.198842095849, 1058.2629197441;
  594.2156091233378, 1073.655289652255]';
tag.c=[588.6286547282399;
  1061.150830834964];
tag.uH=[-8.25351740635382, 2.918959801447672, 586.2892903779617;
  -0.4014826391720616, 23.16223873474024, 1077.472697861885;
  0.007331001250744706, 0.01662753297739053, 0.9997325344687638]';
tag.up=[606.3120997223923, 1080.903575841716;
  580.671032126828, 1064.084908436344;
  567.5095597508434, 1074.776514226012;
  592.1161940762527, 1091.183081746883]';
