% AprilTagFinder log 7
% @ Wed Mar  7 16:06:15 2018

K=[1664.010615128407, 0, 667.9657771371558;
  0, 1668.819944196452, 457.9230104705811;
  0, 0, 1];
distCoeffs=[-0.2237256636237109;
  0.2343996528647796;
  0;
  0;
  0];
tags={};

tag.id=1;
tag.hammingDistance=0;
tag.familyName='Tag16h5';
tag.H=[10.89260303677369, -2.355246108612706, 461.0325937428082;
  -7.267019743690931, -12.74063433694673, 213.5701169583474;
  -0.008670166960497536, 0.005815264789665718, 0.9984293901826532];
tag.p=[451.9148460334601, 233.278173664313;
  482.019772390051, 222.6180969702373;
  471.6572755984417, 194.4228836802128;
  442.0754192765895, 205.4432395095251]';
tag.c=[461.7578351319032;
  213.9060799475031];
tag.uH=[11.22945268079227, -2.978485399172038, 459.4811603728786;
  -7.163433731113805, -13.23573095945543, 211.649402669089;
  -0.008364073065394039, 0.00488399375973796, 0.9986872547022229]';
tag.up=[450.2491015483358, 231.5461704921439;
  480.6914773496382, 220.9372092845225;
  469.9794055525986, 192.1707195286249;
  440.0245091366509, 203.150918016489]';
tag.uc=[460.089, 211.932];
tags{1}=tag;

tag.id=0;
tag.hammingDistance=0;
tag.familyName='Tag16h5';
tag.H=[11.54013137922677, -1.345789932190605, 421.4255881345317;
  -6.802359406052003, -12.04565222672317, 228.0218999457436;
  -0.006660591189414895, 0.007958791403418708, 0.9985729822297273];
tag.p=[412.3550039601943, 247.5445243682362;
  441.3942990870933, 237.0693016952183;
  431.6755369693414, 209.2008370535671;
  403.220238335157, 219.8778976824281]';
tag.c=[422.0278293465589;
  228.3477562517167];
tag.uH=[11.92878814880328, -1.928973337017689, 419.3178843185327;
  -6.672222015511525, -12.53670452432546, 226.0168297594202;
  -0.006297058823591512, 0.007108540427793266, 0.9988079880345427]';
tag.up=[410.1349865566243, 245.717356073727;
  439.5946657575171, 235.3150840033301;
  429.4763422742112, 206.8859361759368;
  400.5697176653837, 217.4946904161655]';
tag.uc=[419.824, 226.291];
tags{2}=tag;

tag.id=6;
tag.hammingDistance=0;
tag.familyName='Tag16h5';
tag.H=[10.65976564523293, -2.798926311617667, 475.0044293957709;
  -7.766057848898609, -13.24170969005258, 252.2139050062902;
  -0.009750955536703099, 0.00514842526120448, 0.9987123298831623];
tag.p=[465.6001905406675, 272.3189732304324;
  496.499992002334, 261.9294217331078;
  485.7262939364991, 232.5760570498219;
  455.3476766056667, 243.4248248763296]';
tag.c=[475.6168670224998;
  252.5390920484544];
tag.uH=[10.98234891829242, -3.348729645630282, 473.8973856839231;
  -7.646638611098845, -13.67842476522795, 250.974365235978;
  -0.009426505556437471, 0.00432957078405853, 0.9989405531413955]';
tag.up=[464.3843229601487, 271.2038136052749;
  495.5728796212593, 260.8696879641411;
  484.5093322679392, 231.0712316430364;
  453.8067351935355, 241.8702576208468]';
tag.uc=[474.405, 251.245];
tags{3}=tag;

tag.id=5;
tag.hammingDistance=0;
tag.familyName='Tag16h5';
tag.H=[11.91618360461591, -2.30656356375849, 434.4288663026982;
  -6.815308325640932, -12.83122802670654, 266.2249847797672;
  -0.006410351346920671, 0.005908917930126065, 0.9988240070359794];
tag.p=[425.1060055764855, 286.0644886640653;
  454.7891117991848, 275.9651262286781;
  444.7845797313768, 246.9927605999204;
  415.5752493024914, 257.3414383246583]';
tag.c=[434.9403530977098;
  266.5384321005585];
tag.uH=[12.29998970271164, -2.821502778877635, 432.8296892600289;
  -6.664802987049476, -13.26348913894707, 264.8939166289555;
  -0.006010089510792232, 0.005154602938943574, 0.9990298165520402]';
tag.up=[423.3955457417763, 284.8540901822028;
  453.4551609140633, 274.8265265589886;
  443.112935556563, 245.4128769556579;
  413.494183737993, 255.6875592894701]';
tag.uc=[433.256, 265.155];
tags{4}=tag;

