% AprilTagFinder log 95
% @ Wed Mar  7 16:05:46 2018

K=[1664.010615128407, 0, 667.9657771371558;
  0, 1668.819944196452, 457.9230104705811;
  0, 0, 1];
distCoeffs=[-0.2237256636237109;
  0.2343996528647796;
  0;
  0;
  0];
tags={};

tag.id=0;
tag.hammingDistance=0;
tag.familyName='Tag36h11';
tag.H=[38.00055610196166, 0.4097031997771814, 228.4587202784516;
  -3.812096576754597, -45.80285682527823, 91.96268532645361;
  -0.01542022322187307, -0.002707862362900331, 0.9422081155922649];
tag.p=[197.8978411349893, 147.4250773374589;
  286.2300035538902, 144.1141015360673;
  288.7942287617955, 45.82690952003095;
  199.878285242754, 52.33098075730895]';
tag.c=[242.4716116299254;
  97.60336788082806];
tag.uH=[40.48528230289237, -1.084879513358753, 218.5925567537058;
  -2.737513736242048, -47.82253646299091, 83.7963673956548;
  -0.01368785390026718, -0.005342781495034117, 0.9408282915999477]';
tag.up=[186.600609694407, 139.96282189783;
  279.0435026252118, 138.2063816639774;
  279.7921949137123, 36.04320326539494;
  186.5447906340717, 40.77767237980925]';
tag.uc=[232.444, 89.1114];
tags{1}=tag;

tag.id=25;
tag.hammingDistance=0;
tag.familyName='Tag36h11';
tag.H=[38.73762572762924, 2.477990038743271, 353.9554635154518;
  -6.112894557082693, -49.26775244412899, 217.515541630073;
  -0.02760448476830545, 0.004176661313442175, 0.9824647323961252];
tag.p=[310.9078061369092, 271.2975526500578;
  410.4573854242384, 274.1925949596855;
  412.0499175762455, 169.0601197068127;
  313.2335408681641, 171.9116512503833]';
tag.c=[360.272946034605;
  221.397811501667];
tag.uH=[41.02318670241944, 1.183003128995476, 351.168485227133;
  -5.028584426254567, -50.89814801277037, 215.2531518354504;
  -0.02545993679486801, 0.002061650075610624, 0.9849381600829509]';
tag.up=[306.3551842991301, 268.918008699872;
  408.411159995237, 272.7326275939675;
  409.0539173518688, 165.6784094563139;
  307.5078165653421, 167.2951489341731]';
tag.uc=[356.627, 218.595];
tags{2}=tag;

tag.id=24;
tag.hammingDistance=0;
tag.familyName='Tag36h11';
tag.H=[39.83354538533541, 1.724097962256988, 235.0113690759277;
  -3.361512410588818, -47.04004095740975, 217.2116573375531;
  -0.01454598894111335, 0.002059595163084225, 0.9804897428091736];
tag.p=[194.8221297575426, 269.5061853402859;
  283.3543990036696, 270.6654980562108;
  285.7108012077981, 172.3238913754912;
  197.4755234912021, 174.0386541855782]';
tag.c=[239.6877384995413;
  221.5338395231205];
tag.uH=[42.62858377485602, 0.7531399940519341, 227.5942493430514;
  -2.076898353043841, -48.69608225337242, 213.2758867681457;
  -0.01183491006360501, 0.0006874709554789077, 0.9823495439227466]';
tag.up=[185.3820483300565, 265.7469249520527;
  277.848374532029, 267.9847545720849;
  278.9738744399169, 167.2904438823954;
  186.6712715364914, 167.5195858573061]';
tag.uc=[231.77, 217.164];
tags{3}=tag;

