% AprilTagFinder log 13
% @ Fri Mar 16 13:46:22 2018

K=[1664.010615128407, 0, 667.9657771371558;
  0, 1668.819944196452, 457.9230104705811;
  0, 0, 1];
distCoeffs=[-0.2237256636237109;
  0.2343996528647796;
  0;
  0;
  0];
tags={};

tag.id=1;
tag.hammingDistance=0;
tag.familyName='Tag36h11';
tag.H=[19.28069088203961, -13.6520909486927, 960.0301070517572;
  -5.61168386867059, -4.997167130424161, 273.1944752393274;
  0.01981158092333473, 0.002622641362971242, 0.9992140808153516];
tag.p=[977.0896674258462, 290.549936877085;
  976.9381524618445, 268.1809804149552;
  945.1968001644278, 257.0215439530804;
  944.0667924613746, 278.8207556760279]';
tag.c=[960.7852065779332;
  273.4093528950299];
tag.uH=[18.98810274211685, -13.52722490928888, 962.9551834775783;
  -5.938256408986812, -4.8270725539872, 271.4836309412083;
  0.01935000855771577, 0.003080791849074011, 0.9993616105923048]';
tag.up=[980.1122460583142, 288.9133817877267;
  980.1467417172066, 266.2105640038204;
  947.7694261376312, 255.1572348105689;
  946.4386019121873, 277.2822013172736]';
tag.uc=[963.562, 271.66];
tags{1}=tag;

tag.id=2;
tag.hammingDistance=0;
tag.familyName='Tag36h11';
tag.H=[-14.45207742539428, -6.493573871208701, 502.8625542794093;
  7.262615831993777, 9.071001797894768, 331.0242914910747;
  0.002700169814453886, -0.01216231794795007, 0.999192795701176];
tag.p=[519.3135757453534, 311.9904143480478;
  488.0444476703901, 324.6528181389803;
  486.9172275983824, 350.9620622283602;
  518.9528898112211, 338.1310874740218]';
tag.c=[503.2687950142088;
  331.2917115848308];
tag.uH=[-14.64184960965571, -6.335678446754149, 502.3656160515606;
  7.193759048879552, 9.229297147204116, 330.6350027807632;
  0.002534807569071708, -0.01194166894087202, 0.9993489886682957]';
tag.up=[518.7970720372418, 311.4833601212962;
  487.322391641699, 324.1179813516853;
  486.2754217240575, 350.5828923036074;
  518.5160377762912, 337.7799007661584]';
tag.uc=[502.699, 330.854];
tags{2}=tag;

tag.id=16;
tag.hammingDistance=0;
tag.familyName='Tag36h11';
tag.H=[3.460152118989519, -14.49175855902994, 494.2162804525793;
  -7.713337960569963, 12.23191396564909, 446.5625339755161;
  0.01709048133618049, 0.003553291639191003, 0.9991161885150891];
tag.p=[516.3639555581431, 451.7694632470646;
  505.7685108747408, 421.28658357169;
  473.8219701294468, 442.3404791469791;
  483.2330745132487, 473.3337322134182]';
tag.c=[494.6534608623403;
  446.9575602004891];
tag.uH=[3.356684583080684, -14.83111143753106, 493.8749554766106;
  -7.805913803759712, 12.05664262010913, 446.612373849183;
  0.01697975025297267, 0.003108378805196601, 0.999289808734915]';
tag.up=[516.0828772165645, 451.7580542228827;
  505.4076561655724, 421.2050752486571;
  473.2301422585431, 442.2929773673515;
  482.7226765425645, 473.376310495404]';
tag.uc=[494.233, 446.931];
tags{3}=tag;

tag.id=0;
tag.hammingDistance=0;
tag.familyName='Tag36h11';
tag.H=[5.121370490420877, -30.65718444074297, 911.9063628012315;
  -21.56548408967205, -9.942013009249862, 639.5398211058769;
  0.002337851544448416, -0.01025539253824603, 0.9994740653963796];
tag.p=[930.5638153078562, 666.1235947849386;
  936.3852669247686, 620.4294360111804;
  893.9183264261735, 613.2099472325066;
  887.7746825638086, 659.8195831990167]';
tag.c=[912.386218285294;
  639.876354222601];
tag.uH=[5.637248795752947, -30.18067522458218, 913.8169692295014;
  -21.3993106126695, -9.530773145886052, 640.9557779662458;
  0.003017094758901491, -0.00929419060625088, 0.9995763027898067]';
tag.up=[932.9000121592139, 667.9758460542716;
  938.4852818038278, 621.7008262215113;
  895.2728329400263, 614.1408381121277;
  889.3313796905102, 661.2494243332839]';
tag.uc=[914.19, 641.219];
tags{4}=tag;

tag.id=6;
tag.hammingDistance=0;
tag.familyName='Tag36h11';
tag.H=[16.8522870146295, 30.60493224439141, 1038.139089063743;
  32.20123667211128, 14.90113589019795, 714.3023449071634;
  0.02061996613623139, 0.0169235528756275, 0.9994463830107709];
tag.p=[1029.918827443935, 693.6251021970228;
  1021.177092275963, 729.3103717719968;
  1046.87259365335, 734.2450644739806;
  1056.381387144228, 699.977168264567]';
tag.c=[1038.714138857967;
  714.6980138698099];
tag.uH=[16.56528858112997, 30.36791070824372, 1044.143629002248;
  32.33452051080454, 14.64133646654674, 718.4593606848463;
  0.02015317801125155, 0.01610885871963666, 0.999569137052065]';
tag.up=[1035.194655141906, 697.0606959099262;
  1026.636435564145, 733.5050187323757;
  1053.334546887301, 738.9575164876353;
  1062.707194212067, 703.9193061774715]';
tag.uc=[1044.58, 718.763];
tags{5}=tag;

tag.id=3;
tag.hammingDistance=0;
tag.familyName='Tag36h11';
tag.H=[0.1493752042921246, -14.43570259022129, 559.5294336674734;
  -27.23932352619005, -1.9546742519296, 764.3642357315255;
  -0.009595894352295123, 0.008682844872829379, 0.9993942904190021];
tag.p=[573.6394587603899, 793.314416337475;
  585.1650305240512, 753.3053426356465;
  546.0724587759798, 736.2884827577093;
  535.4807880322064, 775.9357495028841]';
tag.c=[559.8685514131638;
  764.8274990755261];
tag.uH=[0.9474745086403524, -14.50277667841284, 558.6832961507394;
  -26.88851751478565, -1.899130421093709, 767.0348600030862;
  -0.008468873271213548, 0.008855849819602751, 0.99951030871919]';
tag.up=[572.7366815130702, 796.524376562508;
  584.5477071833814, 755.507574083136;
  545.1799753542654, 738.3266303160347;
  534.2398843267872, 778.9143751487154]';
tag.uc=[558.963, 767.397];
tags{6}=tag;

tag.id=11;
tag.hammingDistance=0;
tag.familyName='Tag36h11';
tag.H=[-5.278159395234798, 3.05242633180689, 470.2120619661806;
  -1.678643798053977, 26.39156813610385, 871.1613920376379;
  0.01206901538197814, 0.02076327002612357, 0.9994533790805424];
tag.p=[488.7517954265787, 875.6776292597899;
  466.1894751682299, 850.9547470310514;
  453.3496347007547, 867.8550397379302;
  474.675168283841, 891.964206323143]';
tag.c=[470.4692302894179;
  871.637847519283];
tag.uH=[-5.202498637399215, 2.380742603529997, 467.0425000107219;
  -1.57721181700461, 26.29020067568608, 877.9987107129818;
  0.01251984560349979, 0.02000212484708695, 0.9995601574705825]';
tag.up=[485.8795726329779, 882.3728900132514;
  463.1264249446602, 856.9211362293574;
  449.7903571721419, 874.653511854082;
  471.3048290364816, 899.5324274903849]';
tag.uc=[467.252, 878.378];
tags{7}=tag;

tag.id=10;
tag.hammingDistance=0;
tag.familyName='Tag36h11';
tag.H=[6.653425861335456, 18.41128706631113, 588.3132532977702;
  31.45117187533531, 8.892365585991916, 951.0728772977819;
  0.0191699894605048, 0.000793768786826397, 0.9995016292341039];
tag.p=[575.0145625331617, 929.7540879343428;
  566.4288619160239, 956.530966535262;
  601.6662985888638, 972.4865865317702;
  611.6150996264702, 946.3765415787346]';
tag.c=[588.6065976186369;
  951.5471005550718];
tag.uH=[5.850239404103783, 18.50292495846154, 586.8491599441563;
  31.38733833840747, 8.874054575718432, 960.6497767920388;
  0.0181384041321713, 0.0004116459426961926, 0.9996037133215497]';
tag.up=[573.357471405893, 938.1656734673113;
  564.4152758774975, 966.4188976078531;
  600.3030174104333, 983.06728571237;
  610.5675733748781, 955.4566080326226]';
tag.uc=[587.084, 961.017];
tags{8}=tag;

tag.id=4;
tag.hammingDistance=0;
tag.familyName='Tag36h11';
tag.H=[-13.96063711005675, -19.18343436467236, 718.0776999469417;
  -31.0196123256333, -0.5365022742326905, 1014.320823530091;
  -0.01785278826964403, -0.0002285798595057315, 0.999624207097925];
tag.p=[738.1523592951282, 1027.681250440823;
  736.5585521059871, 1001.871399993238;
  697.813280561259, 1001.244846289881;
  700.7677690373121, 1027.088288026151]';
tag.c=[718.3476498949946;
  1014.702141392547];
tag.uH=[-13.31458967538207, -19.48628868421076, 719.3242813537718;
  -31.05469810457044, -0.4104787268217298, 1027.557164388111;
  -0.01681768042040336, -1.10069156688669e-05, 0.9997037737751455]';
tag.up=[739.8918471326202, 1041.802005409463;
  738.1211563750975, 1014.263026896072;
  698.4837982919366, 1013.450454216437;
  701.5705034387186, 1041.01697106987]';
