% AprilTagFinder log 53
% @ Fri Mar 16 13:46:35 2018

K=[1664.010615128407, 0, 667.9657771371558;
  0, 1668.819944196452, 457.9230104705811;
  0, 0, 1];
distCoeffs=[-0.2237256636237109;
  0.2343996528647796;
  0;
  0;
  0];
tags={};

tag.id=1;
tag.hammingDistance=0;
tag.familyName='Tag36h11';
tag.H=[16.42787762627236, -14.47532455500304, 960.0868928275478;
  -6.427972218398331, -5.208789951428208, 273.2060574855295;
  0.01695030673369835, 0.00175261414633077, 0.9992672465059167];
tag.p=[977.1254314648943, 290.4886627132215;
  976.8598763941092, 268.1086992140484;
  945.0566202438391, 256.9518279571875;
  944.2256260711226, 278.8677270419989]';
tag.c=[960.790915728131;
  273.40639697822];
tag.uH=[16.13001128583383, -14.35664344270688, 963.0013079958223;
  -6.747727201893332, -5.037968480728886, 271.4919199130086;
  0.01649365007991814, 0.002206567760678035, 0.9994033287402395]';
tag.up=[980.1493775732829, 288.8509572842502;
  980.0671500045357, 266.1378411340825;
  947.6268727889125, 255.0876498142;
  946.6003286906096, 277.3285853526379]';
tag.uc=[963.568, 271.657];
tags{1}=tag;

tag.id=2;
tag.hammingDistance=0;
tag.familyName='Tag36h11';
tag.H=[-13.62639538932514, -6.374132242821586, 502.8377202303344;
  7.768735388357187, 9.141157016050542, 331.0420242993886;
  0.004320432011583365, -0.01195477505224644, 0.9991907674177418];
tag.p=[519.2940088914094, 312.0026791464878;
  488.0374818435874, 324.6485957739768;
  486.9487814589255, 350.9148931412437;
  518.9560568083521, 338.1922713761817]';
tag.c=[503.2449624508068;
  331.3101312524303];
tag.uH=[-13.81782228317856, -6.215539625906978, 502.3409819079212;
  7.698557403114901, 9.299879965334338, 330.6529757948482;
  0.004153682955552236, -0.01173275268640141, 0.9993475627192717]';
tag.up=[518.7774104083204, 311.4956412420938;
  487.3153459350154, 324.1137035804543;
  486.3071075058316, 350.5355678662739;
  518.5193988699333, 337.8414125356782]';
tag.uc=[502.675, 330.872];
tags{2}=tag;

tag.id=16;
tag.hammingDistance=0;
tag.familyName='Tag36h11';
tag.H=[2.947497545493612, -14.08320373182639, 494.2106489127974;
  -8.18231416722074, 12.59940982620958, 446.5987181940739;
  0.01604298854070859, 0.004404705601244515, 0.9991301465397314];
tag.p=[516.353750760554, 451.8131713220537;
  505.7947352526014, 421.2804652199598;
  473.7989817466837, 442.355449341186;
  483.2241816107134, 473.3005500252889]';
tag.c=[494.6409140234511;
  446.9875318453464];
tag.uH=[2.844397293160607, -14.42322043053323, 493.8679634797184;
  -8.274940067523728, 12.42383624131695, 446.6474805029948;
  0.01593200469044102, 0.003959307186571015, 0.9993011889369142]';
tag.up=[516.0726223273717, 451.8018420789331;
  505.434043671978, 421.1989669610171;
  473.2069524938124, 442.307982669215;
  482.7137255234002, 473.3430394205507]';
tag.uc=[494.22, 446.961];
tags{3}=tag;

tag.id=0;
tag.hammingDistance=0;
tag.familyName='Tag36h11';
tag.H=[5.479401002488316, -30.78055118267244, 911.9054610603848;
  -21.32292416982165, -10.00095386012411, 639.5368246097015;
  0.002713271369480709, -0.01038155809073974, 0.9994718401141692];
tag.p=[930.5622785435031, 666.1046310880126;
  936.398008877861, 620.4182629910782;
  893.931371638236, 613.2393300055135;
  887.7391701320047, 659.8478957735363]';
tag.c=[912.3873474576515;
  639.8747808008753];
tag.uH=[5.994792964923028, -30.3051042131733, 913.8163971820334;
  -21.15713042060242, -9.5902500366432, 640.9530102566102;
  0.003390938996200278, -0.009421275589071878, 0.9995744192209772]';
tag.up=[932.8982848238029, 667.9565734048404;
  938.4981912812068, 621.6896068522746;
  895.2862232900781, 614.1705805020528;
  889.2955425368384, 661.2778701441921]';
tag.uc=[914.192, 641.218];
tags{4}=tag;

tag.id=3;
tag.hammingDistance=0;
tag.familyName='Tag36h11';
tag.H=[0.2714782228800603, -14.78702526968529, 559.5511820620799;
  -27.09441275601709, -2.450723286382082, 764.3803162994437;
  -0.009392428536272084, 0.008046159855946897, 0.9994014071628204];
tag.p=[573.6378339577207, 793.3322969478277;
  585.1644019210886, 753.3244769450076;
  546.0977194546392, 736.2671178411379;
  535.4752772802813, 775.9568951046148]';
tag.c=[559.8863260064621;
  764.8381429334054];
tag.uH=[1.070016894154872, -14.85299457695184, 558.7043103188153;
  -26.74268576294981, -2.396503269009347, 767.0499451346436;
  -0.008264535138667817, 0.008219878516124102, 0.9995159017553433]';
tag.up=[572.7349517041498, 796.5427463887436;
  584.5470002802225, 755.5271136722315;
  545.2055928665353, 738.304716401002;
  534.2341694318416, 778.9360849387194]';
tag.uc=[558.981, 767.408];
tags{5}=tag;

tag.id=6;
tag.hammingDistance=0;
tag.familyName='Tag36h11';
tag.H=[16.90385906247182, 39.6005228545071, 1092.624872876427;
  31.42716206411014, 22.83648418242689, 784.6802130811266;
  0.02035661939414497, 0.02684806989973769, 0.9993060127707413];
tag.p=[1088.246035806116, 767.1626420676253;
  1077.67175235958, 799.0121429654785;
  1098.0578149142, 801.6581748017875;
  1108.892771548021, 771.616119085617]';
tag.c=[1093.383667178129;
  785.2251493068383];
tag.uH=[16.75122034033609, 39.68532772834971, 1102.144652106902;
  31.76294628932195, 22.80083720289965, 791.9959658903455;
  0.02000321871215776, 0.02622230351098659, 0.999458938228539]';
tag.up=[1097.010536349398, 773.6115077072348;
  1086.560916789329, 806.4125656278563;
  1107.963483136261, 809.5749139995629;
  1118.731636629266, 778.61588143109]';
tag.uc=[1102.73, 792.418];
tags{6}=tag;

tag.id=11;
tag.hammingDistance=0;
tag.familyName='Tag36h11';
tag.H=[-5.149552488824045, 2.456117205713028, 470.2192654448026;
  -1.410225690027781, 25.27984569919219, 871.1729229033737;
  0.01235851347858125, 0.01949396526595018, 0.9994753942063886];
tag.p=[488.7365658368964, 875.6544407485243;
  466.1845966036152, 851.0015725614794;
  453.3241488218176, 867.8545071719711;
  474.6868534558814, 891.9663421728735]';
tag.c=[470.4660746732738;
  871.630185148389];
tag.uH=[-5.076065893455019, 1.788762549622928, 467.0472031313513;
  -1.307772860492613, 25.16989212986842, 878.0054874892345;
  0.01280732935209597, 0.0187330943535357, 0.9995769068863543]';
tag.up=[485.8642831481168, 882.3489005803896;
  463.120889442624, 856.9698080645413;
  449.7642814289578, 874.6532897747084;
  471.3167560268424, 899.5345150931325]';
tag.uc=[467.249, 878.37];
tags{7}=tag;

tag.id=10;
tag.hammingDistance=0;
tag.familyName='Tag36h11';
tag.H=[7.124099132311866, 18.16225930162222, 588.3056559843192;
  32.21450065552721, 8.533078404460097, 951.0702656378191;
  0.01997953721719748, 0.0003954081670829408, 0.9994863166081941];
tag.p=[575.0309046524471, 929.7437588125503;
  566.4647603847447, 956.5106043863404;
  601.6426324689455, 972.5027135162674;
  611.6363691841498, 946.4096061442713]';
tag.c=[588.6080141454695;
  951.5590657262049];
tag.uH=[6.319921974078404, 18.25299912529786, 586.8436636540746;
  32.15859610906515, 8.510280514291036, 960.6511215896954;
  0.0189485317078665, 1.128024214420286e-05, 0.9995920116983171]';
tag.up=[573.3741917408831, 938.1547191423292;
  564.4520876976029, 966.3971421229012;
  600.2787711775611, 983.0844695808664;
  610.5891161294587, 955.4913468918694]';
tag.uc=[587.086, 961.03];
tags{8}=tag;

tag.id=4;
tag.hammingDistance=0;
tag.familyName='Tag36h11';
tag.H=[-13.43962235409189, -20.56323622953338, 718.1252310417962;
  -30.29432178263188, -2.479577089212044, 1014.308016521267;
  -0.01713464267624501, -0.002135620593575502, 0.9996343200879401];
tag.p=[738.1732322243682, 1027.654534581141;
  736.5659614138224, 1001.886966500531;
  697.8248209941172, 1001.193496255974;
  700.7473415424193, 1027.092958511761]';
tag.c=[718.3879310772575;
  1014.679064272259];
tag.uH=[-12.7923369393834, -20.86817610555537, 719.3710606053633;
  -30.31974363323705, -2.378681379351772, 1027.540772934704;
  -0.01609916275887925, -0.001917517893401483, 0.9997116019332584]';
tag.up=[739.9131053170979, 1041.77355581113;
  738.1288205375108, 1014.279630464966;
  698.4954826639519, 1013.395852530815;
  701.5495849709823, 1041.021910922531]';
