% AprilTagFinder log 52
% @ Wed Mar  7 16:05:42 2018

K=[1664.010615128407, 0, 667.9657771371558;
  0, 1668.819944196452, 457.9230104705811;
  0, 0, 1];
distCoeffs=[-0.2237256636237109;
  0.2343996528647796;
  0;
  0;
  0];
tags={};

tag.id=25;
tag.hammingDistance=0;
tag.familyName='Tag36h11';
tag.H=[21.87310678437187, 10.68466957716795, 585.451617961868;
  -1.228954017471134, -27.79172209674829, 80.01668046537733;
  -0.01539205421400707, 0.01567747789264239, 0.9697948705787883];
tag.p=[570.2820569393267, 112.4665230733189;
  635.5853312111059, 113.5363499595337;
  637.0703517861696, 52.56884883966672;
  573.767214833346, 53.40774658652761]';
tag.c=[603.6860327096406;
  82.50887161077905];
tag.uH=[22.40457674088034, 8.7389136802939, 585.6096575721192;
  -1.034523316747339, -29.09832966651729, 75.98183969897083;
  -0.01523729051476595, 0.0126199952523318, 0.9712531657410876]';
tag.up=[569.290751662914, 108.9607921487147;
  635.2798684682797, 110.2875591876987;
  636.6712485783006, 47.33253490671154;
  572.498581186916, 47.95987496612338]';
tag.uc=[602.954, 78.2347];
tags{1}=tag;

tag.id=24;
tag.hammingDistance=0;
tag.familyName='Tag36h11';
tag.H=[24.43912469917757, -2.129495353647715, 507.5796279713615;
  -0.8893593237196511, -28.75767429064063, 81.170010642226;
  -0.009519475811630018, -0.007126557389809834, 0.9717972570862318];
tag.p=[490.9436923635761, 112.1126981643374;
  551.0066612246701, 112.4797169356324;
  554.7700134453321, 53.942219555885;
  493.7547308642105, 54.71385055541906]';
tag.c=[522.3102085030085;
  83.52566345535944];
tag.uH=[25.17825952481432, -3.80031140330969, 506.335475236982;
  -0.5705880885813475, -29.92346340187226, 76.65448505662469;
  -0.009097613749482921, -0.009967156800672476, 0.9728819523891071]';
tag.up=[488.8471881150666, 108.0172047130217;
  549.7824627969992, 108.8639993107541;
  553.215451702602, 48.39419318218074;
  491.1402560404085, 48.66268319331675]';
tag.uc=[520.47, 78.7958];
tags{2}=tag;

