% AprilTagFinder optimization log 63
% @ Wed Mar  7 16:05:43 2018

K=[1664.010615128407, 0, 667.9657771371558;
  0, 1668.819944196452, 457.9230104705811;
  0, 0, 1];
distCoeffs=[-0.2237256636237109;
  0.2343996528647796;
  0;
  0;
  0];
% note U are distorted image points (raw image points)
