% AprilTagFinder log 98
% @ Wed Mar  7 16:05:47 2018

K=[1664.010615128407, 0, 667.9657771371558;
  0, 1668.819944196452, 457.9230104705811;
  0, 0, 1];
distCoeffs=[-0.2237256636237109;
  0.2343996528647796;
  0;
  0;
  0];
tags={};

tag.id=1;
tag.hammingDistance=0;
tag.familyName='Tag36h11';
tag.H=[39.87611711085197, 0.2923606076510958, 348.9088970322735;
  -4.40084001317149, -48.59821617253611, 58.79940361315722;
  -0.01934194702846067, -0.002512637746379014, 0.8891278378738082];
tag.p=[338.9093045463148, 122.7229604209211;
  445.3666271370106, 118.0751501883236;
  448.6214389300175, 6.688027570000173;
  341.4346269027739, 16.11779044917676]';
tag.c=[392.4170205564898;
  66.13155173924774];
tag.uH=[41.52067754581008, -2.12993148102475, 342.4685153737393;
  -3.557197671343455, -50.48707987912718, 52.30111591669875;
  -0.01805317405365193, -0.006921100414633148, 0.8839739492566639]';
tag.up=[333.2852151567993, 116.993867691013;
  442.4900805391198, 113.6834523480815;
  444.3817271977381, -2.03390373971888;
  333.9544736562234, 5.996946699617354]';
tag.uc=[387.534, 59.1883];
tags{1}=tag;

tag.id=0;
tag.hammingDistance=0;
tag.familyName='Tag36h11';
tag.H=[37.35757680789834, -0.02082680435508981, 239.1317831877154;
  -4.467042282521862, -46.89153920204237, 68.16238626220003;
  -0.02133338964481761, -0.004485871090893549, 0.9100747541478332];
tag.p=[215.6173989522543, 127.7078022148016;
  309.5630941169371, 123.8059911016831;
  312.6568455056302, 19.00333659539294;
  217.6594365214669, 27.76704163948909]';
tag.c=[262.7605942235276;
  74.89756852559353];
tag.uH=[39.58417760365994, -1.725811944139617, 228.5932048170905;
  -3.355423063599706, -48.71984438867246, 59.46235901950025;
  -0.01965474899747199, -0.007663759527474779, 0.9031944867600992]';
tag.up=[204.8649368325902, 119.8584836600307;
  302.9253232466453, 117.6180011018692;
  304.0937852501362, 8.4252303894595;
  204.7117667299016, 15.39875600602267]';
tag.uc=[253.213, 65.8724];
tags{2}=tag;

tag.id=24;
tag.hammingDistance=0;
tag.familyName='Tag36h11';
tag.H=[41.45412111528563, 0.9404921654655243, 253.5784114806448;
  -3.423275304331142, -50.24137126259788, 201.4270341433323;
  -0.01707163722168152, -0.00193956637515149, 0.9777284379135964];
tag.p=[211.8745853028099, 255.9260915154363;
  305.5195827577592, 257.8911978007737;
  308.7177471805055, 154.1250978780069;
  214.5968951840956, 155.7207047928007]';
tag.c=[259.3546445491176;
  206.0153170681661];
tag.uH=[44.30675636371536, -0.155791550326536, 246.9194250215711;
  -2.122074936244727, -52.03489086594008, 197.4240247492102;
  -0.01442486251283761, -0.003643287698825032, 0.979956264476065]';
tag.up=[203.1238732321222, 252.0505137612741;
  300.6496671731393, 255.2035215137915;
  302.5556031879891, 148.9140839658436;
  204.3496749385183, 148.8902104464284]';
tag.uc=[252.068, 201.523];
tags{3}=tag;

tag.id=25;
tag.hammingDistance=0;
tag.familyName='Tag36h11';
tag.H=[40.92791764703472, 3.935184298395696, 380.2574934219484;
  -5.752090313426688, -51.68012532355264, 201.5139598137846;
  -0.02816636512576317, 0.005769612185909876, 0.9790706304269944];
tag.p=[334.9029604428561, 258.5667588895498;
  441.4717261664898, 261.8060760001769;
  444.3735795149199, 150.6069597669576;
  338.8573751158233, 153.5882625198001]';
tag.c=[388.3861711346705;
  205.8216777740538];
tag.uH=[43.1601692858524, 2.425600487740631, 378.2292534525429;
  -4.709845701153565, -53.47213689526843, 199.2957622092491;
  -0.02617216775515861, 0.00325323899094648, 0.9819818084106908]';
tag.up=[330.9530418030404, 256.202517267206;
  439.8553003837571, 260.4064433477964;
  441.8341954297335, 147.1167060972048;
  333.7112339734632, 148.8294974507216]';
tag.uc=[385.265, 203.008];
tags{4}=tag;

