% AprilTagFinder log 15
% @ Fri Mar 16 13:46:23 2018

K=[1664.010615128407, 0, 667.9657771371558;
  0, 1668.819944196452, 457.9230104705811;
  0, 0, 1];
distCoeffs=[-0.2237256636237109;
  0.2343996528647796;
  0;
  0;
  0];
tags={};

tag.id=1;
tag.hammingDistance=0;
tag.familyName='Tag36h11';
tag.H=[19.47879442541365, -14.10961092795622, 960.0160601128107;
  -5.552846060332517, -5.147727316092956, 273.1745978919362;
  0.02004223706625766, 0.002155567547462394, 0.9992092971669625];
tag.p=[977.1091577649272, 290.5545875683666;
  976.9033581992021, 268.1846040905317;
  945.1522727101192, 256.97297782434;
  944.0602189921092, 278.7867200125971]';
tag.c=[960.7757482188409;
  273.390768747311];
tag.uH=[19.18846608289617, -13.9882462534991, 962.9422292435146;
  -5.879109343937539, -4.977715507256149, 271.4638746349867;
  0.01958286032973061, 0.002611447174333289, 0.9993579967923142]';
tag.up=[980.1321784145025, 288.917941823299;
  980.1110408475986, 266.2145602008002;
  947.7243717743775, 255.1083004349755;
  946.4321547122211, 277.2477547105399]';
tag.uc=[963.552, 271.641];
tags{1}=tag;

tag.id=2;
tag.hammingDistance=0;
tag.familyName='Tag36h11';
tag.H=[-14.62528689746449, -6.575050884986978, 502.8747666662809;
  7.127760793659766, 9.014097886158792, 331.014911003707;
  0.002320764062873993, -0.01232344012918363, 0.9991927921683699];
tag.p=[519.2998987257276, 312.004029184431;
  488.071092720204, 324.6365787525474;
  486.9381740103561, 350.9505038844399;
  518.9434111412803, 338.1257686636544]';
tag.c=[503.2810190463659;
  331.282324690678];
tag.uH=[-14.81468280389872, -6.417089006892002, 502.3779006163365;
  7.059099999178708, 9.172431623274143, 330.6256065686511;
  0.00215548336214515, -0.01210281579336724, 0.9993489736880508]';
tag.up=[518.7833461226442, 311.497020915768;
  487.3492192772694, 324.1017328471633;
  486.296516387982, 350.5713367129705;
  518.5064825696288, 337.7745271744947]';
tag.uc=[502.711, 330.844];
tags{2}=tag;

tag.id=16;
tag.hammingDistance=0;
tag.familyName='Tag36h11';
tag.H=[3.185603715393181, -14.37700987188345, 494.2118321233845;
  -7.932679610431483, 12.31868290591964, 446.5801710064884;
  0.01657530187964369, 0.003806634321081304, 0.9991245137160846];
tag.p=[516.3801492757102, 451.7982336413282;
  505.7593579847988, 421.3179971754583;
  473.7786857614369, 442.3377354196973;
  483.2426556733627, 473.2891636841234]';
tag.c=[494.6448869373069;
  446.971488413896];
tag.uH=[3.081411056206105, -14.717086750401, 493.8696723048727;
  -8.025920334846255, 12.14281746275921, 446.6293367066869;
  0.01646294793159983, 0.003360611276440944, 0.9992965359312685]';
tag.up=[516.0991649732414, 451.7868805455934;
  505.3984740486568, 421.2365567407979;
  473.1864638082834, 442.2902042374458;
  482.7323566348848, 473.3316128001184]';
tag.uc=[494.224, 446.945];
tags{3}=tag;

tag.id=0;
tag.hammingDistance=0;
tag.familyName='Tag36h11';
tag.H=[5.158786590664863, -30.58524319548155, 911.9108899935595;
  -21.55369096318704, -9.877437340309546, 639.5495078048724;
  0.002375523764001918, -0.01016186161814346, 0.9994744417165183];
tag.p=[930.5806059458721, 666.1439120009927;
  936.4069612669817, 620.4208660110667;
  893.9145583536879, 613.2153618994793;
  887.763666977531, 659.8452831900918]';
tag.c=[912.3904043283235;
  639.8858050902199];
tag.uH=[5.674831815568504, -30.10849211918839, 913.8214913130591;
  -21.38751727928157, -9.465912703411615, 640.9655159072504;
  0.003054918343821478, -0.009200354220431623, 0.9995765043717727]';
tag.up=[932.9173042569806, 667.9966231793778;
  938.5073323152931, 621.6923020326901;
  895.2690417302026, 614.1462848607709;
  889.320380593821, 661.2753931497597]';
tag.uc=[914.195, 641.229];
tags{4}=tag;

tag.id=6;
tag.hammingDistance=0;
tag.familyName='Tag36h11';
tag.H=[19.75667910467306, 30.12327117306942, 1041.707395129382;
  34.36473156986924, 15.13229755397073, 721.0241219124182;
  0.02364255215787543, 0.0166724726514018, 0.9993895086920381];
tag.p=[1034.150591553932, 700.1824196906349;
  1024.823348587747, 735.578579077736;
  1049.901496275185, 741.0962693809236;
  1060.110227851111, 707.1523060289637]';
tag.c=[1042.34373692068;
  721.4645697612599];
tag.uH=[19.49356677731445, 29.88511018811717, 1047.955002980314;
  34.52673180192804, 14.87804584262867, 725.4193881252515;
  0.0231875495001147, 0.01585202207823133, 0.9995245209085698]';
tag.up=[1039.658519258812, 703.8263373499078;
  1030.499143864968, 739.9946719144064;
  1056.587380654772, 746.0532911351029;
  1066.683375493663, 711.3299016919188]';
tag.uc=[1048.44, 725.758];
tags{5}=tag;

tag.id=3;
tag.hammingDistance=0;
tag.familyName='Tag36h11';
tag.H=[0.08923346516130248, -14.43700075725685, 559.5330399982416;
  -27.32338314496124, -1.966295416147644, 764.3712031906549;
  -0.00969883728628248, 0.008669739029148006, 0.9993935219058475];
tag.p=[573.6383761463175, 793.3256063547083;
  585.1627696125196, 753.3081791483654;
  546.0784256651119, 736.2857762329415;
  535.4952859104507, 775.9458642640166]';
tag.c=[559.872590459872;
  764.8350588995172];
tag.uH=[0.8875555768334783, -14.50373580750757, 558.6870408069954;
  -26.97279560423649, -1.910501719939893, 767.0421657392214;
  -0.00857159401189545, 0.008843216580188825, 0.9995097876746767]';
tag.up=[572.7355324646081, 796.5358730570879;
  584.5454161732539, 755.5104789831515;
  545.1860141579746, 738.3238395128865;
  534.2544917271, 778.9246477161302]';
tag.uc=[558.968, 767.405];
tags{6}=tag;

tag.id=11;
tag.hammingDistance=0;
tag.familyName='Tag36h11';
tag.H=[-4.931556457444308, 2.332838341880836, 470.219493816087;
  -1.06289580868753, 25.04014651954953, 871.173486905715;
  0.01278262384061945, 0.01922767988866555, 0.9994755659187741];
tag.p=[488.7185415439171, 875.6864657626539;
  466.2043053209201, 851.0014910694824;
  453.3467587491769, 867.8264666117052;
  474.6735261096593, 891.9953618999853]';
tag.c=[470.4662223371463;
  871.6305996984363];
tag.uH=[-4.857431788684406, 1.666587127423781, 467.0472540419737;
  -0.956265847384251, 24.92826268288931, 878.0057362632547;
  0.01323425668204706, 0.01846704317902759, 0.99957671493405]';
tag.up=[485.845528764047, 882.3824671935519;
  463.1410185551733, 856.9694893036308;
  449.7877845017769, 874.6237945245991;
  471.3027662935739, 899.5650064754617]';
tag.uc=[467.249, 878.37];
tags{7}=tag;

tag.id=10;
tag.hammingDistance=0;
tag.familyName='Tag36h11';
tag.H=[6.933976719180488, 19.04600663100154, 588.3291950241976;
  31.90186325722731, 9.914982710305297, 951.0835541539923;
  0.01965520217476198, 0.001859962077295972, 0.9994906201589312];
tag.p=[575.0136246032382, 929.7438935656108;
  566.426004355498, 956.5358889935433;
  601.6706151461915, 972.4728451899241;
  611.6370079060821, 946.4205419291046]';
tag.c=[588.629030786348;
  951.5682638449958];
tag.uH=[6.130548297769404, 19.13610058975013, 586.867164838114;
  31.84301979795693, 9.907072462420215, 960.6641844455086;
  0.01862456537056654, 0.001477681303674992, 0.9995956178011769]';
tag.up=[573.3565808565704, 938.1549719814077;
  564.412321597713, 966.4241143537695;
  600.3074923423649, 983.0527214938204;
  610.5897233483338, 955.5028621746619]';
tag.uc=[587.107, 961.039];
tags{8}=tag;

tag.id=4;
tag.hammingDistance=0;
tag.familyName='Tag36h11';
tag.H=[-14.34940130075505, -20.52963714885584, 718.100874617342;
  -31.61310937176076, -2.460270070762669, 1014.321587528268;
  -0.01842936432089734, -0.002106304607538397, 0.9996115660779855];
tag.p=[738.1090564463602, 1027.689857890163;
  736.5906402620578, 1001.912197539657;
  697.8231597334193, 1001.197364718719;
  700.7543799530438, 1027.10784762993]';
tag.c=[718.3799177462887;
  1014.715737541932];
tag.uH=[-13.70321593938853, -20.83455327791698, 719.3506869280458;
  -31.65594278105054, -2.359780441461896, 1027.562224061574;
  -0.01739390965466562, -0.001888354808591025, 0.9996944722038053]';
tag.up=[739.8474888136847, 1041.810970263827;
  738.1542095580011, 1014.306609003593;
  698.4937926767591, 1013.399964127954;
  701.5568348199916, 1041.037844749239]';
