% AprilTagFinder log 94
% @ Wed Mar  7 16:05:46 2018

K=[1664.010615128407, 0, 667.9657771371558;
  0, 1668.819944196452, 457.9230104705811;
  0, 0, 1];
distCoeffs=[-0.2237256636237109;
  0.2343996528647796;
  0;
  0;
  0];
tags={};

tag.id=1;
tag.hammingDistance=0;
tag.familyName='Tag36h11';
tag.H=[35.9406859375588, -0.7576877159131324, 336.8918048643151;
  -5.498844142465717, -47.28286581666359, 92.92053886460016;
  -0.02550712597586804, -0.004556858996652312, 0.9435070061550554];
tag.p=[309.8991335939813, 149.657549528031;
  404.9508964093974, 146.0122232255714;
  407.3322522123778, 43.94234558112618;
  311.2563299308028, 53.02102914753296]';
tag.c=[357.0633844439629;
  98.48420653839814];
tag.uH=[38.01357805626519, -2.753698344069895, 332.137473181484;
  -4.590613338265177, -49.35964944150336, 87.08848614312828;
  -0.02413438598198507, -0.008212295549587887, 0.9448172608071209]';
tag.up=[303.7078134254282, 144.3273401940476;
  401.5216305957112, 141.9454381194981;
  402.526547240138, 36.30914129459165;
  303.3473481840579, 44.04351984806016]';
tag.uc=[351.632, 92.205];
tags{1}=tag;

tag.id=0;
tag.hammingDistance=0;
tag.familyName='Tag36h11';
tag.H=[37.66502104600116, 1.131750576849354, 229.5004162493078;
  -3.580367547467208, -44.47984157609277, 100.4516120422775;
  -0.01258025036111302, 0.000531354690641334, 0.9511726237769635];
tag.p=[197.9852409608301, 154.1824161601303;
  283.5995541953014, 150.6843193025908;
  285.6888606287401, 55.7875403961432;
  200.1143853763392, 61.75786789128328]';
tag.c=[241.2815618452055;
  105.6081825015098];
tag.uH=[40.11391287153675, -0.3188783074092, 219.8999638613299;
  -2.551953254854732, -46.49763060145937, 92.58812856127415;
  -0.01085165999310716, -0.001930757130065645, 0.9508418103578763]';
tag.up=[186.8275363164217, 146.9713774490259;
  276.4207379993125, 144.9460156730211;
  276.7650037610169, 46.40010625767661;
  187.0264925310004, 50.6753595853404]';
tag.uc=[231.364, 97.4194];
tags{2}=tag;

tag.id=25;
tag.hammingDistance=0;
tag.familyName='Tag36h11';
tag.H=[37.88596721140114, 3.039745836123725, 349.0648324341444;
  -5.663893731042966, -47.18693053479006, 222.0073343721058;
  -0.02518431958768197, 0.005837290451788241, 0.9839838006978571];
tag.p=[307.1161676928409, 273.9456921536859;
  402.860740512888, 276.5381184680411;
  404.2874551114063, 175.3577254082596;
  309.5733359988791, 177.8160940415579]';
tag.c=[354.7465234555507;
  225.6209240585614];
tag.uH=[40.11130485703909, 1.821784022564271, 346.0942162164048;
  -4.602137157759444, -48.73737111710519, 219.7331376716587;
  -0.02305781021102527, 0.00387112483573291, 0.9862551863041884]';
tag.up=[302.4672581297204, 271.5754695120769;
  400.6895472310001, 275.0525878120919;
  401.1913826551539, 172.0398849826475;
  303.8075499316949, 173.3097586095412]';
tag.uc=[351, 222.843];
tags{3}=tag;

tag.id=24;
tag.hammingDistance=0;
tag.familyName='Tag36h11';
tag.H=[37.84905554887926, 0.7977055329490169, 234.1034194394927;
  -3.911515971177271, -46.33282256627032, 221.8316070250371;
  -0.0170863893710823, -0.001260918010657541, 0.9819434546912008];
tag.p=[195.3998434941177, 271.9968591918727;
  280.6642399105264, 273.5203341408625;
  283.0544531367108, 178.0696912982611;
  197.4926902197059, 179.8114731232481]';
tag.c=[238.4082487856828;
  225.9107751726887];
tag.uH=[40.58191229436098, -0.1069861857771021, 226.6575331350788;
  -2.64429761280465, -47.90504271604338, 217.9714185344567;
  -0.0144285402181436, -0.002573060446685246, 0.9836876087681442]';
tag.up=[186.0215493082185, 268.307066891142;
  275.0898980775231, 270.8662688868405;
  276.3044831576651, 173.1620635274885;
  186.795930045656, 173.4882795137426]';
tag.uc=[230.497, 221.638];
tags{4}=tag;

