% AprilTagFinder log 93
% @ Wed Mar  7 16:05:46 2018

K=[1664.010615128407, 0, 667.9657771371558;
  0, 1668.819944196452, 457.9230104705811;
  0, 0, 1];
distCoeffs=[-0.2237256636237109;
  0.2343996528647796;
  0;
  0;
  0];
tags={};

tag.id=1;
tag.hammingDistance=0;
tag.familyName='Tag36h11';
tag.H=[38.00450009389178, 0.9052799757627887, 338.6773418622441;
  -4.309950412748838, -46.13616043481183, 101.7510828010942;
  -0.01717431632441037, -7.587718318098677e-05, 0.9525070990517991];
tag.p=[309.1160686210885, 156.9435928107073;
  401.7244848003647, 153.4915155017744;
  403.725564273902, 54.8565550806387;
  311.0317648413402, 61.80335241350634]';
tag.c=[355.5641130647639;
  106.8244876099982];
tag.uH=[40.03886371607341, -1.012110657732852, 334.136427849388;
  -3.446672031520034, -48.19373334263239, 96.18440157677858;
  -0.01575478429219573, -0.003527887103529542, 0.9543180864312535]';
tag.up=[303.0132627762626, 151.8249626274401;
  398.3113612954881, 149.5888064892732;
  398.9882908334084, 47.63041794888869;
  303.2906470599634, 53.21238371087338]';
tag.uc=[350.221, 100.819];
tags{1}=tag;

tag.id=0;
tag.hammingDistance=0;
tag.familyName='Tag36h11';
tag.H=[35.22941778818648, 0.3479480024480791, 231.5788593667621;
  -4.55477380815338, -44.02715131269946, 109.0459900476862;
  -0.02012371478611768, -0.002058237459606034, 0.9577752356141921];
tag.p=[200.0102616770089, 160.8518383469134;
  283.5559882213407, 158.0470631941286;
  285.5473953335142, 64.62644185424378;
  201.5671071852234, 71.29607488242571]';
tag.c=[241.7883139547428;
  113.8534240528346];
tag.uH=[37.74130541963957, -1.02418202629483, 222.2844421197836;
  -3.484619081326635, -45.99214795167071, 101.533186011362;
  -0.01838855777063415, -0.004390699180432057, 0.9582224543351936]';
tag.up=[189.0926091587465, 153.9210089768398;
  276.5001928651513, 152.5428763153457;
  276.8045716767509, 55.6349218127508;
  188.7920848801562, 60.70606242294008]';
tag.uc=[232.066, 106.004];
tags{2}=tag;

tag.id=24;
tag.hammingDistance=0;
tag.familyName='Tag36h11';
tag.H=[37.46146925831449, 0.323173935237332, 235.5240760887824;
  -3.457880862737258, -45.64017217212943, 227.3873105392182;
  -0.01501872469482706, -0.002493779472572025, 0.9832192659809061];
tag.p=[197.5948388906712, 276.2831877847854;
  280.8941657336152, 277.7080241264076;
  283.0141923921978, 184.6204920109919;
  199.233677217159, 185.9965813971864]';
tag.c=[239.5437968292987;
  231.2681600195922];
tag.uH=[40.11645023321123, -0.543781994376149, 228.1788942292197;
  -2.216448115179986, -47.14906927642805, 223.6662619715208;
  -0.01238240241672617, -0.003765238081151139, 0.98487088162337]';
tag.up=[188.3837693252208, 272.7262141144898;
  275.3725962499758, 275.1372606299985;
  276.3648279313978, 179.8996696392739;
  188.742130715809, 179.910100919198]';
tag.uc=[231.76, 227.15];
tags{3}=tag;

tag.id=25;
tag.hammingDistance=0;
tag.familyName='Tag36h11';
tag.H=[36.33159490083287, 2.296693691976871, 347.5706038755072;
  -5.93659399611508, -46.54874117159564, 227.8099057111982;
  -0.02646743929949887, 0.003785951218451783, 0.9851223402741452];
tag.p=[306.5500513000762, 278.1248026576469;
  399.6417573131873, 281.108787708737;
  401.2702615317002, 182.1665925173254;
  308.7878636040094, 184.3630420334002]';
tag.c=[352.8197358500502;
  231.2503700279521];
tag.uH=[38.51791345094583, 1.146843758091859, 344.5594426245723;
  -4.882228801918806, -48.02596529873404, 225.6077399260438;
  -0.02435338642368573, 0.001923306549504227, 0.9872631403659382]';
tag.up=[301.9241627939356, 275.8235014040278;
  397.4423293683395, 279.6594573698278;
  398.1832971851819, 178.9747494575994;
  303.0907727496747, 180.0239779217877]';
tag.uc=[349.083, 228.563];
tags{4}=tag;

