% AprilTagFinder log 10
% @ Wed Mar  7 16:06:15 2018

K=[1664.010615128407, 0, 667.9657771371558;
  0, 1668.819944196452, 457.9230104705811;
  0, 0, 1];
distCoeffs=[-0.2237256636237109;
  0.2343996528647796;
  0;
  0;
  0];
tags={};

tag.id=0;
tag.hammingDistance=0;
tag.familyName='Tag16h5';
tag.H=[12.34652739822129, 30.54014533030404, 453.8549960810432;
  -5.933722799714459, 3.281763406745534, 219.3361892103369;
  -0.0052128290101417, 0.07850331962024129, 0.99546704542932];
tag.p=[445.650370533528, 240.7219609338512;
  477.8293936189396, 230.4584549810579;
  464.7842490546396, 202.7440485896849;
  437.4128661486653, 211.7820928595307]';
tag.c=[455.9216682911958;
  220.3349575633041];
tag.uH=[12.71665188871274, 29.82628834282886, 452.5646822326505;
  -5.814697621735439, 2.655919308596528, 217.6281254168039;
  -0.004855038843138776, 0.07765251710203615, 0.9963722703159053]';
tag.up=[443.9454459915321, 239.0562581129816;
  476.5014953207257, 228.8698595184247;
  463.0721190289348, 200.5937568447235;
  435.3378055836803, 209.5667345308327]';
tag.uc=[454.217, 218.425];
tags{1}=tag;

tag.id=6;
tag.hammingDistance=0;
tag.familyName='Tag16h5';
tag.H=[11.38727729144959, -14.6046600771877, 511.8599452362641;
  -6.669679219062403, -19.23708411099767, 247.7279631064192;
  -0.008108614712604531, -0.01769626605563041, 0.9985655773392886];
tag.p=[502.8232940000862, 267.1247733383552;
  533.502117835688, 258.1902835728335;
  522.8856020226482, 228.0326503304161;
  491.2829650653526, 237.7814024287662]';
tag.c=[512.5952234405397;
  248.0838201598123];
tag.uH=[11.66768110909944, -15.16095878183831, 511.1388419592913;
  -6.567113719073994, -19.64664118448453, 246.6457912000456;
  -0.007816870980215166, -0.01856033506726322, 0.998809347549209]';
tag.up=[501.984329467813, 266.1554712500409;
  532.8800392971405, 257.2662462270249;
  522.0323439818632, 226.6805993135646;
  490.1629237703602, 236.3858637860335]';
tag.uc=[511.751, 246.944];
tags{2}=tag;

tag.id=5;
tag.hammingDistance=0;
tag.familyName='Tag16h5';
tag.H=[15.2315894085973, 10.16697584061514, 468.7670224975922;
  -4.778055031821362, -5.975676107234756, 260.4176298048403;
  3.457360554712492e-05, 0.03309625107484843, 0.9982897819415806];
tag.p=[459.3735093196657, 280.9603111526776;
  490.9012013534698, 271.0398191557912;
  479.111610311195, 242.058280649892;
  449.6065862887143, 251.3401288805039]';
tag.c=[469.5700897447673;
  260.8637637243489];
tag.uH=[15.57263477095684, 9.596511550994828, 467.6841057674368;
  -4.647727991371124, -6.440474448553076, 259.2747144927205;
  0.0004093354104866448, 0.03230320296851629, 0.9986203263379151]';
tag.up=[458.1293850763618, 279.90483778022;
  489.9650716699789, 270.0517790469157;
  477.8758145936901, 240.6457372405713;
  448.0384210087332, 249.8565361767151]';
tag.uc=[468.335, 259.637];
tags{3}=tag;

