% AprilTagFinder log 29
% @ Wed Mar  7 16:07:34 2018

K=[1664.010615128407, 0, 667.9657771371558;
  0, 1668.819944196452, 457.9230104705811;
  0, 0, 1];
distCoeffs=[-0.2237256636237109;
  0.2343996528647796;
  0;
  0;
  0];
tags={};

tag.id=28;
tag.hammingDistance=0;
tag.familyName='Tag16h5';
tag.H=[18.44489571376419, 4.489376835998639, 440.3263404749364;
  2.431104127895842, -18.42826195882046, 74.23559876453483;
  -0.0012870022394624, 0.006612285068382059, 0.983943394948136];
tag.p=[426.5116931274684, 92.20425769563846;
  465.431690839244, 97.42896259181879;
  468.2859403429945, 58.87019597595607;
  429.8774687003545, 53.81522053115565]';
tag.c=[447.5118616941843;
  75.44702179585018];
tag.uH=[19.15749549404471, 3.449135975140468, 436.9813368019454;
  2.811148819374184, -19.27314452545982, 68.52094761594495;
  -0.0007225683767698535, 0.004777376312681328, 0.9838445650722337]';
tag.up=[422.9009423632538, 86.73522919903712;
  462.7245422137181, 92.61046026431546;
  465.1964442664241, 52.69595162300004;
  425.8247249597634, 46.93649000064812]';
tag.uc=[444.169, 69.6481];
tags{1}=tag;

