% AprilTagFinder log 20
% @ Wed Mar  7 16:07:18 2018

K=[1664.010615128407, 0, 667.9657771371558;
  0, 1668.819944196452, 457.9230104705811;
  0, 0, 1];
distCoeffs=[-0.2237256636237109;
  0.2343996528647796;
  0;
  0;
  0];
tags={};

tag.id=15;
tag.hammingDistance=0;
tag.familyName='Tag16h5';
tag.H=[9.636444997592692, 29.65709334194491, -67.59193872441452;
  14.32829279824376, 104.3395268713409, -300.6930921851193;
  0.04257885328479035, 0.3430902088499746, -0.933638585670066];
tag.p=[81.01634007943233, 317.8643833017038;
  70.99022909734617, 316.5776808830569;
  51.64228879428529, 332.1813799810863;
  75.1370153076212, 332.7638555004518]';
tag.c=[72.39625671201694;
  322.0658366099061];
tag.uH=[9.56955837463609, 24.51481621016265, -52.6272803950238;
  14.67058763842002, 103.9939951671121, -300.1379274996723;
  0.04385539584089448, 0.3467045422801769, -0.942992876502926]';
tag.up=[65.02300981500218, 314.0480343297663;
  54.23820257257307, 312.6113195837075;
  33.56582920868289, 328.4934408634608;
  58.86446333508752, 329.3283628502563]';
tag.uc=[55.8095, 318.282];
tags{1}=tag;

