% AprilTagFinder log 45
% @ Fri Mar 16 13:46:32 2018

K=[1664.010615128407, 0, 667.9657771371558;
  0, 1668.819944196452, 457.9230104705811;
  0, 0, 1];
distCoeffs=[-0.2237256636237109;
  0.2343996528647796;
  0;
  0;
  0];
tags={};

tag.id=1;
tag.hammingDistance=0;
tag.familyName='Tag36h11';
tag.H=[16.10081556024121, -16.10653484155033, 960.1126718439377;
  -6.51728918777461, -5.684106543926888, 273.248222114686;
  0.01655847895090411, 7.333308235537286e-05, 0.9992759891839981];
tag.p=[977.0763552572944, 290.4913339781581;
  976.9226130062508, 268.1880907529957;
  945.0729204089499, 256.9591709702387;
  944.1534053286998, 278.8807065335681]';
tag.c=[960.8083074506364;
  273.4462001211683];
tag.uH=[15.80028060180341, -15.99088510850382, 963.0259680480069;
  -6.83720534249068, -5.509893793696025, 271.534176407992;
  0.01609916659646635, 0.0005292408550503321, 0.9994108395008551]';
tag.up=[980.0990736969723, 288.8540596441716;
  980.1307479272518, 266.2179280926777;
  947.643455394307, 255.094965760196;
  946.5265289341086, 277.342297588092]';
tag.uc=[963.585, 271.697];
tags{1}=tag;

tag.id=2;
tag.hammingDistance=0;
tag.familyName='Tag36h11';
tag.H=[-14.10125717058331, -6.107821069002823, 502.8670423327915;
  7.472867327691223, 9.298833899964306, 331.0305762228874;
  0.003359041556813248, -0.01142618323465201, 0.9992012861859568];
tag.p=[519.3016142496515, 311.9911895399212;
  488.0475241768085, 324.6636972845732;
  486.9754177753001, 350.9134251682459;
  518.9477279664696, 338.125875682734]';
tag.c=[503.2690102434528;
  331.295186264683];
tag.uH=[-14.29129875218596, -5.949879650767489, 502.3692715139767;
  7.40368844593737, 9.456990933658906, 330.6407492869301;
  0.003193565159075133, -0.01120476209844591, 0.9993557637242767]';
tag.up=[518.7850294730587, 311.4840992254229;
  487.3255376344675, 324.1289464786996;
  486.3339729125181, 350.5341743119979;
  518.5108276823008, 337.7746470730273]';
tag.uc=[502.699, 330.857];
tags{2}=tag;

tag.id=16;
tag.hammingDistance=0;
tag.familyName='Tag36h11';
tag.H=[2.677972384539787, -14.07588934861486, 494.2144186862619;
  -8.412251648534824, 12.6082122833857, 446.6091778223262;
  0.01552577581958679, 0.004442159449409505, 0.9991379040883801];
tag.p=[516.3683035131987, 451.8247406228225;
  505.7982532261627, 421.2825655280274;
  473.7648270435181, 442.3536016057409;
  483.2331207789677, 473.2833484627482]';
tag.c=[494.6408465377823;
  446.9945299791376];
tag.uH=[2.574487694645845, -14.41635002682742, 493.87095809648;
  -8.505297230340373, 12.43226401017411, 446.6572576137447;
  0.01541376913179123, 0.00399601889947037, 0.9993073728793275]';
tag.up=[516.0872574691421, 451.8134350609597;
  505.4375862918084, 421.2010757412186;
  473.172486925866, 442.3061127264418;
  482.7227459676863, 473.3257856244202]';
tag.uc=[494.22, 446.968];
tags{3}=tag;

tag.id=0;
tag.hammingDistance=0;
tag.familyName='Tag36h11';
tag.H=[5.0900937114836, -30.67078894862583, 911.8945126931565;
  -21.58783550908158, -9.946439050869452, 639.5520336627122;
  0.002316165542990201, -0.01027450372317606, 0.9994737896843267];
tag.p=[930.5591731698056, 666.1355039819776;
  936.3587338458472, 620.4255387602891;
  893.8981395715675, 613.2206595271823;
  887.7785138951543, 659.8485845466703]';
tag.c=[912.3746136266052;
  639.8887497237001];
tag.uH=[5.606608824998613, -30.19457089578905, 913.8050772450352;
  -21.4212244790209, -9.535361385788233, 640.9681087623416;
  0.002996440395627578, -0.009313721042543768, 0.9995761007401038]';
tag.up=[932.8953796513158, 667.9879015830667;
  938.4582156213801, 621.6967013899127;
  895.252421406111, 614.1515433669232;
  889.3354681901138, 661.2788423854872]';
tag.uc=[914.179, 641.232];
tags{4}=tag;

tag.id=6;
tag.hammingDistance=0;
tag.familyName='Tag36h11';
tag.H=[19.0631511147183, 35.55209844481135, 1080.909775966754;
  33.07592886403258, 19.55921599645068, 755.2772060860945;
  0.0223839214672449, 0.02274760006045422, 0.9993421829202862];
tag.p=[1075.542925615017, 736.3594745422007;
  1065.509241716534, 769.5800416361758;
  1087.174354596528, 773.5114321270228;
  1097.721605468482, 741.9787377214445]';
tag.c=[1081.621284921757;
  755.7743673733625];
tag.uH=[18.87262298641043, 35.49484553848097, 1089.330038931046;
  33.347907220962, 19.42324121975121, 761.3363550616042;
  0.02198942957267153, 0.02203422384673068, 0.9994881044635781]';
tag.up=[1083.203094006689, 741.5925211178876;
  1073.310272376619, 775.695715196868;
  1096.007762227469, 780.1613942747244;
  1106.474052116426, 747.7638427366792]';
tag.uc=[1089.88, 761.72];
tags{5}=tag;

tag.id=3;
tag.hammingDistance=0;
tag.familyName='Tag36h11';
tag.H=[0.4449435167721898, -14.56053333252991, 559.5414511088042;
  -26.84402657356229, -2.14835278279884, 764.3574936626623;
  -0.009075977779429544, 0.008450904511910841, 0.9994010960200358];
tag.p=[573.6420291213485, 793.3291121613619;
  585.1532914549695, 753.3162695687994;
  546.0942682523682, 736.2662874902779;
  535.4715239162877, 775.9184369808175]';
tag.c=[559.8767635307722;
  764.8155447363433];
tag.uH=[1.242809522088024, -14.62647698200428, 558.6944362533734;
  -26.49164434435566, -2.092778467900845, 767.0264285054634;
  -0.007948610795461707, 0.008625223828152864, 0.9995153087115778]';
tag.up=[572.7392083441084, 796.5394553017641;
  584.5358263174485, 755.51877608517;
  545.2021127525342, 738.3038883020454;
  534.2306207766899, 778.8966908563006]';
tag.uc=[558.972, 767.385];
tags{6}=tag;

tag.id=11;
tag.hammingDistance=0;
tag.familyName='Tag36h11';
tag.H=[-4.751447585907721, 2.075774769401819, 470.217696808042;
  -0.6974767665578993, 24.57971943228456, 871.1598273193307;
  0.01319852961191492, 0.01869454306681291, 0.9994797920717079];
tag.p=[488.7348701119211, 875.6606179807299;
  466.1952080320355, 851.0024502588828;
  453.3200746023782, 867.8161900270987;
  474.6829889236793, 891.9986118953793]';
tag.c=[470.4624350967429;
  871.6132474410539];
tag.uH=[-4.679591578427831, 1.410856287841367, 467.0449515143606;
  -0.5887677540596532, 24.46408815833646, 877.9902845711358;
  0.01364894252099237, 0.01793346278070941, 0.9995796204227279]';
tag.up=[485.8624836670882, 882.3553552959861;
  463.131716335587, 856.9705932104384;
  449.7606088663198, 874.6134410824236;
  471.3124062693893, 899.5682858758528]';
tag.uc=[467.245, 878.352];
tags{7}=tag;

tag.id=10;
tag.hammingDistance=0;
tag.familyName='Tag36h11';
tag.H=[6.207510389943894, 17.51064983614209, 588.3083820338467;
  30.70528479837338, 7.41049198908386, 951.0620817076601;
  0.01840682600228247, -0.0007577305902852346, 0.9995158759082562];
tag.p=[575.0171337117682, 929.8066937948323;
  566.4241936709448, 956.4892417977819;
  601.69840637113, 972.4851783002224;
  611.6292288958103, 946.3620547233792]';
tag.c=[588.5933342471956;
  951.5227367883813];
tag.uH=[5.406516928227979, 17.60533584405648, 586.8418107926549;
  30.63441342307975, 7.377886468052782, 960.6340540363395;
  0.01737665192396718, -0.001138999335892607, 0.9996139871252947]';
tag.up=[573.3597547562917, 938.220911123374;
  564.4108115088405, 966.374889849703;
  600.3358125025012, 983.0656381375165;
  610.582029705855, 955.4412934671666]';
tag.uc=[587.071, 960.991];
tags{8}=tag;

tag.id=4;
tag.hammingDistance=0;
tag.familyName='Tag36h11';
tag.H=[-13.93243715007762, -19.85734921852645, 718.0882130352936;
  -30.99517359178242, -1.484012826402344, 1014.310180983694;
  -0.01782304264053547, -0.001156712499282306, 0.9996239262578547];
tag.p=[738.1457706614723, 1027.670905298056;
  736.5659800220494, 1001.873350497506;
  697.8050212509985, 1001.210248816469;
  700.7479373955257, 1027.089785793592]';
tag.c=[718.3583687552327;
  1014.691779918492];
tag.uH=[-13.28591438360238, -20.16134116764534, 719.3351538484826;
  -31.02978999046607, -1.37038462212694, 1027.546077128092;
  -0.01678752220417575, -0.0009389270628893973, 0.9997036855541286]';
tag.up=[739.8850341468652, 1041.790908159122;
  738.128768587879, 1014.265141425582;
  698.475273781616, 1013.413629202523;
  701.5501873674115, 1041.018520992933]';
