% AprilTagFinder log 7
% @ Fri Mar 16 13:46:20 2018

K=[1664.010615128407, 0, 667.9657771371558;
  0, 1668.819944196452, 457.9230104705811;
  0, 0, 1];
distCoeffs=[-0.2237256636237109;
  0.2343996528647796;
  0;
  0;
  0];
tags={};

tag.id=1;
tag.hammingDistance=0;
tag.familyName='Tag36h11';
tag.H=[17.24143029769812, -16.55143989260275, 960.1072541475112;
  -6.192329986375029, -5.822802407779918, 273.2334909102456;
  0.0177514383514259, -0.0003939789347431634, 0.9992549416065919];
tag.p=[977.1053303881012, 290.5075412437309;
  976.9016844258593, 268.1972351853787;
  945.0969155850478, 256.9498053074706;
  944.1498232308294, 278.8710248005747]';
tag.c=[960.8231234802407;
  273.4372176042918];
tag.uH=[16.94505924175257, -16.43815127626189, 963.0255376128039;
  -6.514090786215825, -5.648320230705848, 271.5205260494392;
  0.01729313977166314, 6.074244053352906e-05, 0.999394587182153]';
tag.up=[980.1286318657523, 288.8702630948416;
  980.1092113987152, 266.2274073754163;
  947.6680398986373, 255.0852472608041;
  946.5229476616134, 277.3325121761715]';
tag.uc=[963.6, 271.688];
tags{1}=tag;

tag.id=2;
tag.hammingDistance=0;
tag.familyName='Tag36h11';
tag.H=[-13.79289708766401, -6.472173787425199, 502.8365154863635;
  7.637174524060281, 9.081783521044104, 331.0256980804489;
  0.00396519153374027, -0.01212130231113513, 0.9991912177648046];
tag.p=[519.2862198964368, 312.0142686934001;
  488.0593620050078, 324.6216136872819;
  486.9367807546348, 350.8903505776321;
  518.924613394649, 338.1840194519414]';
tag.c=[503.2435299133344;
  331.2936424931306];
tag.uH=[-13.98402998571015, -6.313969517540219, 502.3396653458009;
  7.567135545603618, 9.240275894229136, 330.6365101417407;
  0.003798530407497953, -0.011899995004819, 0.9993479083796998]';
tag.up=[518.7696067618577, 311.5072832419304;
  487.3373242487503, 324.0866208613246;
  486.2949261348182, 350.5108566369024;
  518.4877282430202, 337.8330279142114]';
tag.uc=[502.674, 330.856];
tags{2}=tag;

tag.id=16;
tag.hammingDistance=0;
tag.familyName='Tag36h11';
tag.H=[3.176936578848611, -14.09288954140383, 494.2080678440907;
  -7.993933682349052, 12.58990337358043, 446.5750117555083;
  0.0165025732447338, 0.004387187005105684, 0.9991220923602554];
tag.p=[516.364062223238, 451.8139787005011;
  505.7940442165116, 421.2573047523794;
  473.8102931302668, 442.3193517724762;
  483.2168198718897, 473.3086876862049]';
tag.c=[494.6423181141041;
  446.9674078575833];
tag.uH=[3.073788470973482, -14.43285611628397, 493.866190791793;
  -8.086510733619518, 12.41440987994373, 446.6244509384701;
  0.01639188652059332, 0.003941935376218659, 0.9992947712364199]';
tag.up=[516.0829910776347, 451.8026524924887;
  505.4333262406891, 421.1757493610015;
  473.2183491559558, 442.2717791180607;
  482.7062995646887, 473.3512032206625]';
tag.uc=[494.222, 446.941];
tags{3}=tag;

tag.id=0;
tag.hammingDistance=0;
tag.familyName='Tag36h11';
tag.H=[5.947403608534811, -30.43550422793671, 911.8997614893433;
  -20.99331432508981, -9.762911105111558, 639.5310385564164;
  0.003250244401323599, -0.01001513399781053, 0.9994737816361398];
tag.p=[930.5822653006217, 666.1314886313467;
  936.3543020226314, 620.3972949111145;
  893.9293966095496, 613.2460563291683;
  887.7604883300386, 659.8619922933304]';
tag.c=[912.3798725330867;
  639.8677487162328];
tag.uH=[6.465249323527981, -29.95939611201971, 913.8096289162498;
  -20.82572132323291, -9.351757585796781, 640.946441229021;
  0.003930059078066307, -0.009055113354038672, 0.9995753827190735]';
tag.up=[932.9188910806068, 667.9840200587684;
  938.4535075622011, 621.6680903673686;
  895.2842575480812, 614.1773616790247;
  889.3172711065095, 661.2923048203859]';
tag.uc=[914.184, 641.211];
tags{4}=tag;

tag.id=6;
tag.hammingDistance=0;
tag.familyName='Tag36h11';
tag.H=[18.13732975474946, 30.03945425995515, 1032.353124920158;
  33.18324768877469, 14.96776142736862, 700.2137991410182;
  0.02220909605786152, 0.01629660783552122, 0.999409079714086];
tag.p=[1024.219880656442, 678.5935052709655;
  1015.049346359475, 714.6263527172788;
  1041.058404794348, 721.0272173367435;
  1051.090923077454, 686.4626599831454]';
tag.c=[1032.963524021111;
  700.6278143293811];
tag.uH=[17.85478902045774, 29.7482591955283, 1037.96794409193;
  33.30481898924121, 14.68298262988144, 703.9478101210032;
  0.02175866416506839, 0.01543844547549095, 0.9995395913307391]';
tag.up=[1029.119401852386, 681.6283608864189;
  1020.101612237017, 718.3630134286745;
  1047.104259516422, 725.2907425140374;
  1057.0335046224, 690.0074951835301]';
tag.uc=[1038.44, 704.267];
tags{5}=tag;

tag.id=3;
tag.hammingDistance=0;
tag.familyName='Tag36h11';
tag.H=[0.410555164631905, -14.21060170291833, 559.5350520474982;
  -26.88364219093093, -1.663275875155637, 764.3643674605453;
  -0.009122924032544085, 0.009072349090259861, 0.9993953710377361];
tag.p=[573.6529332995524, 793.3508447514206;
  585.1571051971363, 753.3060817212149;
  546.0928076490291, 736.2998759480982;
  535.4942071322539, 775.9355280115487]';
tag.c=[559.8735678218093;
  764.8268038972974];
tag.uH=[1.208419818023192, -14.27733032878733, 558.6885693584769;
  -26.53145718251918, -1.606141498269015, 767.0344094118711;
  -0.007995544050309158, 0.009246372276960102, 0.9995106873372966]';
tag.up=[572.7501259423051, 796.5617193713792;
  584.5397114330208, 755.5083591149101;
  545.2004603514293, 738.3381363159754;
  534.2534671125259, 778.9140603658714]';
tag.uc=[558.969, 767.396];
tags{6}=tag;

tag.id=11;
tag.hammingDistance=0;
tag.familyName='Tag36h11';
tag.H=[-5.396865707500428, 2.318687489456193, 470.2399204374546;
  -1.867485744459857, 25.02085490930703, 871.1870346436974;
  0.01183398421468108, 0.01920346139619216, 0.9994873829216687];
tag.p=[488.7378071083517, 875.6608192197125;
  466.1989916364197, 851.0064067032957;
  453.324101744006, 867.8494482098771;
  474.7005185875495, 891.9593349201914]';
tag.c=[470.4810970828513;
  871.6338490407674];
tag.uH=[-5.321825496381374, 1.652476805245112, 467.0669963304572;
  -1.76883255624365, 24.90894870611825, 878.0175566012562;
  0.01228246625399257, 0.01844288735168921, 0.9995865095451449]';
tag.up=[485.8654795498491, 882.3555322162708;
  463.1355337256837, 856.9746558220969;
  449.764298876373, 874.6480221862965;
  471.330820735694, 899.5270233971645]';
tag.uc=[467.264, 878.373];
tags{7}=tag;

tag.id=10;
tag.hammingDistance=0;
tag.familyName='Tag36h11';
tag.H=[6.808777860683072, 18.34838624502783, 588.308109703445;
  31.7281905079532, 8.836247641617458, 951.0697963007748;
  0.01947339858815317, 0.0007024601105246009, 0.9994958597240023];
tag.p=[575.0428307479971, 929.7322194971274;
  566.4217888059746, 956.4897342103583;
  601.6301744233125, 972.5034209875845;
  611.6370707960202, 946.420176877779]';
tag.c=[588.6048491145311;
  951.5495107337416];
tag.uH=[6.005094697776563, 18.4385917821689, 586.8447828142229;
  31.66736009733589, 8.816783394547153, 960.6481001939861;
  0.01844245533037641, 0.000318223593916615, 0.9995993122871514]';
tag.up=[573.3864194462618, 938.1425221883637;
  564.4083517970104, 966.3754271943856;
  600.2660456325511, 983.0852793627334;
  610.5897888945722, 955.5024774402777]';
tag.uc=[587.082, 961.02];
tags{8}=tag;

tag.id=4;
tag.hammingDistance=0;
tag.familyName='Tag36h11';
tag.H=[-14.30218702718202, -20.33041874783262, 718.0987784760539;
  -31.5542010246162, -2.171088801491874, 1014.312378706778;
  -0.01837659229073446, -0.00181564284241163, 0.9996129742172679];
tag.p=[738.1129036696491, 1027.684168431004;
  736.6110764757359, 1001.909605664207;
  697.8269352762161, 1001.190856748284;
  700.7368819176038, 1027.083520471608]';
tag.c=[718.3768088227851;
  1014.705095740699];
tag.uH=[-13.65604323497358, -20.63502588954345, 719.3482034666291;
  -31.5964291497879, -2.066924384820477, 1027.551924973715;
  -0.01734162643763977, -0.001597425012894707, 0.9996954942737318]';
tag.up=[739.8514028803988, 1041.80490825876;
  738.1751114042379, 1014.30395813579;
  698.4976386983602, 1013.393049373986;
  701.5388436550616, 1041.011795229226]';
