% AprilTagFinder log 25
% @ Fri Mar 16 13:46:26 2018

K=[1664.010615128407, 0, 667.9657771371558;
  0, 1668.819944196452, 457.9230104705811;
  0, 0, 1];
distCoeffs=[-0.2237256636237109;
  0.2343996528647796;
  0;
  0;
  0];
tags={};

tag.id=1;
tag.hammingDistance=0;
tag.familyName='Tag36h11';
tag.H=[17.34502469799818, -14.25860648098239, 960.0735854424915;
  -6.154918499164028, -5.158191521172576, 273.1996910537252;
  0.01784627597836272, 0.001983483432200327, 0.999252751130242];
tag.p=[977.092814152943, 290.4902207518244;
  976.9106805614988, 268.149735043862;
  945.1246525155054, 256.9827058403848;
  944.1523641347279, 278.8277586508149]';
tag.c=[960.7915358317148;
  273.4039918776431];
tag.uH=[17.04830700493301, -14.13724497315452, 962.991043930449;
  -6.477002062958134, -4.98733848336166, 271.4864095551276;
  0.01738713742150672, 0.002439628943837418, 0.9993920412350233]';
tag.up=[980.1159460152427, 288.8527987835653;
  980.1188608742223, 266.1790701150776;
  947.6960820975667, 255.1184182802296;
  946.5258722084195, 277.2886396415425]';
tag.uc=[963.568, 271.654];
tags{1}=tag;

tag.id=2;
tag.hammingDistance=0;
tag.familyName='Tag36h11';
tag.H=[-14.10667713979207, -5.975940583683831, 502.8559493771511;
  7.459264751030005, 9.413653569300926, 331.0548425128662;
  0.003335512352990541, -0.01115447120142967, 0.9992033633376435];
tag.p=[519.2919318465671, 311.991022711887;
  488.0422805751336, 324.6548423185394;
  486.9688583636906, 350.9514162798048;
  518.9192067703486, 338.1788428674001]';
tag.c=[503.2568622441974;
  331.3187832024927];
tag.uH=[-14.29666087973313, -5.817952236426114, 502.3579155471637;
  7.390083030649445, 9.57192343560094, 330.6649577915142;
  0.003170061971609798, -0.01093272322116979, 0.9993573642224358]';
tag.up=[518.7752787071496, 311.4838977399755;
  487.3202123636903, 324.120011072712;
  486.327472647133, 350.5723487627648;
  518.4822718808274, 337.8278089287207]';
tag.uc=[502.687, 330.881];
tags{2}=tag;

tag.id=16;
tag.hammingDistance=0;
tag.familyName='Tag36h11';
tag.H=[3.042475747844332, -13.93069267443933, 494.1994241000792;
  -8.042285763980864, 12.73432648535401, 446.593976733002;
  0.01631327473191918, 0.004718488248359396, 0.9991247214177175];
tag.p=[516.4004470838655, 451.7995270281806;
  505.7511886594475, 421.3012226981367;
  473.7618341549734, 442.3694054355625;
  483.2524451115641, 473.2723256773965]';
tag.c=[494.632365215456;
  446.9852133168152];
tag.uH=[2.937938718802149, -14.27125491091646, 493.8573077160136;
  -8.135831523409475, 12.55841094818326, 446.6432960438443;
  0.01620020812014973, 0.004272347532939635, 0.9992970100731906]';
tag.up=[516.1195754609453, 451.7881793622482;
  505.390236205346, 421.2197335774966;
  473.1694744584631, 442.3219639232188;
  482.7422341538833, 473.3147232061809]';
tag.uc=[494.212, 446.959];
tags{3}=tag;

tag.id=0;
tag.hammingDistance=0;
tag.familyName='Tag36h11';
tag.H=[5.920331318823843, -30.63052239334208, 911.8978966047641;
  -21.02333790787391, -9.910877222514896, 639.5308927274898;
  0.003207366841860332, -0.01022183987474206, 0.9994715829393136];
tag.p=[930.5723433739819, 666.1444576201864;
  936.3688527077954, 620.4145938671896;
  893.9305252333669, 613.2221448385603;
  887.7377524542507, 659.8533380535889]';
tag.c=[912.3800137698694;
  639.8690104292051];
tag.uH=[6.437914090153043, -30.15430638902208, 913.8083483158504;
  -20.85602976987761, -9.499748412124585, 640.9467145498745;
  0.003886774148913251, -0.00926104236005941, 0.9995738079021457]';
tag.up=[932.9088841097075, 667.9971070047339;
  938.4684534338273, 621.6856949741657;
  895.2852703488437, 614.1532225641586;
  889.294141775182, 661.2833757322734]';
tag.uc=[914.184, 641.212];
tags{4}=tag;

tag.id=6;
tag.hammingDistance=0;
tag.familyName='Tag36h11';
tag.H=[15.85412379630643, 32.54169128704052, 1045.72762637084;
  32.26020073354584, 19.69535892236133, 728.2933023665264;
  0.0215908214352327, 0.01976004831534775, 0.9993867675349777];
tag.p=[1041.017161876683, 705.9628394664046;
  1027.788684372275, 739.9572161841478;
  1051.296121381628, 749.7075478671753;
  1065.018104055914, 717.4819905473099]';
tag.c=[1046.369293992319;
  728.7401895093];
tag.uH=[15.61108143741022, 32.2501196796595, 1052.235952089318;
  32.45582188355771, 19.45060464339792, 732.9471624453239;
  0.02123733697814894, 0.01885784715621559, 0.9995232200821599]';
tag.up=[1046.848697979339, 709.8401959831098;
  1033.633805001829, 744.5387031348353;
  1058.17518049514, 754.9437706481187;
  1071.940337594514, 722.0071570186286]';
tag.uc=[1052.73, 733.291];
tags{5}=tag;

tag.id=3;
tag.hammingDistance=0;
tag.familyName='Tag36h11';
tag.H=[0.2792606417808274, -14.61959383353561, 559.5477384403541;
  -27.0808789171657, -2.213360897901417, 764.3762744500413;
  -0.009380218007384209, 0.008357788699402199, 0.9993988040617622];
tag.p=[573.646432612258, 793.3363345275749;
  585.1782962745191, 753.324120127174;
  546.0940573469185, 736.277473328894;
  535.4725914928799, 775.9465433887434]';
tag.c=[559.8843386306219;
  764.8360908012487];
tag.uH=[1.077655932098028, -14.68600471037627, 558.7011189310352;
  -26.72920497435432, -2.15844913145673, 767.0462202021712;
  -0.008252545133032654, 0.008531355494381023, 0.9995137623782221]';
tag.up=[572.7436248323557, 796.5468504611498;
  584.5610145242002, 755.5266960736205;
  545.2018406350079, 738.3152923079363;
  534.2315184868564, 778.9254922310231]';
tag.uc=[558.979, 767.406];
tags{6}=tag;

tag.id=11;
tag.hammingDistance=0;
tag.familyName='Tag36h11';
tag.H=[-4.553779881814326, 2.865110732920995, 470.1855761109185;
  -0.3060941394135024, 26.02834249028086, 871.1438399966347;
  0.01362695076887627, 0.0203537019808559, 0.999441780989873];
tag.p=[488.7553019560222, 875.6661111637052;
  466.1626666413231, 851.0089784335744;
  453.3450132940253, 867.8600919297329;
  474.6764100050777, 891.9760933710868]';
tag.c=[470.4481892334285;
  871.6304006560856];
tag.uH=[-4.484276360294635, 2.195278897516228, 467.0163907595798;
  -0.1948879914673129, 25.92457986012109, 877.9823633329916;
  0.01407616071540838, 0.01959331748439373, 0.9995500779880838]';
tag.up=[485.8832797881542, 882.3608506562036;
  463.098405239714, 856.9777573893775;
  449.7855620213721, 874.6588333011597;
  471.3059531594919, 899.5448345093927]';
tag.uc=[467.23, 878.37];
tags{7}=tag;

tag.id=10;
tag.hammingDistance=0;
tag.familyName='Tag36h11';
tag.H=[5.860006196127785, 19.36132995378265, 588.3578118470462;
  30.14431320643331, 10.45733007312927, 951.0888841680203;
  0.01779837798692779, 0.002420809022130727, 0.9995246099884093];
tag.p=[575.0366152205099, 929.7275594762596;
  566.4156605539182, 956.5216110803951;
  601.6993187931891, 972.4898845842604;
  611.5540773040447, 946.405224229465]';
tag.c=[588.6376443035944;
  951.5412373678816];
tag.uH=[5.059126635476197, 19.44882766947027, 586.8912697096241;
  30.06708465602906, 10.45321298132848, 960.6604819377488;
  0.01676662159512126, 0.002036470518134151, 0.9996214839981197]';
tag.up=[573.3801150770003, 938.1376676384039;
  564.4018610893793, 966.4091191277632;
  600.3367213604872, 983.0706145514685;
  610.5052736376542, 955.4870625408882]';
tag.uc=[587.116, 961.011];
tags{8}=tag;

tag.id=4;
tag.hammingDistance=0;
tag.familyName='Tag36h11';
tag.H=[-15.31733673077318, -21.08912529268583, 718.0849962282965;
  -32.98480143276007, -3.269562310887071, 1014.2913000445;
  -0.01978381489909967, -0.002892968437531987, 0.9995838166685538];
tag.p=[738.0617606194822, 1027.66913229642;
  736.6052335122964, 1001.916255405027;
  697.7926362960524, 1001.156612584799;
  700.7682862186589, 1027.085649091803]';
tag.c=[718.3839756645461;
  1014.713606933897];
tag.uH=[-14.67304978071049, -21.39448255355562, 719.3397633169043;
  -33.04589947845596, -3.179363780026827, 1027.538437731842;
  -0.01874893080894576, -0.002674276498882985, 0.9996735319546465]';
tag.up=[739.7988755676736, 1041.788550495999;
  738.1691661369823, 1014.311003677972;
  698.4624872537294, 1013.356541068051;
  701.5710265895295, 1041.014151526702]';
