% AprilTagFinder log 40
% @ Wed Mar  7 16:07:42 2018

K=[1664.010615128407, 0, 667.9657771371558;
  0, 1668.819944196452, 457.9230104705811;
  0, 0, 1];
distCoeffs=[-0.2237256636237109;
  0.2343996528647796;
  0;
  0;
  0];
tags={};

tag.id=28;
tag.hammingDistance=0;
tag.familyName='Tag16h5';
tag.H=[24.05200583485658, 4.902921706645894, 219.5681374713177;
  -0.4711293427980896, -21.91162415708937, 213.9009296421403;
  -0.007622131402536439, 0.01316465615764555, 0.9932029264174268];
tag.p=[192.9946868468116, 239.2357562825662;
  245.4887491687066, 242.0171931052049;
  248.8352409726141, 191.7587468532736;
  197.6539313765985, 189.80511554982]';
tag.c=[221.070771774022;
  215.364779898203];
tag.uH=[25.78470219935266, 4.380489250223349, 210.8376043410122;
  0.3754148265223241, -22.77950753614241, 209.2114440231564;
  -0.005847062717687203, 0.01260042243841805, 0.993762851543888]';
tag.up=[183.0410023756767, 234.6528585640635;
  238.1170293960616, 238.2498943468443;
  240.8692501873886, 186.7000315166763;
  187.1456589109693, 183.8145033248992]';
tag.uc=[212.185, 210.542];
tags{1}=tag;

