% AprilTagFinder log 43
% @ Fri Mar 16 13:46:32 2018

K=[1664.010615128407, 0, 667.9657771371558;
  0, 1668.819944196452, 457.9230104705811;
  0, 0, 1];
distCoeffs=[-0.2237256636237109;
  0.2343996528647796;
  0;
  0;
  0];
tags={};

tag.id=1;
tag.hammingDistance=0;
tag.familyName='Tag36h11';
tag.H=[16.23512852818071, -14.72308919618645, 960.093353761676;
  -6.481623034432399, -5.309641773171691, 273.2324193459656;
  0.01669023432594778, 0.001517598189821618, 0.9992717679008094];
tag.p=[977.0834293826788, 290.5250859534511;
  976.9402517695385, 268.186641872194;
  945.0856731672729, 256.9497751417539;
  944.1479075092636, 278.8381696010292]';
tag.c=[960.7930340897789;
  273.4315409710318];
tag.uH=[15.93510896996386, -14.6038106319602, 963.0067573511046;
  -6.801852003253739, -5.138356285717178, 271.5183818970191;
  0.01623089037614666, 0.001973035142605695, 0.9994069671765505]';
tag.up=[980.1060527098152, 288.8882306399997;
  980.148842822103, 266.2162965375018;
  947.6565593483808, 255.0853138710869;
  946.5212445021741, 277.2992261613051]';
tag.uc=[963.57, 271.682];
tags{1}=tag;

tag.id=2;
tag.hammingDistance=0;
tag.familyName='Tag36h11';
tag.H=[-13.94878163203454, -6.480003560005375, 502.8395914800429;
  7.578669062932038, 9.06195240029977, 331.0337325993575;
  0.003689075346216654, -0.01214755669931006, 0.999191165277585];
tag.p=[519.2959461870084, 312.0063726389182;
  488.0366968416367, 324.6713539580874;
  486.9232782117137, 350.9265008653809;
  518.9464758705152, 338.1456074075531]';
tag.c=[503.2466348322337;
  331.3017009186556];
tag.uH=[-14.1393566862134, -6.322016990680958, 502.3427604292766;
  7.509177392109323, 9.220246427688583, 330.6445929207228;
  0.003523259533141383, -0.01192671516807275, 0.9993478264591126]';
tag.up=[518.7793739768875, 311.4993667479691;
  487.3146401071587, 324.1366140716433;
  486.2814161981541, 350.547159022959;
  518.5096234610517, 337.7944780794552]';
tag.uc=[502.677, 330.864];
tags{2}=tag;

tag.id=16;
tag.hammingDistance=0;
tag.familyName='Tag36h11';
tag.H=[2.737463658615177, -13.90592240098637, 494.2093951639659;
  -8.381580629392545, 12.7557857102218, 446.6050797803212;
  0.01562635304745367, 0.004749194037975094, 0.9991347952038079];
tag.p=[516.34541883298, 451.8280420334838;
  505.788846451306, 421.2501759665905;
  473.7969948759531, 442.3489062881983;
  483.240393611749, 473.3001081794419]';
tag.c=[494.6373577782915;
  446.9918192461917];
tag.uH=[2.634442208601631, -14.24579095313964, 493.8662598420829;
  -8.47427897992668, 12.58041091237351, 446.6534746308929;
  0.01551523955279114, 0.004304256681799371, 0.9993049943833457]';
tag.up=[516.064246396961, 451.8167392167506;
  505.4280882398224, 421.1685982346052;
  473.2049444506183, 442.3014184536555;
  482.7300710313518, 473.3425889692069]';
tag.uc=[494.217, 446.965];
tags{3}=tag;

tag.id=0;
tag.hammingDistance=0;
tag.familyName='Tag36h11';
tag.H=[5.358284020665251, -30.58446431101864, 911.9007539180343;
  -21.40514282458226, -9.876223954803297, 639.5427216196292;
  0.002595320949164997, -0.01017046796057214, 0.9994741634145808];
tag.p=[930.5670780033375, 666.1283429261791;
  936.3822284165608, 620.419892840425;
  893.9161738892958, 613.229113832497;
  887.7577491180504, 659.8420134177264]';
tag.c=[912.3805169736828;
  639.8791935098252];
tag.uH=[5.874476946526751, -30.10812956542917, 913.8110839784119;
  -21.23876372614601, -9.464988547989467, 640.9585385953795;
  0.003274405741567133, -0.009209634452092743, 0.9995761725891414]';
tag.up=[932.9033790599642, 667.9806960432691;
  938.4821205134888, 621.6911484487806;
  895.2707556927023, 614.160180228467;
  889.3143532702941, 661.2720381614498]';
tag.uc=[914.185, 641.222];
tags{4}=tag;

tag.id=3;
tag.hammingDistance=0;
tag.familyName='Tag36h11';
tag.H=[-0.0378225193370758, -14.76422366415358, 559.5365266732651;
  -27.51320386142614, -2.417357073024997, 764.3812903747828;
  -0.009941414761942215, 0.008090769864078617, 0.9993956859029207];
tag.p=[573.62364803615, 793.3231082844051;
  585.1684182985001, 753.3247798847841;
  546.0750724006786, 736.2582131633376;
  535.4778862556734, 775.9539128338893]';
tag.c=[559.8748669479622;
  764.8434960815243];
tag.uH=[0.7610558020948845, -14.83028535538632, 558.6904248315547;
  -27.16308458664174, -2.36302186236173, 767.0523415730362;
  -0.008813772212429016, 0.008264510209883343, 0.9995118125735079]';
tag.up=[572.7206552474356, 796.533380010791;
  584.5510497667436, 755.5274075919901;
  545.1827743681098, 738.2957594577356;
  534.2368293498837, 778.9330111122792]';
tag.uc=[558.97, 767.413];
tags{5}=tag;

tag.id=11;
tag.hammingDistance=0;
tag.familyName='Tag36h11';
tag.H=[-4.884356551704216, 1.902117687729306, 470.2368714247369;
  -0.9528029830171801, 24.25731543889829, 871.169765478332;
  0.01290593558263785, 0.01831270011058031, 0.9994908396899307];
tag.p=[488.7252864797909, 875.6476221487502;
  466.2084513422902, 850.9940639764957;
  453.3330135410544, 867.8238623950822;
  474.6984604818964, 892.0111662500314]';
tag.c=[470.4764193442906;
  871.6135565070239];
tag.uH=[-4.811026065600423, 1.238143253657255, 467.0633022673688;
  -0.8453762540292838, 24.13886484310505, 877.998081790845;
  0.01335718227342533, 0.01755095505875846, 0.9995883361213033]';
tag.up=[485.8528446563635, 882.3419223086009;
  463.1453405317744, 856.9617292820865;
  449.7737512447818, 874.6212619300868;
  471.3280784961386, 899.5812144391912]';
tag.uc=[467.26, 878.352];
tags{6}=tag;

tag.id=10;
tag.hammingDistance=0;
tag.familyName='Tag36h11';
tag.H=[6.888480138823378, 17.66528378350691, 588.2933710360588;
  31.82247502159528, 7.687104083695635, 951.0622960657341;
  0.01956432953030629, -0.0004793956994838763, 0.9994941237181638];
tag.p=[575.0044093104714, 929.767617809855;
  566.4493652563326, 956.5095283219997;
  601.6686976002504, 972.5036734552986;
  611.6391147579419, 946.3745449064079]';
tag.c=[588.5911253260605;
  951.5436594341734];
tag.uH=[6.085008821443347, 17.75849252710594, 586.8298307767635;
  31.76255067277389, 7.656369806574971, 960.6403997013367;
  0.01853315228913318, -0.0008622448731097091, 0.9995976353713747]';
tag.up=[573.3470376244697, 938.17994984282;
  564.4363722026212, 966.39611885957;
  600.3053840821523, 983.0853578809069;
  610.5920540320269, 955.4544086266731]';
tag.uc=[587.068, 961.013];
tags{7}=tag;

tag.id=4;
tag.hammingDistance=0;
tag.familyName='Tag36h11';
tag.H=[-14.25507322180127, -21.0720953816941, 718.1242066834727;
  -31.44302645879141, -3.21687170122096, 1014.309229484808;
  -0.01827162762213391, -0.002858499631787856, 0.9996125994584002];
tag.p=[738.1403321028168, 1027.652806328007;
  736.5795754411724, 1001.913842989951;
  697.8122321820088, 1001.192519185027;
  700.7774929128557, 1027.10242316988]';
tag.c=[718.4025162073382;
  1014.702325715352];
tag.uH=[-13.60957993318495, -21.37767743872945, 719.3743467683043;
  -31.4838361672367, -3.125522845653173, 1027.548859643852;
  -0.0172368158408395, -0.002640223695372511, 0.9996952960164828]';
tag.up=[739.8793581140744, 1041.771526922236;
  738.1428938931813, 1014.308301935848;
  698.4826072933819, 1013.394784307059;
  701.5805029639391, 1041.0321058598]';
tag.uc=[719.593, 1027.85];
tags{8}=tag;

tag.id=13;
tag.hammingDistance=0;
tag.familyName='Tag36h11';
tag.H=[-5.782644899021303, 7.714399045819934, 857.6849849466042;
  11.8039203057852, -3.380173185820554, 1059.056308334901;
  0.003067203996888196, -0.006062841291285865, 0.9998778361089447];
tag.p=[853.3012922315405, 1047.622246552717;
  836.6514836661746, 1064.650159460661;
  862.3052353784882, 1070.818655127226;
  879.3176598150446, 1053.620532404634]';
tag.c=[857.7897758833336;
  1059.185702581678];
tag.uH=[-5.912555369218257, 8.052745761283981, 863.2704756703361;
  12.40080757657168, -3.204406704748113, 1076.717544724651;
  0.003082732350710179, -0.006193302494120707, 0.9998966691206084]';
tag.up=[858.5492029772549, 1064.320011987469;
  841.5866524559626, 1082.400927745808;
  868.2017611621786, 1089.414749837656;
  885.5427088616476, 1071.165899136147]';
