% AprilTagFinder log 108
% @ Wed Mar  7 16:05:48 2018

K=[1664.010615128407, 0, 667.9657771371558;
  0, 1668.819944196452, 457.9230104705811;
  0, 0, 1];
distCoeffs=[-0.2237256636237109;
  0.2343996528647796;
  0;
  0;
  0];
tags={};

tag.id=24;
tag.hammingDistance=0;
tag.familyName='Tag36h11';
tag.H=[45.06486020596972, 1.701194058290143, 302.7552714630462;
  -3.637937474232115, -55.61414279083697, 179.0108278865198;
  -0.02229796298087356, -0.00255552649671371, 0.9711102487545696];
tag.p=[257.0266440153425, 239.2284969877592;
  363.81190654824, 242.7946691321008;
  369.3726066425871, 126.5605201203067;
  261.786246512387, 128.2073757909917]';
tag.c=[311.7619980340276;
  184.3362564817927];
tag.uH=[47.9427913039598, 0.2674953772122872, 298.154092435347;
  -2.331444519380886, -57.68639693996023, 175.3290806483072;
  -0.01981677193539804, -0.00500386483890352, 0.9742128222826794]';
tag.up=[250.1114455206953, 235.5483510767693;
  360.4830773467404, 240.4401848596137;
  364.7498341897519, 121.4304182169144;
  253.276447611821, 121.2995590893967]';
tag.uc=[306.168, 180.04];
tags{1}=tag;

tag.id=25;
tag.hammingDistance=0;
tag.familyName='Tag36h11';
tag.H=[45.20571753223116, 2.405071293048319, 447.7639965206673;
  -5.891750037741222, -59.39574285938042, 179.946967358453;
  -0.03395968031068879, -0.0006169252365844222, 0.9704513955930714];
tag.p=[398.1513024924262, 244.0075898157285;
  523.4874821858194, 249.1183520096539;
  529.3173730234844, 122.5158276308739;
  403.4326659627613, 125.9650441803959]';
tag.c=[461.3976532508623;
  185.4260483066049];
tag.uH=[47.2503669013558, 0.3191008011581692, 447.6588809034785;
  -4.98106590963606, -61.52758366781541, 178.1778078101501;
  -0.03238006090939585, -0.004159432641178767, 0.9744785264692978]';
tag.up=[395.6200576545435, 242.0007578806031;
  522.7448438247509, 248.0450672688897;
  527.8795277939234, 119.0375069037839;
  399.7104867449455, 121.2941466967945]';
tag.uc=[459.489, 182.908];
tags{2}=tag;

