% AprilTagFinder log 92
% @ Wed Mar  7 16:05:46 2018

K=[1664.010615128407, 0, 667.9657771371558;
  0, 1668.819944196452, 457.9230104705811;
  0, 0, 1];
distCoeffs=[-0.2237256636237109;
  0.2343996528647796;
  0;
  0;
  0];
tags={};

tag.id=1;
tag.hammingDistance=0;
tag.familyName='Tag36h11';
tag.H=[35.85959573470538, 0.8583129797916091, 339.9113284174051;
  -4.454258777839603, -44.350088010889, 105.5296910321972;
  -0.01901174115162083, -0.0002030796722818177, 0.95803964035131];
tag.p=[310.2502283164798, 157.9261532716146;
  399.1697671882523, 154.8346717012088;
  401.1709419031898, 60.42164955973726;
  312.136536544189, 67.18941075717446]';
tag.c=[354.7988142669762;
  110.1516958040481];
tag.uH=[37.84034262861949, -0.9598828602929664, 335.3985204299494;
  -3.603502301241274, -46.314377381798, 100.0443005745177;
  -0.0176290554243199, -0.003473606801446366, 0.9599198992677995]';
tag.up=[304.2037337720437, 152.8552823900392;
  395.7125330110274, 150.9363721553526;
  396.4480859256607, 53.38500030523664;
  304.5459764094982, 58.8542697768371]';
tag.uc=[349.485, 104.251];
tags{1}=tag;

tag.id=0;
tag.hammingDistance=0;
tag.familyName='Tag36h11';
tag.H=[34.23581190450241, 0.1906291115063651, 236.5154896565682;
  -4.337920904001249, -42.61012814656387, 112.3414391606262;
  -0.01855263806909208, -0.003643190198075508, 0.9623191551206031];
tag.p=[205.2676211642405, 161.7948846883643;
  285.5793754056264, 158.9741431301494;
  288.1982851967002, 69.55831032182851;
  207.1882732901428, 75.79519438063232]';
tag.c=[245.7765580140892;
  116.7403127775701];
tag.uH=[36.64040705223663, -1.097057625779443, 227.4802222469725;
  -3.31721527432122, -44.47550408558367, 105.0094384486376;
  -0.01687673024334963, -0.005871743165833899, 0.9629971374531721]';
tag.up=[194.6491481514898, 154.9990319897014;
  278.6195779599533, 153.5329884398119;
  279.6724610130141, 60.83947781802539;
  194.8341335959136, 65.5497714126887]';
tag.uc=[236.304, 109.086];
tags{2}=tag;

tag.id=25;
tag.hammingDistance=0;
tag.familyName='Tag36h11';
tag.H=[35.3874471555135, 1.427589359977302, 347.2791775473457;
  -5.492689127526687, -45.24350951764296, 226.1236382493527;
  -0.02413469489623355, 0.001394714183897587, 0.9861065068464171];
tag.p=[307.7417078421201, 274.4320769401486;
  396.8854100617331, 276.7861728722558;
  398.6999793361913, 182.0568131093364;
  309.7154962759929, 184.2291430396075]';
tag.c=[352.1720779005399;
  229.3095488970044];
tag.uH=[37.47982538204712, 0.3204377093990071, 344.1772822269533;
  -4.484329710731599, -46.65981144079595, 223.8383487397617;
  -0.02210525685698713, -0.0004152595210696258, 0.9880950224666676]';
tag.up=[303.1180849339789, 272.0768959402563;
  394.5993893780878, 275.25864595547;
  395.5535956912078, 178.8333034817869;
  304.0489476696545, 179.9000477508996]';
tag.uc=[348.397, 226.577];
tags{3}=tag;

tag.id=24;
tag.hammingDistance=0;
tag.familyName='Tag36h11';
tag.H=[36.40527607691131, 1.03082603354525, 239.4397434032177;
  -2.858221433922034, -43.51167251149909, 225.8033097365511;
  -0.01309225539256453, -0.0003507560683198034, 0.9844767503796692];
tag.p=[202.4247329466526, 272.7405690212794;
  282.8076815656339, 274.2071572732626;
  285.135144554263, 184.7859745748107;
  204.6345355396786, 185.6663360442383]';
tag.c=[243.2152341950954;
  229.3637809622916];
tag.uH=[38.93156662862253, 0.1815299156145336, 232.2097395268418;
  -1.672125766522799, -44.96459142295706, 222.0598616879981;
  -0.01057194449685379, -0.001586106981020947, 0.9860354906009049]';
tag.up=[193.4171428445021, 269.1575390231592;
  277.3195320641782, 271.5893749139479;
  278.5709601987486, 180.1026454330384;
  194.4228426953229, 179.665873989312]';
tag.uc=[235.569, 225.249];
tags{4}=tag;

