% AprilTagFinder log 17
% @ Fri Mar 16 13:46:23 2018

K=[1664.010615128407, 0, 667.9657771371558;
  0, 1668.819944196452, 457.9230104705811;
  0, 0, 1];
distCoeffs=[-0.2237256636237109;
  0.2343996528647796;
  0;
  0;
  0];
tags={};

tag.id=1;
tag.hammingDistance=0;
tag.familyName='Tag36h11';
tag.H=[16.05347183223071, -15.08650850180928, 960.1160439815064;
  -6.537353402477519, -5.407657344088592, 273.2422133996417;
  0.01652722737455363, 0.001126206407508868, 0.999274654120291];
tag.p=[977.1071170615071, 290.5267512940923;
  976.9190773497417, 268.176841154521;
  945.0845332577852, 256.9475715751552;
  944.2026214994328, 278.8690541270914]';
tag.c=[960.8129657073533;
  273.4405523776542];
tag.uH=[15.75370986379679, -14.96932908905385, 963.0293475548472;
  -6.856916554292132, -5.235993903557981, 271.5280004283171;
  0.01606912517346697, 0.001580385894516733, 0.9994093347751226]';
tag.up=[980.1303093623552, 288.8897295937368;
  980.1272246753974, 266.2065315147603;
  947.6554142186126, 255.0830859781382;
  946.5768425926158, 277.3301077893933]';
tag.uc=[963.59, 271.691];
tags{1}=tag;

tag.id=2;
tag.hammingDistance=0;
tag.familyName='Tag36h11';
tag.H=[-14.71954661615617, -6.964563218428775, 502.8655940009677;
  7.079545098306458, 8.761334270806948, 331.0038983353849;
  0.002166446239518616, -0.01309541020112032, 0.999182526630932];
tag.p=[519.2988187153981, 312.0081514778098;
  488.0608724000489, 324.6329859560671;
  486.9008343027711, 350.9673942056434;
  518.9651898459859, 338.1224702226685]';
tag.c=[503.2770095535419;
  331.2747065858646];
tag.uH=[-14.90922404368248, -6.806251684899834, 502.3697522709036;
  7.01079432321785, 8.919995581590662, 330.6152466373559;
  0.002000760231685295, -0.01287495832017917, 0.99934086513603]';
tag.up=[518.7822727363609, 311.5011677169618;
  487.3388916518786, 324.0980765173097;
  486.2589009732507, 350.5882022218994;
  518.5283930815773, 337.7712736985069]';
tag.uc=[502.707, 330.837];
tags{2}=tag;

tag.id=16;
tag.hammingDistance=0;
tag.familyName='Tag36h11';
tag.H=[2.575372204662197, -14.54547322988343, 494.2447522836723;
  -8.522844881309224, 12.19369801540403, 446.5959314867048;
  0.01529614665877939, 0.003462218348862313, 0.9991450057299035];
tag.p=[516.3420555546936, 451.7861218776933;
  505.812317646251, 421.2544636199284;
  473.792174309245, 442.3472773201925;
  483.2559035961932, 473.3183745943437]';
tag.c=[494.6676903245016;
  446.9780951969569];
tag.uH=[2.472531590957685, -14.8848574732023, 493.9005812514541;
  -8.615453148069248, 12.01826574294688, 446.643168533053;
  0.01518506273086396, 0.003017079137404628, 0.9993126766610001]';
tag.up=[516.0608582636278, 451.7747405685559;
  505.4517146579258, 421.1729187203413;
  473.2000793567983, 442.299782125971;
  482.7457002710828, 473.3608994784587]';
tag.uc=[494.247, 446.952];
tags{3}=tag;

tag.id=0;
tag.hammingDistance=0;
tag.familyName='Tag36h11';
tag.H=[5.174489625600996, -30.3557817586684, 911.9045439290983;
  -21.54077230138984, -9.718869524003338, 639.5500329838385;
  0.002387050852277221, -0.009911590316934695, 0.9994770817298357];
tag.p=[930.5703350810952, 666.1455758269041;
  936.4079349509163, 620.4222101789697;
  893.9170111617937, 613.2252958083868;
  887.7566978135496, 659.8320111116967]';
tag.c=[912.3816449606107;
  639.8846403530766];
tag.uH=[5.690186877089678, -29.87853596895032, 913.8143306370027;
  -21.37479501640521, -9.307007768488894, 640.9655069369595;
  0.003065908346109804, -0.008950072638130468, 0.9995784220742078]';
tag.up=[932.9068458561453, 667.9982255728672;
  938.5083337178326, 621.6936688852776;
  895.2715837068537, 614.156329501616;
  889.313217239835, 661.2618940243875]';
tag.uc=[914.186, 641.228];
tags{4}=tag;

tag.id=6;
tag.hammingDistance=0;
tag.familyName='Tag36h11';
tag.H=[15.83819555757977, 32.49410376087489, 1043.96683859021;
  31.8207877664817, 17.51712812184897, 724.4631238654351;
  0.02033699735328168, 0.01915366963972848, 0.9994217352751691];
tag.p=[1037.193786272059, 703.305925065299;
  1026.689718437387, 738.3200533719411;
  1051.387138630678, 744.8183678088589;
  1062.49442894536, 711.4126834244936]';
tag.c=[1044.570877081012;
  724.8822977278656];
tag.uH=[15.56723951866265, 32.25678952873371, 1050.341698517524;
  31.98488744558035, 17.27469351338684, 728.9789542429332;
  0.01991199371907568, 0.01831457234076704, 0.9995505794249198]';
tag.up=[1042.851260831925, 707.0657904124538;
  1032.471498685831, 742.8393895458607;
  1058.190597364963, 749.9090615487848;
  1069.224410292918, 715.7367819733813]';
tag.uc=[1050.8, 729.301];
tags{5}=tag;

tag.id=3;
tag.hammingDistance=0;
tag.familyName='Tag36h11';
tag.H=[0.4141611203792026, -14.81749047797961, 559.5541081297371;
  -26.88047123810512, -2.492588543438795, 764.365797414195;
  -0.009123675962082039, 0.00799244831916375, 0.999404515342676];
tag.p=[573.6501084655415, 793.3138448679761;
  585.1497024280213, 753.320431609633;
  546.0937255250858, 736.2640538306266;
  535.4760496872537, 775.9347418667992]';
tag.c=[559.8875125532899;
  764.821236726261];
tag.uH=[1.211963444447623, -14.88330798180955, 558.706854523793;
  -26.5282656243301, -2.438404390874704, 767.0343774094345;
  -0.007996420034032125, 0.008166295516720075, 0.9995181563874139]';
tag.up=[572.7474506217715, 796.523737472899;
  584.5321908033889, 755.5230395221724;
  545.2015766043968, 738.301614191123;
  534.2350952420287, 778.9133733373717]';
tag.uc=[558.983, 767.391];
tags{6}=tag;

tag.id=11;
tag.hammingDistance=0;
tag.familyName='Tag36h11';
tag.H=[-5.615565841244184, 2.489936291729697, 470.24029429394;
  -2.324147505259578, 25.32794752409086, 871.1991226775805;
  0.01133334293424103, 0.0195467419432067, 0.9994868925797288];
tag.p=[488.7080289744899, 875.6858984615535;
  466.2031166557932, 850.9730494352339;
  453.3478604848237, 867.8489725119088;
  474.6905408479893, 891.9826908949713]';
tag.c=[470.4817019463105;
  871.6463708983409];
tag.uH=[-5.536779092248442, 1.822532631230066, 467.067444936141;
  -2.227063900182861, 25.21819616771601, 878.0305573604487;
  0.01178509648852392, 0.01878573440465908, 0.9995864978610849]';
tag.up=[485.8348036891957, 882.381993360302;
  463.1401405362625, 856.9399755267964;
  449.7886201125858, 874.6472168359811;
  471.3203271046629, 899.5515544932107]';
tag.uc=[467.265, 878.386];
tags{7}=tag;

tag.id=10;
tag.hammingDistance=0;
tag.familyName='Tag36h11';
tag.H=[6.570169768284681, 19.9100666564057, 588.3714617521437;
  31.31942560371705, 11.30791226909345, 951.0910300757597;
  0.0190338366989036, 0.0033417058110081, 0.9994990343366185];
tag.p=[575.0462761641442, 929.7327306138142;
  566.4268805342213, 956.571113575067;
  601.6899843758177, 972.4465119928425;
  611.6153043152807, 946.4047400737362]';
tag.c=[588.6663633873884;
  951.5677328362925];
tag.uH=[5.767239126284318, 19.99859866670065, 586.9091682072701;
  31.25440708411241, 11.31447720936891, 960.6698309880621;
  0.01800243847781782, 0.002960799401693674, 0.9996023079592397]';
tag.up=[573.3899273763568, 938.1430368449305;
  564.412960309385, 966.4612890006026;
  600.327400192806, 983.0247571673162;
  610.5676693093516, 955.4863064575131]';
tag.uc=[587.145, 961.038];
tags{8}=tag;

tag.id=4;
tag.hammingDistance=0;
tag.familyName='Tag36h11';
tag.H=[-14.49002889648853, -19.46289790050166, 718.0739628062476;
  -31.80228574877498, -0.9582690395742233, 1014.319738267695;
  -0.01861970965708111, -0.0006351441526581003, 0.9996102630922903];
tag.p=[738.1024996614444, 1027.692749202962;
  736.5809937402737, 1001.884653157688;
  697.829613150107, 1001.22789570537;
  700.7711456097092, 1027.092243008153]';
tag.c=[718.3539318462864;
  1014.715210235938];
tag.uH=[-13.84436764208706, -19.76629907758346, 719.3232647467295;
  -31.84768118525339, -0.8385043558582017, 1027.560377815415;
  -0.01758456027598475, -0.0004179072634246253, 0.9996933330803682]';
tag.up=[739.8407808947137, 1041.814025596798;
  738.1441932130782, 1014.277247616622;
  698.5004612911432, 1013.432458847145;
  701.5739732827469, 1041.0212074368]';
