% AprilTagFinder log 32
% @ Fri Mar 16 13:46:28 2018

K=[1664.010615128407, 0, 667.9657771371558;
  0, 1668.819944196452, 457.9230104705811;
  0, 0, 1];
distCoeffs=[-0.2237256636237109;
  0.2343996528647796;
  0;
  0;
  0];
tags={};

tag.id=1;
tag.hammingDistance=0;
tag.familyName='Tag36h11';
tag.H=[16.10896999252158, -17.85143192529764, 960.1500096156047;
  -6.511921387876111, -6.187098061220938, 273.252697500641;
  0.0165897270408229, -0.00175500510286976, 0.9992737008456963];
tag.p=[977.0971001327291, 290.4717540410761;
  976.8989822767782, 268.2025652505371;
  945.074043515065, 256.9288176666004;
  944.1964069257217, 278.8963620773711]';
tag.c=[960.8478726128981;
  273.451304952171];
tag.uH=[15.80971254665443, -17.74261921721952, 963.0652497456279;
  -6.831315876025744, -6.010399401465026, 271.5387040254862;
  0.01613214360515954, -0.001301170116777646, 0.9994096638693093]';
tag.up=[980.1204845475174, 288.8340373774272;
  980.1063934330723, 266.2328466756081;
  947.6448633418693, 255.0641318429437;
  946.5702914089434, 277.3578339893414]';
tag.uc=[963.625, 271.702];
tags{1}=tag;

tag.id=2;
tag.hammingDistance=0;
tag.familyName='Tag36h11';
tag.H=[-14.55518843183749, -6.425857879647139, 502.8637316424521;
  7.169393119991674, 9.122728008079735, 331.0255728520597;
  0.002485323656649134, -0.01202129562369516, 0.9991955504235366];
tag.p=[519.3104075031603, 312.0091369585682;
  488.0470969444426, 324.6241823277335;
  486.9176187659694, 350.9466300743742;
  518.9385663159592, 338.15644434387]';
tag.c=[503.268585843181;
  331.292080626005];
tag.uH=[-14.74530445182798, -6.267895287133297, 502.3665010893339;
  7.100214660235157, 9.281075671260529, 330.636086963773;
  0.002319082952431638, -0.01180033749454583, 0.9993511450771925]';
tag.up=[518.7939460396591, 311.50220005582;
  487.3249565121189, 324.0891602095176;
  486.2757689294838, 350.5673786482187;
  518.5016933830102, 337.8053489249551]';
tag.uc=[502.699, 330.854];
tags{2}=tag;

tag.id=16;
tag.hammingDistance=0;
tag.familyName='Tag36h11';
tag.H=[2.757940057486672, -14.05516920921418, 494.2194482502628;
  -8.338002879085485, 12.61002902990561, 446.6098610010263;
  0.01569527833487566, 0.004463948659454823, 0.9991356107954621];
tag.p=[516.3726988379328, 451.8370842948365;
  505.7890723134668, 421.2942962025805;
  473.780697394376, 442.3468759338807;
  483.2516146628094, 473.282586021311]';
tag.c=[494.6470157907692;
  446.9962397251138];
tag.uH=[2.654280880752388, -14.39543367024966, 493.8762802996134;
  -8.431129837517711, 12.434188057411, 446.6581665146339;
  0.01558311950608923, 0.004018083833279905, 0.9993055667003895]';
tag.up=[516.0916789780199, 451.8258023409338;
  505.4283573582131, 421.2128262711095;
  473.1884980928049, 442.2993739527499;
  482.7413922490795, 473.3250126528502]';
tag.uc=[494.226, 446.97];
tags{3}=tag;

tag.id=0;
tag.hammingDistance=0;
tag.familyName='Tag36h11';
tag.H=[5.242070050904154, -29.84481732637375, 911.8884237256394;
  -21.50976321052901, -9.345097389438671, 639.548328240635;
  0.002441931595976733, -0.00935734856662831, 0.9994822878764333];
tag.p=[930.5378643956687, 666.141412695755;
  936.4111252805523, 620.3847496559196;
  893.9303763387388, 613.2518477925773;
  887.7357709918265, 659.8402412229743]';
tag.c=[912.360763954205;
  639.8796016680415];
tag.uH=[5.756895816917887, -29.36744883374216, 913.7964771960151;
  -21.34444920111796, -8.93300504811431, 640.9626587488526;
  0.00311944107874205, -0.008397096546756785, 0.9995821336401637]';
tag.up=[932.8737026517624, 667.9937211974634;
  938.5113307968379, 621.6557831947096;
  895.28528294497, 614.1832152216764;
  889.2920405088458, 661.2700889727482]';
tag.uc=[914.165, 641.223];
tags{4}=tag;

tag.id=6;
tag.hammingDistance=0;
tag.familyName='Tag36h11';
tag.H=[19.10823013068151, 34.40917306430718, 1047.709350867791;
  33.62748754051621, 17.4273341775572, 727.634319547916;
  0.02251440048909441, 0.02076674570859982, 0.9993467789951216];
tag.p=[1039.878344715538, 707.6705558907976;
  1031.279740553995, 743.0212853202188;
  1056.20301111648, 746.8523741314376;
  1065.568591630717, 713.1463419688173]';
tag.c=[1048.394183970153;
  728.1099362521365];
tag.uH=[18.84762252723412, 34.24885399911447, 1054.295106575332;
  33.7988983554086, 17.21224059468365, 732.3083950628817;
  0.02204746529347196, 0.0199943136508034, 0.9994921869287676]';
tag.up=[1045.691990240617, 711.5745479211976;
  1037.296272835814, 747.742554379057;
  1063.230976619401, 752.0826442417422;
  1072.448211862781, 717.5624062698371]';
tag.uc=[1054.82, 732.674];
tags{5}=tag;

tag.id=3;
tag.hammingDistance=0;
tag.familyName='Tag36h11';
tag.H=[-0.03765303755727076, -14.87818177161705, 559.5470295209761;
  -27.5131705259817, -2.598374506714777, 764.3890683904443;
  -0.009941780283451223, 0.007874175136036927, 0.9993975354405287];
tag.p=[573.6224268304468, 793.3382613364886;
  585.1653799806672, 753.349785104287;
  546.0892911854507, 736.2433444085492;
  535.4888680510784, 775.9471059928468]';
tag.c=[559.8843399932251;
  764.8498633264151];
tag.uH=[0.7612330205222833, -14.94308042070985, 558.7007899483782;
  -27.1630379760236, -2.543890567113773, 767.0599518371121;
  -0.008814127566935559, 0.008049355249836517, 0.9995133172696391]';
tag.up=[572.7193467440861, 796.5489469092813;
  584.547890205911, 755.552951016411;
  545.1972090295673, 738.2805265736467;
  534.2479881961035, 778.9259624309432]';
tag.uc=[558.979, 767.42];
tags{6}=tag;

tag.id=11;
tag.hammingDistance=0;
tag.familyName='Tag36h11';
tag.H=[-5.353433833617866, 2.779014890896098, 470.2247321479631;
  -1.835512682618286, 25.87473586681473, 871.1817908375189;
  0.01188886857366741, 0.02018773165756189, 0.9994676164646464];
tag.p=[488.7363466859045, 875.698195908116;
  466.209494445129, 850.9868167364137;
  453.3497504383915, 867.8455072814858;
  474.6706608923641, 891.9646144507974]';
tag.c=[470.4752054011107;
  871.6458407317839];
tag.uH=[-5.277003865359953, 2.109658861894572, 467.0537053683146;
  -1.735477809664787, 25.76950012160408, 878.016711133221;
  0.0123395814218733, 0.01942730445780887, 0.9995712638569407]';
tag.up=[485.8635744317211, 882.394489916246;
  463.1464914313643, 856.954192855411;
  449.790599265575, 874.6435836308174;
  471.3002132238673, 899.532909711362]';
tag.uc=[467.258, 878.386];
tags{7}=tag;

tag.id=10;
tag.hammingDistance=0;
tag.familyName='Tag36h11';
tag.H=[6.233146672374096, 18.09561773821864, 588.3151652966943;
  30.7724488555518, 8.396844460206125, 951.0780201726606;
  0.01846866412491681, 0.0002501858874003122, 0.9995149471492903];
tag.p=[575.029205899601, 929.7638209601785;
  566.4083342961436, 956.491749495236;
  601.6731436484152, 972.5146781110556;
  611.6170345829498, 946.4035031199245]';
tag.c=[588.6006677285055;
  951.5395671522707];
tag.uH=[5.431290468948662, 18.1870412942745, 586.8489639257186;
  30.701895708774, 8.372979800494363, 960.6513892848322;
  0.01743764552799484, -0.0001335293697110351, 0.9996136098787544]';
tag.up=[573.3723320782913, 938.1758021244879;
  564.3945958062816, 966.3776527981348;
  600.3098707916561, 983.096982899533;
  610.5694374887879, 955.4849967160233]';
tag.uc=[587.078, 961.009];
tags{8}=tag;

tag.id=4;
tag.hammingDistance=0;
tag.familyName='Tag36h11';
tag.H=[-13.36265362268123, -20.07586876473384, 718.1180710832679;
  -30.20278047317661, -1.807409386955308, 1014.322840616746;
  -0.01703915991913677, -0.001462298991032752, 0.9996372115609867];
tag.p=[738.1672214875119, 1027.692062803856;
  736.571985406339, 1001.897362185603;
  697.8438476490091, 1001.19952626598;
  700.7436906356121, 1027.091960168009]';
tag.c=[718.378690567039;
  1014.690958765757];
tag.uH=[-12.71479049591787, -20.37947808631271, 719.3631762938824;
  -30.22687283036698, -1.697688351938969, 1027.555593893008;
  -0.01600328647480338, -0.001243523553950749, 0.9997137219643745]';
tag.up=[739.9071469139187, 1041.813647772775;
  738.1350399627438, 1014.290724396782;
  698.51495278892, 1013.402310980559;
  701.5458416191195, 1041.02083434126]';
tag.uc=[719.569, 1027.84];
