% AprilTagFinder log 37
% @ Wed Mar  7 16:07:36 2018

K=[1664.010615128407, 0, 667.9657771371558;
  0, 1668.819944196452, 457.9230104705811;
  0, 0, 1];
distCoeffs=[-0.2237256636237109;
  0.2343996528647796;
  0;
  0;
  0];
tags={};

tag.id=28;
tag.hammingDistance=0;
tag.familyName='Tag16h5';
tag.H=[5.872402249083288, 4.73110085259404, 409.9848074280735;
  1.630425165766796, -16.84762343420813, 22.66604336487567;
  -0.02768794761517495, 0.007327827063300553, 0.9045735197980229];
tag.p=[431.7945492557853, 40.95779413859999;
  472.7990879640092, 47.31611235225563;
  475.6638056925297, 8.424261725489558;
  435.1300173757036, 4.457261049610123]';
tag.c=[453.235473352809;
  25.05715994199857];
tag.uH=[6.354164357881557, 3.450667383535229, 387.6454855207597;
  2.107601032519835, -16.87252740097181, 14.89225769918669;
  -0.02599109238879363, 0.005103851870832475, 0.8626695133053491]';
tag.up=[427.6075701155412, 33.56559535701803;
  469.6699513998989, 40.73279086526713;
  472.1244613730859, 0.1511752302417335;
  430.4929413011035, -4.573805224079535]';
tag.uc=[449.369, 17.2633];
tags{1}=tag;

