% AprilTagFinder log 77
% @ Wed Mar  7 16:05:44 2018

K=[1664.010615128407, 0, 667.9657771371558;
  0, 1668.819944196452, 457.9230104705811;
  0, 0, 1];
distCoeffs=[-0.2237256636237109;
  0.2343996528647796;
  0;
  0;
  0];
tags={};

tag.id=1;
tag.hammingDistance=0;
tag.familyName='Tag36h11';
tag.H=[23.16123832968525, 0.60018303591134, 341.035948910682;
  -3.33419957923787, -28.36259510568152, 177.2574572312484;
  -0.01215547467683545, 0.0008518881134798197, 0.9920250445481696];
tag.p=[316.2219413529511, 208.2610277797817;
  371.3896193903332, 206.6212454860692;
  371.9683782853738, 148.4220227478523;
  316.880223255974, 151.4668189734656]';
tag.c=[343.7775596341029;
  178.6824417441825];
tag.uH=[24.44129267768476, -0.2825764610899955, 336.7325743888997;
  -2.746127023575213, -29.39250009640137, 173.4475563052609;
  -0.01101719692783699, -0.0006285191437691446, 0.9929881000818774]';
tag.up=[311.1094667476865, 204.6322774889314;
  367.8655671294343, 203.6351640701195;
  367.7294957822031, 143.9897597392545;
  310.9666956166245, 146.3050083018671]';
tag.uc=[339.141, 174.688];
tags{1}=tag;

tag.id=0;
tag.hammingDistance=0;
tag.familyName='Tag36h11';
tag.H=[22.98306677284194, -1.163925436606556, 272.460513587093;
  -2.832530069611969, -28.91839200996296, 180.15862201029;
  -0.009896901081697463, -0.00656176093791888, 0.9919408125999789];
tag.p=[248.5536521579492, 210.1444411896435;
  300.0261014683612, 208.6215866415419;
  301.6761042200996, 152.1377913910777;
  249.4921340087626, 154.804061773214]';
tag.c=[274.6741641499214;
  181.6223505695625];
tag.uH=[24.45000873524923, -1.83775704592218, 265.6747431267993;
  -2.176029652437609, -29.90861605340167, 175.3856972932167;
  -0.008597857440204366, -0.007708661808201713, 0.9927509880859033]';
tag.up=[240.8624944369521, 205.6006906809591;
  294.3614607691949, 204.7834493457606;
  295.2227541559939, 146.7504184754451;
  240.9225793620887, 148.5967547230362]';
tag.uc=[267.645, 176.684];
tags{2}=tag;

tag.id=25;
tag.hammingDistance=0;
tag.familyName='Tag36h11';
tag.H=[22.08581071260457, 2.999959820936938, 340.8332029797484;
  -4.180019050145324, -26.95265885972035, 251.1768814799617;
  -0.0159973196129629, 0.00718839024827192, 0.9950015906680985];
tag.p=[314.5488377984851, 281.2378967502809;
  370.3572466551876, 281.8944685922258;
  371.0420771430918, 223.1249655409859;
  316.0001621713523, 224.3243866346047]';
tag.c=[342.5453850288765;
  252.4386733003188];
tag.uH=[23.40472060612142, 2.366975735856847, 337.2869992721882;
  -3.517945123528489, -27.7529409613917, 248.9673413550742;
  -0.01461886447114478, 0.006218192032133744, 0.9957643085538419]';
tag.up=[310.2090574824485, 279.0682933914411;
  367.5402621870357, 280.2282876275212;
  367.6907452866597, 220.4748363400624;
  311.0850911867842, 221.0622673558144]';
tag.uc=[338.75, 250.042];
tags{3}=tag;

tag.id=24;
tag.hammingDistance=0;
tag.familyName='Tag36h11';
tag.H=[23.58856141249166, 0.09868857463803909, 271.6534808796736;
  -2.335018111301465, -28.41048894820832, 251.8659391052954;
  -0.008257718212667232, -0.001764185828803586, 0.9946916688380592];
tag.p=[246.8029074016264, 281.2855860549737;
  298.6681950003936, 281.260811662222;
  299.9388642016588, 224.5630362088596;
  247.8698324135656, 225.523177922343]';
tag.c=[273.1032031232385;
  253.2100619677558];
tag.uH=[25.07968085489937, -0.4095669606884255, 265.7431332961248;
  -1.606497266077214, -29.21825160769808, 248.87374187405;
  -0.006673173132474415, -0.002536699584602424, 0.9953530080193307]';
tag.up=[239.9663202514832, 278.4182935352119;
  293.8109614556113, 278.9372395630438;
  294.4820877007322, 221.102981579563;
  240.3745026627744, 221.3767123330981]';
tag.uc=[267.012, 250.052];
tags{4}=tag;

